0 0.351977 0.483287 0.005391 0.009685
0 0.475878 0.729537 0.007234 0.015556
0 0.851354 0.673579 0.012052 0.013361
0 0.787333 0.674495 0.008427 0.010139
0 0.833411 0.519028 0.012635 0.010370
0 0.786375 0.567819 0.018583 0.029528
0 0.701596 0.552162 0.009526 0.012528
0 0.756271 0.514630 0.007573 0.012667
0 0.740031 0.514759 0.009000 0.010537
0 0.737146 0.506824 0.013729 0.010667
0 0.609404 0.482787 0.008849 0.011870
0 0.640906 0.485056 0.007198 0.018796
0 0.654518 0.506255 0.005328 0.008398
0 0.688117 0.500986 0.008026 0.009602
0 0.690292 0.517051 0.005177 0.008935
0 0.664044 0.524588 0.004724 0.007472
0 0.658867 0.521319 0.006078 0.009731
0 0.651555 0.550190 0.006297 0.010935
0 0.612031 0.562653 0.007198 0.014528
0 0.568719 0.525653 0.011323 0.010935
0 0.539161 0.478222 0.005573 0.007685
0 0.518823 0.498917 0.005833 0.010926
0 0.508771 0.478972 0.009167 0.009722
0 0.505021 0.470773 0.005937 0.006287
0 0.501297 0.479102 0.005365 0.006111
0 0.494891 0.477949 0.008385 0.008991
0 0.461318 0.476407 0.005979 0.005796
0 0.452164 0.475171 0.004964 0.008065
0 0.447760 0.471472 0.005656 0.005981
0 0.423740 0.464546 0.009604 0.011296
0 0.416055 0.470333 0.005339 0.010722
0 0.403646 0.465921 0.005708 0.008157
0 0.397000 0.471519 0.004802 0.010815
0 0.371326 0.466352 0.008328 0.009204
