0 0.180490 0.665282 0.015219 0.012972
0 0.299992 0.484764 0.009130 0.008120
0 0.377831 0.473898 0.006432 0.012426
0 0.395487 0.479449 0.009880 0.009935
0 0.421438 0.485329 0.006802 0.010435
0 0.434948 0.470671 0.005125 0.009935
0 0.432479 0.485245 0.008385 0.009935
0 0.432711 0.515310 0.005682 0.010435
0 0.456690 0.588042 0.006016 0.010231
0 0.463807 0.504639 0.007958 0.011389
0 0.483122 0.481634 0.006339 0.010694
0 0.492471 0.505273 0.008734 0.011509
0 0.490724 0.475597 0.005500 0.008509
0 0.496872 0.480315 0.007964 0.011500
0 0.509849 0.491412 0.007385 0.009083
0 0.509453 0.557639 0.008125 0.008704
0 0.520911 0.562917 0.006250 0.008333
0 0.561245 0.491694 0.004948 0.008981
0 0.580698 0.497898 0.006354 0.009352
0 0.581036 0.491833 0.004635 0.005741
0 0.595854 0.492528 0.007187 0.007500
0 0.603771 0.498130 0.005625 0.006667
0 0.621120 0.566546 0.007448 0.014444
0 0.630703 0.567981 0.005990 0.008056
0 0.341495 0.948560 0.013865 0.039750
0 0.682776 0.563111 0.007240 0.008519
0 0.693661 0.560889 0.009531 0.008704
0 0.682203 0.507000 0.012448 0.012037
0 0.878620 0.509370 0.009073 0.010222
0 0.974461 0.529829 0.015839 0.009435
