0 0.670542 0.562176 0.005063 0.016963
0 0.691677 0.554491 0.007750 0.009796
0 0.649661 0.525509 0.006854 0.006037
0 0.639609 0.525398 0.006469 0.011037
0 0.643482 0.510940 0.007818 0.008991
0 0.627727 0.514412 0.012807 0.009787
0 0.615331 0.517315 0.007495 0.010593
0 0.488789 0.537769 0.007422 0.010537
0 0.522719 0.486574 0.006979 0.011500
0 0.536104 0.487653 0.009031 0.015028
0 0.539305 0.478597 0.007109 0.011046
0 0.542701 0.502343 0.010953 0.008648
0 0.562812 0.468352 0.009417 0.010130
0 0.563068 0.489361 0.005573 0.013204
0 0.753646 0.521694 0.009219 0.012981
0 0.756430 0.538440 0.010568 0.011157
0 0.987599 0.540384 0.009990 0.017491
0 0.559862 0.614324 0.007943 0.018222
0 0.469518 0.625199 0.009672 0.010361
0 0.426672 0.590472 0.010698 0.010815
0 0.274029 0.686051 0.012547 0.016731
0 0.743432 0.506949 0.015948 0.008769
0 0.574982 0.489931 0.005953 0.010472
0 0.013294 0.674898 0.020568 0.015574
0 0.137034 0.692495 0.008964 0.014954
0 0.189107 0.569032 0.014609 0.015935
0 0.272445 0.475176 0.006422 0.012000
0 0.334146 0.459435 0.005646 0.010037
0 0.346820 0.463176 0.006859 0.012389
0 0.373880 0.457569 0.005865 0.011806
0 0.379747 0.464556 0.006089 0.010037
0 0.388932 0.474685 0.006969 0.012204
0 0.438237 0.473310 0.007526 0.011806
0 0.452227 0.466843 0.004536 0.015944
0 0.598201 0.495681 0.007432 0.011046
0 0.457404 0.473389 0.006349 0.010241
0 0.467943 0.476944 0.007365 0.011481
0 0.503737 0.484157 0.007307 0.013185
0 0.496266 0.506787 0.009448 0.009111
