0 0.672596 0.511889 0.010401 0.009444
0 0.459742 0.554745 0.010974 0.011972
0 0.543714 0.675102 0.015604 0.016333
0 0.626721 0.588926 0.006089 0.019870
0 0.711112 0.556361 0.010182 0.018889
0 0.684661 0.512384 0.009740 0.010435
0 0.671599 0.520056 0.009740 0.008852
0 0.630979 0.533144 0.007969 0.009046
0 0.619526 0.533750 0.006667 0.007778
0 0.622208 0.503389 0.005573 0.007037
0 0.618953 0.495606 0.005625 0.007602
0 0.630411 0.497782 0.005833 0.010843
0 0.610646 0.492500 0.004219 0.010463
0 0.597781 0.492829 0.004115 0.009991
0 0.589969 0.486806 0.010990 0.008333
0 0.582391 0.472042 0.009687 0.008046
0 0.574630 0.489310 0.006667 0.012028
0 0.564005 0.489028 0.005833 0.011296
0 0.551922 0.491440 0.006146 0.009454
0 0.537286 0.507412 0.011563 0.009528
0 0.485938 0.506250 0.012188 0.010556
0 0.494437 0.491194 0.009938 0.008444
0 0.511125 0.481028 0.006313 0.012333
0 0.469187 0.486250 0.012062 0.008778
0 0.452406 0.476250 0.007000 0.010556
0 0.469750 0.459417 0.005437 0.015778
0 0.418969 0.474361 0.007250 0.014111
0 0.398313 0.451528 0.006062 0.012000
0 0.374813 0.451972 0.006062 0.011333
0 0.303813 0.469472 0.004687 0.013444
0 0.356995 0.454949 0.002812 0.005194
0 0.390828 0.453602 0.002969 0.005093
0 0.790305 0.517102 0.007932 0.008204
0 0.890870 0.542843 0.007812 0.009111
0 0.943422 0.536639 0.007240 0.015370
0 0.971766 0.528833 0.006792 0.008426
0 0.079505 0.603806 0.012448 0.014593
0 0.163664 0.653162 0.010516 0.019843
0 0.273458 0.638912 0.015115 0.015602
0 0.296385 0.685653 0.013990 0.012583
0 0.457576 0.644273 0.008484 0.011972
