0 0.643260 0.513472 0.008188 0.013111
0 0.912724 0.508704 0.009719 0.007833
0 0.820964 0.545880 0.007031 0.012000
0 0.794677 0.515398 0.008281 0.008963
0 0.707911 0.562102 0.008531 0.010944
0 0.639596 0.563597 0.008026 0.014139
0 0.669979 0.517583 0.004625 0.005556
0 0.662823 0.517750 0.006187 0.008333
0 0.045112 0.674222 0.017474 0.016130
0 0.143810 0.586153 0.008474 0.015731
0 0.362417 0.675944 0.015208 0.020796
0 0.350625 0.611625 0.012510 0.013120
0 0.284685 0.476269 0.008036 0.012667
0 0.339698 0.458870 0.004021 0.010593
0 0.356612 0.462440 0.005182 0.011287
0 0.377646 0.459694 0.005125 0.010667
0 0.388365 0.464250 0.005562 0.011111
0 0.404646 0.474250 0.006250 0.011778
0 0.445049 0.473116 0.008474 0.010528
0 0.466609 0.467116 0.005552 0.013472
0 0.468148 0.478713 0.010578 0.007333
0 0.478836 0.470718 0.005401 0.009194
0 0.484234 0.472917 0.004802 0.009074
0 0.479135 0.481380 0.007052 0.011333
0 0.471182 0.543847 0.010167 0.010083
0 0.511437 0.512727 0.006083 0.010880
0 0.532115 0.505750 0.010625 0.008241
0 0.534250 0.482324 0.004271 0.011759
0 0.541828 0.477370 0.009010 0.008333
0 0.540109 0.485796 0.004010 0.010370
0 0.543573 0.484037 0.003438 0.008333
0 0.569276 0.491213 0.004844 0.012500
0 0.583000 0.466213 0.007292 0.010648
0 0.581776 0.492648 0.005677 0.015926
0 0.603354 0.498139 0.007500 0.013333
0 0.626948 0.520139 0.006562 0.007556
