0 0.494052 0.497579 0.004813 0.011231
0 0.062271 0.654398 0.010313 0.010000
0 0.282302 0.620472 0.007687 0.012667
0 0.537070 0.575417 0.013953 0.020667
0 0.602208 0.553755 0.010427 0.015731
0 0.403927 0.524468 0.006187 0.014120
0 0.353865 0.474630 0.005937 0.010889
0 0.399646 0.465856 0.006500 0.008009
0 0.434396 0.467074 0.004750 0.010889
0 0.438146 0.465185 0.004375 0.008667
0 0.445802 0.459806 0.004063 0.010111
0 0.457177 0.471690 0.006438 0.009009
0 0.471740 0.511301 0.005313 0.009102
0 0.476865 0.465801 0.004437 0.010546
0 0.496615 0.466190 0.005938 0.013565
0 0.503740 0.463574 0.007063 0.009444
0 0.526208 0.499856 0.005500 0.009991
0 0.526677 0.464352 0.003937 0.006556
0 0.544865 0.459528 0.005937 0.013111
0 0.538365 0.523907 0.011812 0.008333
0 0.542677 0.514796 0.008063 0.008333
0 0.546396 0.508579 0.006750 0.009213
0 0.591891 0.513204 0.008188 0.008889
0 0.596609 0.493981 0.005875 0.014000
0 0.611641 0.512148 0.005313 0.009889
0 0.618078 0.502426 0.007687 0.011778
0 0.658081 0.525926 0.017318 0.009444
0 0.655331 0.510648 0.015193 0.009556
0 0.668422 0.514593 0.007125 0.012556
0 0.674703 0.500148 0.004938 0.014778
0 0.757203 0.519583 0.005313 0.013241
0 0.818016 0.514907 0.012437 0.010444
0 0.833299 0.603134 0.009505 0.010213
