0 0.389010 0.613685 0.014906 0.027167
0 0.380065 0.520264 0.005589 0.013583
0 0.336367 0.474713 0.007266 0.015241
0 0.392099 0.463556 0.006927 0.007778
0 0.418323 0.469435 0.006458 0.013426
0 0.430406 0.463417 0.005417 0.010093
0 0.450484 0.460546 0.005156 0.010093
0 0.467854 0.494435 0.008750 0.008981
0 0.470380 0.468926 0.004531 0.010741
0 0.483167 0.469852 0.005625 0.010556
0 0.495667 0.469667 0.006667 0.010000
0 0.497854 0.497398 0.005521 0.006204
0 0.518685 0.465102 0.004630 0.008704
0 0.521917 0.492000 0.004740 0.010093
0 0.523844 0.478389 0.013281 0.008426
0 0.535479 0.466583 0.005625 0.012222
0 0.539440 0.489731 0.006880 0.006852
0 0.540716 0.527093 0.008484 0.007870
0 0.555505 0.503574 0.004948 0.008056
0 0.562409 0.505843 0.008964 0.007963
0 0.579953 0.554259 0.007656 0.007778
0 0.580500 0.574120 0.004062 0.007685
0 0.623349 0.531417 0.008500 0.008889
0 0.621443 0.509972 0.008313 0.007333
0 0.608318 0.500250 0.003813 0.010111
0 0.614724 0.496806 0.008375 0.008333
0 0.648630 0.500528 0.005937 0.010889
0 0.645818 0.513361 0.010562 0.008556
0 0.658755 0.505361 0.004813 0.010778
0 0.673474 0.553917 0.010125 0.008111
0 0.677536 0.562917 0.005875 0.007222
0 0.630094 0.632046 0.009750 0.009741
0 0.727443 0.609981 0.007052 0.008796
0 0.783456 0.699806 0.006047 0.007870
0 0.817490 0.522088 0.011990 0.009028
