0 0.537729 0.461130 0.007125 0.013463
0 0.544180 0.458528 0.006526 0.011463
0 0.117565 0.657458 0.011422 0.019898
0 0.974214 0.514931 0.013885 0.017120
0 0.981604 0.510949 0.009406 0.015528
0 0.725703 0.492843 0.005958 0.011519
0 0.719482 0.497565 0.006224 0.013593
0 0.701727 0.492722 0.005964 0.013130
0 0.706263 0.536731 0.006484 0.015444
0 0.681727 0.540514 0.006016 0.015454
0 0.616089 0.563028 0.010260 0.011037
0 0.628234 0.565213 0.008823 0.009907
0 0.638680 0.606907 0.008359 0.010741
0 0.673742 0.673778 0.015328 0.018981
0 0.450143 0.632912 0.007432 0.013213
0 0.824005 0.499981 0.005573 0.011519
0 0.831909 0.504130 0.006870 0.009685
0 0.833724 0.537190 0.010500 0.010824
0 0.666760 0.499296 0.007156 0.009407
0 0.667852 0.485611 0.007464 0.013000
0 0.644599 0.488241 0.008552 0.008296
0 0.589313 0.506208 0.008083 0.012157
0 0.606188 0.464185 0.006375 0.010500
0 0.632859 0.481046 0.009021 0.011056
0 0.625937 0.479111 0.007312 0.011611
0 0.622052 0.482704 0.006687 0.007741
0 0.612331 0.480079 0.005911 0.009676
0 0.614273 0.469852 0.007620 0.010778
0 0.597401 0.478005 0.006531 0.010509
0 0.591023 0.496671 0.008714 0.008565
0 0.587370 0.477870 0.006688 0.013000
0 0.573914 0.487546 0.007776 0.011889
0 0.576721 0.470546 0.006859 0.011611
0 0.570497 0.474139 0.008078 0.011056
0 0.567305 0.460315 0.007620 0.012722
0 0.558909 0.467222 0.008245 0.011611
0 0.536245 0.499884 0.011823 0.012898
0 0.527242 0.471699 0.007255 0.013861
0 0.525393 0.460060 0.006297 0.011602
0 0.531281 0.458324 0.005323 0.010000
