0 0.645667 0.512889 0.005323 0.011870
0 0.016518 0.672764 0.016380 0.014954
0 0.169581 0.574185 0.011953 0.011019
0 0.178823 0.697949 0.012948 0.013769
0 0.276070 0.469296 0.006276 0.013093
0 0.340609 0.455778 0.008469 0.010000
0 0.352255 0.459815 0.005729 0.011019
0 0.377984 0.454259 0.005208 0.010648
0 0.382802 0.461065 0.004635 0.010556
0 0.389807 0.470463 0.006771 0.013056
0 0.434937 0.470093 0.006615 0.010093
0 0.453661 0.465093 0.005208 0.014167
0 0.461161 0.469259 0.006146 0.011759
0 0.466760 0.472454 0.005156 0.007963
0 0.458818 0.483519 0.011042 0.009537
0 0.482974 0.534333 0.008698 0.012000
0 0.496737 0.487532 0.009828 0.009602
0 0.505326 0.514667 0.007797 0.010000
0 0.524714 0.489199 0.005177 0.011602
0 0.537427 0.482463 0.006000 0.011204
0 0.532438 0.492130 0.007573 0.011074
0 0.539076 0.489796 0.006151 0.009593
0 0.563901 0.465931 0.006448 0.008528
0 0.565289 0.494597 0.005026 0.011472
0 0.577625 0.494463 0.004646 0.012000
0 0.535323 0.507861 0.010500 0.010796
0 0.606104 0.500620 0.006750 0.011870
0 0.623391 0.517889 0.011177 0.010667
0 0.652979 0.515620 0.009448 0.007204
0 0.662503 0.515759 0.008099 0.009333
0 0.651141 0.560356 0.009073 0.012935
0 0.694107 0.557222 0.012526 0.011593
0 0.767906 0.511287 0.007875 0.017870
0 0.781107 0.538755 0.012526 0.010139
0 0.834724 0.504620 0.013927 0.008833
0 0.982706 0.534838 0.009068 0.020731
0 0.580008 0.618060 0.019130 0.018250
0 0.459091 0.639625 0.009953 0.014380
0 0.368888 0.598986 0.012755 0.013824
0 0.335062 0.685523 0.015083 0.013824
