0 0.562547 0.466852 0.004687 0.013333
0 0.523854 0.476833 0.004625 0.013889
0 0.499260 0.486551 0.006688 0.010880
0 0.496948 0.477718 0.007812 0.011676
0 0.476792 0.497333 0.012250 0.018000
0 0.477198 0.478278 0.009438 0.008111
0 0.483198 0.459273 0.005688 0.011435
0 0.448823 0.469556 0.007312 0.013111
0 0.073961 0.660824 0.013547 0.016296
0 0.146745 0.641347 0.012219 0.014639
0 0.335203 0.470639 0.006375 0.016056
0 0.357648 0.455292 0.006109 0.011806
0 0.392443 0.453282 0.006375 0.010157
0 0.398161 0.459093 0.005521 0.010370
0 0.404307 0.458259 0.006354 0.009630
0 0.429115 0.652153 0.009000 0.012157
0 0.488966 0.655593 0.004859 0.008481
0 0.455891 0.602551 0.008729 0.012806
0 0.583844 0.619032 0.009365 0.012324
0 0.627271 0.564792 0.017010 0.011361
0 0.614802 0.542875 0.009719 0.008157
0 0.555945 0.561190 0.010620 0.011843
0 0.949885 0.540157 0.010906 0.009407
0 0.879576 0.523745 0.011339 0.010750
0 0.788719 0.494037 0.010979 0.012000
0 0.745878 0.504681 0.013141 0.012472
0 0.699935 0.499000 0.008911 0.009759
0 0.682203 0.502120 0.006750 0.013444
0 0.663529 0.505644 0.005401 0.008639
0 0.663305 0.518676 0.009807 0.012000
0 0.635628 0.498759 0.004859 0.006722
0 0.626484 0.484685 0.005563 0.013667
0 0.613734 0.484296 0.006563 0.011556
0 0.590609 0.492407 0.009063 0.007111
0 0.559953 0.492074 0.009750 0.007556
0 0.547891 0.502019 0.007875 0.007889
0 0.571047 0.478185 0.009438 0.013556
