0 0.424758 0.730074 0.008370 0.015352
0 0.537581 0.656523 0.015141 0.010861
0 0.444547 0.498569 0.012885 0.008028
0 0.762086 0.680704 0.012349 0.014167
0 0.781477 0.676218 0.015276 0.012750
0 0.764078 0.587681 0.008896 0.008972
0 0.867141 0.579532 0.011021 0.010157
0 0.977109 0.513560 0.010625 0.009213
0 0.339411 0.476495 0.014729 0.009250
0 0.385070 0.432718 0.005089 0.010620
0 0.409302 0.453181 0.008646 0.011806
0 0.420419 0.442949 0.008964 0.012991
0 0.443383 0.441181 0.008411 0.011417
0 0.465531 0.436259 0.008187 0.011019
0 0.468742 0.458102 0.005536 0.010630
0 0.471503 0.472458 0.009068 0.008657
0 0.523646 0.470653 0.007625 0.007861
0 0.529443 0.466384 0.004615 0.008194
0 0.548529 0.471676 0.004484 0.006944
0 0.507859 0.502537 0.006792 0.009222
0 0.547536 0.527870 0.009802 0.010481
0 0.556023 0.509880 0.008068 0.007741
0 0.566911 0.506519 0.003844 0.007407
0 0.572164 0.474356 0.014474 0.007972
0 0.631471 0.470343 0.005922 0.010241
0 0.634034 0.479593 0.005922 0.006926
0 0.635128 0.489940 0.005974 0.007120
0 0.652500 0.488606 0.005073 0.007880
0 0.649966 0.500847 0.007370 0.008065
0 0.675206 0.517625 0.009984 0.009676
0 0.666828 0.538407 0.006885 0.008352
0 0.709659 0.499644 0.006516 0.009009
0 0.746089 0.483843 0.005604 0.008537
