0 0.433167 0.468315 0.005000 0.009907
0 0.083276 0.663537 0.008542 0.012426
0 0.294180 0.628273 0.011484 0.011324
0 0.358836 0.479616 0.006255 0.008343
0 0.379810 0.507991 0.002589 0.005463
0 0.676708 0.527963 0.007562 0.013444
0 0.661333 0.484796 0.004687 0.006222
0 0.623271 0.486963 0.010062 0.010333
0 0.581591 0.586181 0.013724 0.015861
0 0.575536 0.494213 0.006250 0.014167
0 0.398469 0.468255 0.005927 0.008435
0 0.547568 0.497963 0.013854 0.014815
0 0.553760 0.473194 0.005729 0.014537
0 0.814266 0.573648 0.012187 0.025222
0 0.788516 0.514648 0.008563 0.008333
0 0.742203 0.517259 0.007687 0.009333
0 0.823734 0.509426 0.007000 0.009222
0 0.533109 0.470417 0.006510 0.008981
0 0.666333 0.567852 0.012687 0.009444
0 0.684427 0.561074 0.006250 0.009444
0 0.711797 0.557648 0.007500 0.007667
0 0.668771 0.490796 0.006812 0.014889
0 0.514206 0.480046 0.007453 0.005463
0 0.512745 0.474630 0.005365 0.009259
0 0.480094 0.474843 0.005208 0.010926
0 0.464339 0.480769 0.007448 0.010926
0 0.440099 0.473255 0.005323 0.013491
0 0.438193 0.462755 0.004323 0.008602
