0 0.490992 0.458125 0.011714 0.008361
0 0.414854 0.455907 0.006083 0.010167
0 0.421495 0.456157 0.004427 0.010000
0 0.425232 0.456731 0.003964 0.008852
0 0.376255 0.456481 0.004521 0.008685
0 0.359102 0.469111 0.007286 0.013611
0 0.120266 0.643495 0.007750 0.022009
0 0.074721 0.699185 0.013391 0.015741
0 0.502401 0.631241 0.017667 0.011093
0 0.513357 0.678343 0.015672 0.011333
0 0.546227 0.667722 0.011557 0.013222
0 0.543747 0.469926 0.004703 0.009019
0 0.943750 0.505833 0.008021 0.012296
0 0.728255 0.509199 0.006271 0.010824
0 0.732128 0.521495 0.008120 0.007213
0 0.752281 0.522315 0.010052 0.007870
0 0.665859 0.490421 0.008208 0.014269
0 0.623294 0.473949 0.008672 0.009509
0 0.590922 0.502310 0.006458 0.009509
0 0.586357 0.484606 0.007286 0.009509
0 0.431086 0.487639 0.012172 0.010333
0 0.575057 0.469273 0.006271 0.013602
0 0.575612 0.460829 0.006276 0.010824
0 0.560117 0.471977 0.008672 0.009176
0 0.564315 0.483944 0.005995 0.012463
0 0.570354 0.532074 0.012177 0.007704
0 0.581284 0.561338 0.014297 0.019676
0 0.547805 0.540273 0.006359 0.012954
0 0.502013 0.534287 0.006641 0.016722
0 0.508284 0.502560 0.009964 0.011639
0 0.498370 0.482306 0.011531 0.008852
0 0.516260 0.471731 0.007104 0.011315
0 0.473099 0.466079 0.006177 0.014102
0 0.483841 0.471731 0.007932 0.007370
