0 0.726148 0.485958 0.006453 0.012269
0 0.723521 0.541755 0.014094 0.009194
0 0.669747 0.516824 0.008703 0.009204
0 0.684630 0.543954 0.007417 0.011204
0 0.678336 0.549690 0.007578 0.011472
0 0.649573 0.561421 0.008250 0.008806
0 0.639635 0.550426 0.007729 0.015333
0 0.603823 0.550958 0.008854 0.012398
0 0.535542 0.475213 0.004750 0.004778
0 0.529135 0.473157 0.005562 0.009556
0 0.527573 0.481380 0.006313 0.007778
0 0.522542 0.469602 0.006875 0.012667
0 0.836570 0.511801 0.014807 0.012361
0 0.886013 0.553546 0.008089 0.011889
0 0.953510 0.509995 0.013375 0.014935
0 0.996195 0.520227 0.007609 0.012157
0 0.478180 0.619597 0.008745 0.014769
0 0.513354 0.472713 0.006625 0.011556
0 0.435326 0.617394 0.010495 0.015546
0 0.393565 0.665333 0.012974 0.014519
0 0.507667 0.469269 0.005750 0.012444
0 0.499823 0.463491 0.006563 0.011111
0 0.490417 0.466991 0.004000 0.010333
0 0.459104 0.463657 0.006625 0.010333
0 0.549917 0.469213 0.008000 0.021667
0 0.445354 0.466713 0.006750 0.010222
0 0.434042 0.482213 0.005625 0.012556
0 0.770768 0.515958 0.012745 0.010935
0 0.646729 0.482991 0.007750 0.009222
0 0.640479 0.493657 0.007250 0.009667
0 0.621854 0.481213 0.015250 0.008778
0 0.589917 0.476991 0.005750 0.013889
0 0.581010 0.476157 0.005688 0.009556
0 0.562260 0.494435 0.009813 0.010111
