0 0.902076 0.512801 0.011609 0.012250
0 0.865805 0.544074 0.010151 0.015481
0 0.765169 0.535065 0.008870 0.013222
0 0.758167 0.535083 0.008354 0.012389
0 0.739128 0.670060 0.012078 0.014861
0 0.664130 0.630440 0.012542 0.014861
0 0.456784 0.634977 0.009286 0.017343
0 0.076729 0.664444 0.012635 0.027278
0 0.566266 0.473162 0.005375 0.009157
0 0.578695 0.475153 0.010526 0.014731
0 0.593029 0.469778 0.009182 0.012741
0 0.606130 0.477144 0.009406 0.013935
0 0.617766 0.478537 0.004948 0.009556
0 0.630953 0.471532 0.006896 0.012250
0 0.644552 0.470889 0.010156 0.017407
0 0.656341 0.480236 0.006891 0.009028
0 0.651628 0.485722 0.007620 0.010963
0 0.636214 0.494745 0.007979 0.009676
0 0.598130 0.497968 0.010156 0.012250
0 0.558414 0.510866 0.009068 0.014824
0 0.612456 0.512157 0.007620 0.010963
0 0.684997 0.491843 0.009068 0.010315
0 0.640927 0.514736 0.010156 0.012250
0 0.640563 0.572444 0.010156 0.011611
0 0.650177 0.590176 0.011969 0.013537
0 0.767331 0.500870 0.009797 0.010315
0 0.757901 0.504097 0.009792 0.011602
0 0.746112 0.499579 0.009432 0.012898
0 0.733417 0.512477 0.010156 0.010324
0 0.536484 0.477343 0.009854 0.011944
0 0.547794 0.472764 0.007391 0.011546
0 0.556305 0.474755 0.006495 0.008361
0 0.562349 0.478139 0.010521 0.007167
0 0.692432 0.537949 0.010156 0.014824
0 0.985133 0.516347 0.010880 0.012898
