0 0.420583 0.461912 0.005688 0.011750
0 0.570094 0.487005 0.008219 0.008917
0 0.409633 0.454468 0.004380 0.013528
0 0.371086 0.455282 0.004609 0.011065
0 0.360211 0.475852 0.006995 0.012296
0 0.226456 0.643847 0.009224 0.013287
0 0.598255 0.583329 0.007385 0.008880
0 0.521081 0.673727 0.008630 0.014361
0 0.563857 0.670088 0.011839 0.013380
0 0.780766 0.566532 0.019021 0.011602
0 0.983076 0.510694 0.011068 0.013185
0 0.566008 0.467361 0.010089 0.010241
0 0.525872 0.543745 0.006359 0.011806
0 0.533872 0.476398 0.008297 0.011204
0 0.522344 0.478514 0.007375 0.011065
0 0.486182 0.477079 0.005000 0.009843
0 0.467083 0.468403 0.009531 0.008602
0 0.475422 0.472023 0.004687 0.010657
0 0.584448 0.476569 0.007687 0.015565
0 0.481339 0.491972 0.008687 0.009833
0 0.448138 0.528319 0.013141 0.013935
0 0.421505 0.495389 0.011375 0.010926
0 0.425310 0.460139 0.005151 0.011204
