0 0.476878 0.461593 0.004984 0.010167
0 0.478122 0.467250 0.005443 0.009352
0 0.477339 0.479713 0.004427 0.013278
0 0.502057 0.460611 0.005719 0.017704
0 0.495279 0.474139 0.008578 0.011648
0 0.509529 0.478319 0.005349 0.009843
0 0.516490 0.478727 0.005437 0.008361
0 0.506161 0.496764 0.007656 0.008361
0 0.533458 0.488894 0.012635 0.010324
0 0.547203 0.474380 0.006365 0.013444
0 0.563203 0.491190 0.005719 0.015583
0 0.587831 0.488731 0.012911 0.012630
0 0.608628 0.506852 0.004703 0.012463
0 0.648602 0.522000 0.014109 0.016074
0 0.673135 0.543718 0.014667 0.011954
0 0.675672 0.556921 0.013281 0.013120
0 0.697346 0.504537 0.007932 0.011315
0 0.748161 0.510440 0.007562 0.013935
0 0.770344 0.531917 0.012083 0.013278
0 0.779154 0.507486 0.007745 0.011639
0 0.793219 0.508546 0.013927 0.014407
0 0.729070 0.581602 0.009036 0.025093
0 0.854737 0.509213 0.007839 0.011148
0 0.977581 0.518259 0.010297 0.018500
0 0.910674 0.663366 0.006641 0.009639
0 0.631201 0.515116 0.004609 0.009565
0 0.471068 0.468315 0.006458 0.012463
0 0.462766 0.460787 0.005354 0.011167
0 0.447500 0.456671 0.010052 0.011806
0 0.450174 0.472495 0.007286 0.014269
0 0.438417 0.457833 0.005167 0.012148
0 0.413516 0.457824 0.005531 0.008852
0 0.406458 0.456019 0.007656 0.010167
0 0.390549 0.457741 0.004984 0.009352
0 0.361867 0.484713 0.008672 0.015741
0 0.444549 0.580222 0.010974 0.011963
0 0.289026 0.629745 0.007146 0.014620
0 0.229737 0.629815 0.009224 0.014759
