0 0.150776 0.546704 0.007896 0.011500
0 0.790292 0.566764 0.008906 0.026380
0 0.473802 0.580894 0.006656 0.008454
0 0.443029 0.577514 0.004849 0.009472
0 0.328313 0.573213 0.007271 0.007630
0 0.287984 0.587074 0.004427 0.007870
0 0.291812 0.575625 0.007729 0.007750
0 0.276818 0.570514 0.006146 0.011157
0 0.329385 0.675315 0.013927 0.011574
0 0.375674 0.574148 0.007193 0.014611
0 0.006422 0.629315 0.008563 0.012000
0 0.022451 0.580273 0.007703 0.018435
0 0.129089 0.569870 0.007323 0.014204
0 0.191112 0.575958 0.006943 0.014880
