0 0.834320 0.691977 0.016984 0.038176
0 0.114378 0.581458 0.004901 0.012620
0 0.116057 0.573046 0.006719 0.009685
0 0.109286 0.576667 0.004292 0.008519
0 0.010607 0.565111 0.006078 0.013389
0 0.003620 0.656009 0.007240 0.010333
0 0.051135 0.653898 0.008656 0.013630
0 0.284943 0.574093 0.005812 0.009981
0 0.339016 0.581083 0.006542 0.010093
0 0.359263 0.573625 0.004359 0.011620
0 0.367224 0.579616 0.007198 0.018676
0 0.396422 0.573625 0.009979 0.011398
0 0.483615 0.589176 0.011615 0.011648
0 0.561401 0.573171 0.008312 0.007824
0 0.823688 0.696259 0.020271 0.031944
0 0.921258 0.608069 0.006797 0.020917
