0 0.368078 0.579426 0.007417 0.012852
0 0.362182 0.625597 0.005708 0.009806
0 0.470565 0.581398 0.006568 0.009722
0 0.519716 0.586120 0.006109 0.007889
0 0.590594 0.594801 0.010927 0.009861
0 0.733560 0.582417 0.008276 0.008796
0 0.862362 0.572523 0.013224 0.021139
0 0.378984 0.676838 0.007875 0.008120
0 0.038745 0.584162 0.009323 0.014880
0 0.029708 0.638278 0.007802 0.011833
0 0.228667 0.552282 0.009417 0.017417
0 0.234995 0.636759 0.005135 0.006426
0 0.267909 0.590838 0.007609 0.012009
0 0.264008 0.617056 0.008755 0.010648
0 0.297779 0.586611 0.007036 0.011667
0 0.288503 0.547718 0.006755 0.013028
0 0.319990 0.580523 0.007323 0.013694
0 0.344534 0.574435 0.005807 0.013704
