0 0.085687 0.568463 0.005156 0.014352
0 0.898443 0.589861 0.005052 0.008148
0 0.912271 0.588935 0.007917 0.008889
0 0.507302 0.621884 0.009375 0.012676
0 0.235612 0.582903 0.007724 0.016269
0 0.156549 0.588972 0.005422 0.010000
0 0.147096 0.568741 0.005880 0.011574
0 0.143008 0.571472 0.004797 0.008333
0 0.125482 0.579574 0.005057 0.016204
0 0.108503 0.600222 0.009849 0.009352
0 0.098242 0.602491 0.005786 0.007778
0 0.077435 0.612120 0.006359 0.010185
0 0.025299 0.619759 0.007182 0.015278
0 0.040948 0.568046 0.006406 0.014815
0 0.058635 0.571657 0.005521 0.015185
0 0.079336 0.563648 0.007141 0.014537
