0 0.322227 0.580685 0.011984 0.011167
0 0.109367 0.571593 0.009932 0.013593
0 0.101719 0.591278 0.008562 0.011167
0 0.090417 0.594014 0.010844 0.011769
0 0.055372 0.583769 0.006964 0.010759
0 0.007771 0.675495 0.004677 0.012787
0 0.686206 0.604019 0.007214 0.009019
0 0.697661 0.614731 0.005073 0.010426
0 0.183818 0.589815 0.007302 0.010352
0 0.268292 0.582917 0.006167 0.012778
0 0.277708 0.586773 0.008104 0.013194
0 0.275654 0.610009 0.010849 0.018667
0 0.270745 0.656583 0.009021 0.013185
0 0.334385 0.605037 0.010500 0.012778
