0 0.139557 0.561417 0.006542 0.014093
0 0.115182 0.578852 0.005219 0.015389
0 0.076206 0.558884 0.006807 0.014213
0 0.071151 0.575269 0.005552 0.015741
0 0.062432 0.587426 0.005812 0.013500
0 0.052852 0.575505 0.007266 0.016435
0 0.044065 0.578736 0.008984 0.012102
0 0.017313 0.634574 0.007396 0.014093
0 0.035883 0.578528 0.004672 0.008611
0 0.218466 0.604750 0.005286 0.009870
0 0.228937 0.622306 0.005875 0.012574
0 0.235510 0.603218 0.004229 0.007750
0 0.239307 0.603750 0.004823 0.010444
0 0.249779 0.588894 0.004359 0.010102
0 0.258172 0.581139 0.005417 0.008926
0 0.310094 0.599287 0.009510 0.009278
0 0.455586 0.578060 0.005234 0.007046
0 0.502198 0.581796 0.005708 0.009722
0 0.516906 0.595255 0.009115 0.024806
0 0.853753 0.592560 0.007984 0.011843
0 0.169120 0.579028 0.005552 0.011741
0 0.192901 0.612736 0.003833 0.009861
0 0.152836 0.607977 0.008786 0.010917
0 0.088526 0.576856 0.005552 0.010694
