0 0.855073 0.583454 0.009219 0.006296
0 0.817396 0.579546 0.007187 0.008241
0 0.092417 0.579380 0.009625 0.009111
0 0.063292 0.552102 0.006250 0.007889
0 0.085854 0.594991 0.010375 0.013000
0 0.042948 0.606046 0.007438 0.010000
0 0.022760 0.630769 0.011187 0.010111
0 0.162229 0.559352 0.008958 0.014907
0 0.227568 0.578333 0.010469 0.013241
0 0.292255 0.557546 0.007969 0.017222
0 0.265276 0.603472 0.006302 0.008704
0 0.468885 0.581519 0.006719 0.010648
0 0.473625 0.593417 0.005469 0.008519
0 0.637633 0.560824 0.003901 0.006000
0 0.078260 0.557380 0.004438 0.016889
0 0.623534 0.561625 0.006901 0.007602
0 0.621695 0.573023 0.007578 0.007472
