0 0.095276 0.566162 0.007667 0.015046
0 0.950221 0.592181 0.018161 0.021287
0 0.652234 0.605431 0.011010 0.016491
0 0.491211 0.577005 0.008484 0.010565
0 0.500174 0.576866 0.004370 0.007750
0 0.318422 0.640356 0.009229 0.012009
0 0.290849 0.572792 0.009052 0.008102
0 0.258284 0.596880 0.009182 0.012333
0 0.200578 0.643968 0.010177 0.012583
0 0.194500 0.610912 0.011094 0.008694
0 0.196682 0.572384 0.007135 0.020657
0 0.147497 0.641319 0.009047 0.011509
0 0.135776 0.570806 0.005427 0.011389
0 0.110305 0.572333 0.007464 0.013741
0 0.114534 0.553597 0.006016 0.015028
0 0.088341 0.568856 0.009120 0.015731
0 0.052833 0.580792 0.006146 0.011620
