0 0.161193 0.653954 0.015875 0.022463
0 0.719672 0.487245 0.006917 0.016898
0 0.698664 0.514602 0.008318 0.009407
0 0.882180 0.568218 0.009589 0.013824
0 0.889953 0.510162 0.011146 0.010139
0 0.757049 0.509009 0.006870 0.015204
0 0.743247 0.538958 0.007255 0.009676
0 0.704367 0.543222 0.006995 0.009444
0 0.706182 0.562116 0.006479 0.011287
0 0.570102 0.541264 0.008036 0.009676
0 0.623367 0.541264 0.006224 0.014750
0 0.600104 0.545986 0.005573 0.009898
0 0.613841 0.573866 0.010234 0.011287
0 0.488971 0.626972 0.012964 0.014278
0 0.448279 0.611417 0.007255 0.013130
0 0.672906 0.498282 0.009719 0.013639
0 0.649742 0.478602 0.005505 0.007685
0 0.576357 0.501069 0.011016 0.009602
0 0.619664 0.475532 0.005828 0.010361
0 0.599521 0.474667 0.004427 0.012481
0 0.605516 0.477551 0.008208 0.008639
0 0.585427 0.477546 0.006698 0.011333
0 0.572299 0.470347 0.005734 0.012287
0 0.560589 0.464394 0.004750 0.010750
0 0.556430 0.468426 0.005724 0.014593
0 0.558911 0.479657 0.010260 0.006333
0 0.541737 0.470731 0.006380 0.009981
0 0.525885 0.469593 0.006406 0.013333
0 0.521068 0.464315 0.005000 0.011296
0 0.511120 0.466491 0.005521 0.008241
0 0.485701 0.467370 0.005734 0.012593
0 0.471768 0.467926 0.005578 0.008148
0 0.464008 0.468204 0.004120 0.012963
0 0.459818 0.481120 0.007917 0.016574
0 0.687435 0.485037 0.009828 0.012481
