0 0.658680 0.571532 0.009943 0.011306
0 0.552964 0.981005 0.024708 0.035583
0 0.512469 0.690648 0.008292 0.011593
0 0.745477 0.691926 0.005870 0.011426
0 0.839539 0.669644 0.007641 0.010602
0 0.922500 0.518931 0.005979 0.012694
0 0.942534 0.518380 0.006755 0.008833
0 0.799911 0.514417 0.008927 0.010222
0 0.521544 0.578074 0.006797 0.011019
0 0.318516 0.481194 0.013135 0.007593
0 0.417951 0.474287 0.006526 0.012148
0 0.426646 0.485745 0.005281 0.008287
0 0.431073 0.487264 0.005125 0.011046
0 0.444583 0.475810 0.004969 0.010769
0 0.449398 0.513699 0.005901 0.017250
0 0.469896 0.471389 0.008854 0.011870
0 0.502393 0.477806 0.010328 0.007870
0 0.510234 0.508796 0.004740 0.008833
0 0.518388 0.493269 0.004891 0.013944
0 0.528255 0.487444 0.006823 0.009630
0 0.534141 0.485824 0.005052 0.009537
0 0.552656 0.536611 0.005313 0.006852
0 0.554344 0.502769 0.005677 0.005648
0 0.552474 0.477583 0.005260 0.007315
0 0.561094 0.497028 0.007396 0.009537
0 0.569167 0.496426 0.004792 0.011111
0 0.573956 0.489204 0.004901 0.012778
0 0.580365 0.499250 0.005521 0.008056
0 0.578461 0.524574 0.008703 0.008148
0 0.595073 0.530454 0.006927 0.009167
0 0.638336 0.548657 0.006078 0.013870
0 0.603609 0.511194 0.005625 0.008796
0 0.598474 0.499060 0.004802 0.008806
0 0.589737 0.489792 0.005922 0.009472
0 0.610698 0.499856 0.008250 0.009065
0 0.637680 0.504421 0.006391 0.011528
0 0.698203 0.512741 0.008281 0.011519
