0 0.041354 0.674792 0.015385 0.016528
0 0.138362 0.593333 0.011068 0.013778
0 0.289656 0.477144 0.007083 0.012398
0 0.345161 0.455403 0.006531 0.011417
0 0.359388 0.463111 0.006151 0.012185
0 0.375302 0.455144 0.006469 0.009898
0 0.388690 0.465565 0.006339 0.013667
0 0.312628 0.620514 0.011620 0.013120
0 0.378940 0.700694 0.007005 0.008852
0 0.455385 0.688662 0.016073 0.015824
0 0.493768 0.643329 0.006776 0.012991
0 0.601602 0.594477 0.009880 0.015306
0 0.487539 0.547505 0.006214 0.011898
0 0.676456 0.513477 0.013651 0.009843
0 0.676641 0.521593 0.007010 0.006722
0 0.720958 0.525611 0.007104 0.009185
0 0.614523 0.500028 0.004755 0.010037
0 0.606667 0.530722 0.006531 0.006889
0 0.589594 0.487458 0.004615 0.012972
0 0.595612 0.468782 0.010505 0.009565
0 0.576755 0.485523 0.005187 0.010250
0 0.552763 0.483361 0.006922 0.012981
0 0.543391 0.482676 0.005802 0.012074
0 0.530057 0.482676 0.007875 0.007519
0 0.534510 0.509264 0.013708 0.006954
0 0.522695 0.514218 0.005568 0.012065
0 0.510750 0.474361 0.012802 0.011389
0 0.490797 0.474083 0.007448 0.010741
0 0.488193 0.483343 0.010052 0.006296
0 0.471448 0.481491 0.007083 0.007222
0 0.468167 0.467139 0.005729 0.014259
0 0.446578 0.475472 0.005781 0.009815
0 0.409339 0.475287 0.006198 0.011296
