0 0.498810 0.576551 0.009036 0.013583
0 0.463638 0.520727 0.005964 0.012583
0 0.425201 0.488926 0.008109 0.012593
0 0.416768 0.467639 0.008016 0.011093
0 0.316883 0.474282 0.012766 0.011102
0 0.442766 0.469111 0.006448 0.012148
0 0.469786 0.464278 0.005510 0.012426
0 0.473930 0.961870 0.048495 0.032630
0 0.469594 0.473394 0.008854 0.008009
0 0.513307 0.498097 0.008698 0.007454
0 0.520375 0.514806 0.008385 0.008556
0 0.527750 0.491958 0.006521 0.011454
0 0.533690 0.490856 0.006443 0.009250
0 0.549141 0.474977 0.007687 0.008972
0 0.542117 0.513426 0.011026 0.008556
0 0.550852 0.534130 0.008464 0.011037
0 0.855042 0.650537 0.006677 0.010759
0 0.832135 0.508907 0.006208 0.009944
0 0.931638 0.508977 0.005047 0.011454
0 0.718120 0.509769 0.011906 0.011630
0 0.663703 0.507759 0.005302 0.014500
0 0.622258 0.543477 0.006922 0.007713
0 0.618247 0.578958 0.004464 0.015639
0 0.636010 0.515060 0.004656 0.007694
0 0.624716 0.508208 0.007182 0.009657
0 0.605727 0.528861 0.007120 0.008185
0 0.570206 0.526625 0.005953 0.007361
0 0.573211 0.504991 0.006922 0.011963
0 0.584018 0.498097 0.005109 0.007361
0 0.585443 0.504588 0.004854 0.010454
0 0.596539 0.506204 0.003755 0.007019
0 0.603203 0.498148 0.003365 0.007722
0 0.611227 0.505574 0.003880 0.010130
