0 0.554677 0.467972 0.006625 0.014889
0 0.564552 0.471806 0.006375 0.010333
0 0.570521 0.474806 0.004687 0.009667
0 0.575396 0.471750 0.007062 0.010222
0 0.586302 0.480750 0.008000 0.010000
0 0.603708 0.479583 0.010937 0.013667
0 0.562802 0.496528 0.012875 0.009778
0 0.634112 0.478037 0.008057 0.010889
0 0.651396 0.477370 0.007375 0.010222
0 0.676112 0.483759 0.011443 0.007889
0 0.463776 0.622824 0.007427 0.012667
0 0.521852 0.634051 0.009818 0.013861
0 0.613727 0.587250 0.007714 0.012259
0 0.616615 0.551718 0.007656 0.011065
0 0.597039 0.557986 0.005859 0.008398
0 0.214401 0.652106 0.012698 0.015898
0 0.468396 0.471028 0.005812 0.010556
0 0.477615 0.469417 0.006000 0.010222
0 0.473771 0.488139 0.011688 0.010111
0 0.490958 0.468750 0.006687 0.014000
0 0.513896 0.469861 0.004687 0.010000
0 0.517396 0.465417 0.006813 0.010889
0 0.528052 0.472028 0.006250 0.011222
0 0.547271 0.482583 0.008063 0.009889
0 0.549896 0.473139 0.009437 0.012778
0 0.975141 0.508889 0.005323 0.011741
0 0.923242 0.570819 0.012224 0.011602
0 0.900365 0.515889 0.006073 0.009204
0 0.735602 0.493306 0.006484 0.012315
0 0.684437 0.516986 0.007292 0.008157
0 0.730604 0.545625 0.004958 0.010083
0 0.743698 0.555944 0.008271 0.008648
0 0.551628 0.550782 0.005484 0.010269
0 0.982003 0.506292 0.007349 0.010269
0 0.727141 0.576421 0.006479 0.010880
