0 0.623682 0.484259 0.009219 0.012463
0 0.058424 0.618634 0.009609 0.009287
0 0.161953 0.645898 0.010833 0.017352
0 0.291432 0.634519 0.010052 0.010981
0 0.393531 0.684528 0.008208 0.015574
0 0.450935 0.640060 0.005422 0.012991
0 0.450049 0.570310 0.007859 0.012398
0 0.640857 0.685380 0.019255 0.012981
0 0.780307 0.521755 0.005448 0.009213
0 0.912854 0.535213 0.008365 0.008741
0 0.924701 0.530106 0.008609 0.015991
0 0.963203 0.510569 0.008760 0.014898
0 0.707888 0.546481 0.006828 0.015907
0 0.623586 0.580093 0.005891 0.014593
0 0.609568 0.540824 0.008104 0.009185
0 0.628474 0.543449 0.009604 0.008194
0 0.678516 0.527139 0.012635 0.009019
0 0.663573 0.513032 0.010240 0.008361
0 0.651302 0.513528 0.008771 0.013278
0 0.663383 0.494343 0.008036 0.010000
0 0.618565 0.473106 0.004703 0.009509
0 0.625937 0.472208 0.012260 0.009343
0 0.615013 0.496639 0.006089 0.010981
0 0.605833 0.474833 0.005063 0.009019
0 0.596982 0.475653 0.009318 0.006398
0 0.595875 0.468190 0.010240 0.006880
0 0.584346 0.474421 0.005443 0.009509
0 0.561471 0.477042 0.006547 0.008528
0 0.534513 0.476148 0.006724 0.011481
0 0.523224 0.501912 0.010833 0.012898
0 0.475107 0.493944 0.006089 0.012907
0 0.480122 0.474583 0.005766 0.007593
0 0.488078 0.464292 0.005656 0.013380
0 0.489464 0.478667 0.005125 0.008352
0 0.494187 0.481370 0.004646 0.009019
0 0.443216 0.472736 0.006880 0.010343
0 0.408068 0.464005 0.004802 0.012435
0 0.398943 0.459454 0.004698 0.009204
0 0.387786 0.463958 0.004167 0.012528
0 0.364729 0.460208 0.007260 0.009009
0 0.326727 0.475250 0.005443 0.011574
