0 0.141487 0.657755 0.009464 0.011194
0 0.455253 0.629324 0.011547 0.009704
0 0.618552 0.668139 0.018260 0.017167
0 0.639018 0.595370 0.009651 0.011204
0 0.618763 0.567014 0.009026 0.011194
0 0.645945 0.558431 0.011339 0.011194
0 0.682573 0.545370 0.006083 0.017907
0 0.710909 0.539565 0.007349 0.011611
0 0.704297 0.534731 0.014698 0.010074
0 0.765271 0.515884 0.006927 0.011194
0 0.814810 0.531370 0.016161 0.012315
0 0.838948 0.506000 0.011125 0.014556
0 0.926896 0.506935 0.007344 0.017907
0 0.938125 0.511782 0.008813 0.014176
0 0.967510 0.513093 0.017208 0.010074
0 0.702094 0.490329 0.006083 0.010824
0 0.694536 0.491449 0.006083 0.008583
0 0.651089 0.486782 0.012385 0.009694
0 0.582346 0.501708 0.005880 0.006713
0 0.598823 0.494806 0.006927 0.007093
0 0.542359 0.498907 0.010708 0.007833
0 0.547187 0.488833 0.014063 0.010074
0 0.480859 0.478389 0.011125 0.010074
0 0.512982 0.475602 0.010568 0.011667
0 0.521484 0.471176 0.005708 0.008852
0 0.529622 0.475708 0.008141 0.010583
0 0.542802 0.474847 0.009719 0.012306
0 0.552760 0.480162 0.008260 0.006435
0 0.578393 0.480681 0.009474 0.007991
0 0.578148 0.469667 0.007776 0.012741
0 0.551237 0.472690 0.006203 0.009287
0 0.626185 0.484125 0.007422 0.007583
0 0.619448 0.481329 0.006802 0.007991
0 0.594497 0.477523 0.011318 0.009028
0 0.606878 0.478412 0.005953 0.012528
0 0.612805 0.479065 0.007411 0.010352
