0 0.532133 0.497148 0.011661 0.008426
0 0.057268 0.648958 0.007745 0.013972
0 0.133315 0.652005 0.018151 0.031083
0 0.387076 0.646810 0.013005 0.015250
0 0.458969 0.648287 0.011250 0.013611
0 0.436924 0.590407 0.010880 0.011315
0 0.512141 0.610662 0.013927 0.012787
0 0.611003 0.555532 0.008964 0.014954
0 0.567289 0.552190 0.008745 0.009843
0 0.662578 0.544713 0.010073 0.016130
0 0.676138 0.576097 0.007745 0.015546
0 0.693680 0.530051 0.006526 0.010824
0 0.967612 0.542097 0.007297 0.007769
0 0.903021 0.523630 0.007750 0.017648
0 0.781281 0.526866 0.009865 0.010935
0 0.729786 0.508134 0.016396 0.008991
0 0.696099 0.497259 0.006531 0.009111
0 0.705065 0.490032 0.008453 0.007398
0 0.655620 0.492995 0.006917 0.009454
0 0.645596 0.507741 0.007620 0.011611
0 0.623273 0.494755 0.006151 0.008657
0 0.621417 0.489745 0.004865 0.006380
0 0.620201 0.480125 0.005891 0.010583
0 0.606206 0.479500 0.006089 0.010704
0 0.571010 0.474773 0.009740 0.012639
0 0.562823 0.465111 0.006896 0.010778
0 0.557815 0.485931 0.009734 0.011269
0 0.522109 0.471815 0.005833 0.011278
0 0.493927 0.485477 0.008260 0.014454
0 0.489443 0.475630 0.005188 0.010481
0 0.495081 0.473407 0.008266 0.008093
0 0.487076 0.457694 0.004036 0.013556
0 0.475099 0.493676 0.007365 0.012185
0 0.446852 0.466917 0.005443 0.013778
0 0.409607 0.457921 0.005766 0.012639
0 0.396924 0.457185 0.005380 0.012981
0 0.364357 0.455245 0.005443 0.010250
0 0.336143 0.468227 0.005891 0.014343
