0 0.129904 0.909060 0.017849 0.025287
0 0.855641 0.522657 0.010250 0.010074
0 0.614880 0.701903 0.009552 0.012694
0 0.459669 0.613903 0.011068 0.011731
0 0.529589 0.605255 0.010250 0.009935
0 0.610836 0.598648 0.012109 0.010759
0 0.670654 0.558565 0.009318 0.012093
0 0.678529 0.555333 0.007172 0.006630
0 0.643818 0.524194 0.009323 0.008426
0 0.632255 0.507019 0.006615 0.011481
0 0.636891 0.502898 0.006510 0.007500
0 0.644417 0.500028 0.004479 0.010833
0 0.662229 0.511833 0.005729 0.009074
0 0.661708 0.503454 0.007292 0.007685
0 0.612776 0.502389 0.004844 0.009259
0 0.567021 0.541046 0.005000 0.006944
0 0.531188 0.521278 0.006771 0.009074
0 0.551943 0.497296 0.004010 0.009074
0 0.560198 0.499657 0.005521 0.006759
0 0.570042 0.502898 0.007396 0.009352
0 0.583479 0.503500 0.008958 0.008148
0 0.528062 0.476324 0.007396 0.012870
0 0.515432 0.472852 0.005469 0.008704
0 0.518792 0.486926 0.008437 0.012778
0 0.512698 0.492898 0.005417 0.009352
0 0.482464 0.478731 0.005885 0.011759
0 0.464104 0.479009 0.008229 0.010278
0 0.450536 0.478407 0.005365 0.009815
0 0.443766 0.462343 0.005573 0.011574
0 0.458766 0.499009 0.007969 0.014537
0 0.419937 0.514611 0.012917 0.010185
0 0.393245 0.474657 0.006406 0.014352
0 0.408271 0.466602 0.008542 0.013056
0 0.311479 0.479435 0.005927 0.012130
0 0.594130 0.572287 0.011969 0.015056
