0 0.831828 0.507884 0.005552 0.012269
0 0.450388 0.965157 0.024714 0.030019
0 0.507529 0.581231 0.007443 0.009426
0 0.331359 0.479907 0.007063 0.008241
0 0.427003 0.470630 0.004849 0.010241
0 0.440107 0.482884 0.005693 0.011287
0 0.446286 0.515153 0.013135 0.011861
0 0.453435 0.471963 0.005568 0.011500
0 0.472018 0.467810 0.004422 0.011028
0 0.479703 0.472218 0.004906 0.013898
0 0.499219 0.490190 0.007604 0.011509
0 0.504260 0.508884 0.006146 0.011694
0 0.507740 0.506102 0.004687 0.008056
0 0.531911 0.482204 0.006198 0.011481
0 0.547719 0.482898 0.005729 0.007870
0 0.553656 0.472759 0.004583 0.008333
0 0.535562 0.547639 0.005500 0.006111
0 0.546719 0.537255 0.005188 0.009565
0 0.583047 0.541991 0.007448 0.009259
0 0.601484 0.554120 0.004635 0.007037
0 0.629208 0.576241 0.006063 0.013333
0 0.664490 0.593241 0.010125 0.020444
0 0.736367 0.692407 0.016349 0.010796
0 0.881474 0.653102 0.006531 0.006796
0 0.965180 0.512620 0.009901 0.008000
0 0.708701 0.506940 0.007422 0.013472
0 0.659349 0.501940 0.007125 0.012528
0 0.627062 0.513875 0.005698 0.009194
0 0.603589 0.503944 0.008698 0.009333
0 0.608052 0.488208 0.007573 0.011731
0 0.590315 0.488741 0.005401 0.006926
0 0.592562 0.496074 0.008250 0.007463
0 0.589562 0.502477 0.007500 0.009065
0 0.576289 0.494273 0.005401 0.009731
0 0.571714 0.497611 0.006302 0.011333
