0 0.611318 0.532750 0.011198 0.011759
0 0.569375 0.500403 0.008854 0.007546
0 0.559000 0.503278 0.009500 0.010000
0 0.512583 0.499958 0.008260 0.006491
0 0.506820 0.504514 0.005568 0.008991
0 0.508870 0.486866 0.008771 0.008546
0 0.501536 0.462671 0.009354 0.010935
0 0.490583 0.463181 0.004229 0.011269
0 0.483284 0.473431 0.007047 0.008991
0 0.463458 0.463806 0.003906 0.007741
0 0.440242 0.463181 0.005255 0.010583
0 0.436685 0.465005 0.004932 0.007861
0 0.412958 0.468190 0.005125 0.008083
0 0.407352 0.464319 0.006984 0.011731
0 0.379203 0.463921 0.006917 0.010028
0 0.365880 0.472463 0.003583 0.005926
0 0.208107 0.647806 0.005224 0.017352
0 0.172253 0.651838 0.006224 0.011750
0 0.937378 0.535310 0.009411 0.030713
0 0.894286 0.519083 0.011781 0.010944
0 0.518979 0.566213 0.010813 0.029778
0 0.780589 0.513509 0.005938 0.015741
0 0.769781 0.513926 0.007448 0.010093
0 0.724187 0.507639 0.010469 0.013056
0 0.665484 0.517139 0.009010 0.009074
0 0.663505 0.511769 0.009115 0.007778
0 0.661370 0.505472 0.010885 0.010370
0 0.618505 0.522380 0.010469 0.013056
0 0.577354 0.508111 0.005812 0.011481
