0 0.223703 0.559745 0.008000 0.010694
0 0.028062 0.567611 0.007010 0.012093
0 0.067997 0.564847 0.007203 0.012935
0 0.066872 0.541653 0.010380 0.018454
0 0.090424 0.551463 0.007672 0.012444
0 0.079359 0.520870 0.008656 0.012333
0 0.111365 0.521222 0.010313 0.011389
0 0.125076 0.522866 0.006151 0.010213
0 0.142018 0.557278 0.008859 0.012333
0 0.205966 0.530556 0.008984 0.013870
0 0.216604 0.564731 0.008188 0.011519
0 0.434651 0.557505 0.005812 0.012565
0 0.009237 0.628625 0.007536 0.010102
0 0.039693 0.616407 0.014271 0.011741
0 0.018286 0.586171 0.006083 0.012806
0 0.003497 0.574069 0.006995 0.009287
0 0.008508 0.568319 0.008859 0.009509
