0 0.087120 0.535384 0.008927 0.014583
0 0.078911 0.626491 0.011677 0.016056
0 0.014198 0.585037 0.013823 0.010852
0 0.005747 0.571343 0.005401 0.017519
0 0.019318 0.571343 0.006885 0.014389
0 0.020695 0.560579 0.017568 0.010472
0 0.463635 0.570657 0.007615 0.007630
0 0.212359 0.566213 0.010354 0.018111
0 0.209523 0.527458 0.011734 0.015565
0 0.185964 0.558921 0.012281 0.013306
0 0.173688 0.563764 0.010302 0.017528
0 0.167161 0.542287 0.007604 0.015852
0 0.125849 0.528338 0.016687 0.013602
0 0.117563 0.549037 0.011458 0.014481
0 0.094331 0.538759 0.010026 0.016241
