0 0.713404 0.507134 0.005807 0.010657
0 0.466466 0.741037 0.012526 0.018037
0 0.490870 0.628847 0.012146 0.026250
0 0.566961 0.544620 0.008609 0.012167
0 0.551742 0.507245 0.007380 0.011750
0 0.486604 0.498495 0.007146 0.010120
0 0.417508 0.462491 0.009297 0.011056
0 0.362247 0.473431 0.008068 0.008065
0 0.430844 0.461741 0.007687 0.008481
0 0.445716 0.462620 0.007766 0.010500
0 0.454862 0.459486 0.011453 0.008324
0 0.457042 0.466000 0.006125 0.006259
0 0.468583 0.465162 0.005073 0.007380
0 0.478956 0.459491 0.009839 0.007241
0 0.513698 0.463528 0.006917 0.009019
0 0.528417 0.463319 0.008073 0.007787
0 0.562271 0.461134 0.008917 0.008602
0 0.580794 0.458875 0.006151 0.008472
0 0.622372 0.508685 0.005443 0.007870
0 0.628966 0.480569 0.006828 0.009676
0 0.652346 0.456958 0.007839 0.008694
0 0.662677 0.491389 0.010052 0.010000
0 0.672638 0.502380 0.007286 0.006722
0 0.682969 0.536801 0.010792 0.010972
0 0.701458 0.486051 0.006271 0.007528
0 0.712388 0.491065 0.011161 0.008685
0 0.728760 0.505574 0.005167 0.013111
0 0.712576 0.544917 0.006734 0.011463
0 0.813888 0.687130 0.009401 0.014741
0 0.869352 0.681463 0.014182 0.014741
