0 0.087391 0.679250 0.009594 0.014593
0 0.134659 0.647190 0.008026 0.017046
0 0.354755 0.475495 0.007854 0.016917
0 0.362833 0.456310 0.005865 0.015546
0 0.403562 0.453852 0.005865 0.013778
0 0.410148 0.463782 0.006422 0.015935
0 0.451378 0.490449 0.013172 0.011806
0 0.468807 0.473523 0.007969 0.013769
0 0.496531 0.464278 0.006969 0.011796
0 0.494760 0.476477 0.004313 0.011417
0 0.512857 0.485625 0.007526 0.010824
0 0.516508 0.475394 0.006859 0.013583
0 0.523924 0.494870 0.009964 0.010037
0 0.514294 0.526750 0.006859 0.016333
0 0.544565 0.475981 0.004984 0.013185
0 0.551315 0.536389 0.007859 0.014759
0 0.536930 0.570231 0.007859 0.010037
0 0.561000 0.519565 0.014385 0.011019
0 0.576385 0.487593 0.006865 0.013963
0 0.576164 0.471162 0.009297 0.016917
0 0.592930 0.487398 0.011620 0.008852
0 0.602172 0.495856 0.005979 0.009639
0 0.609922 0.479620 0.011510 0.012593
0 0.635849 0.477764 0.006031 0.010157
0 0.662828 0.490713 0.005229 0.007593
0 0.481018 0.623060 0.007245 0.010028
0 0.492841 0.658417 0.005380 0.006722
0 0.616581 0.623074 0.006359 0.012463
0 0.705214 0.568796 0.014479 0.011148
0 0.727349 0.515181 0.013000 0.008194
0 0.731867 0.498866 0.005995 0.009676
0 0.751839 0.524778 0.015125 0.011315
0 0.855375 0.496148 0.008667 0.006889
0 0.943500 0.503032 0.014115 0.012454
0 0.959641 0.493935 0.011708 0.011315
