0 0.446375 0.454796 0.007437 0.011889
0 0.442281 0.462463 0.005125 0.015444
0 0.431656 0.454130 0.005250 0.010556
0 0.469089 0.616532 0.010260 0.014972
0 0.430589 0.613421 0.012052 0.018435
0 0.311227 0.648444 0.020609 0.015667
0 0.417344 0.486019 0.007125 0.013889
0 0.812029 0.502519 0.011339 0.014241
0 0.943875 0.505917 0.009375 0.008222
0 0.917516 0.503241 0.008594 0.011667
0 0.854667 0.551519 0.010990 0.012037
0 0.620672 0.484343 0.006354 0.012222
0 0.631922 0.487491 0.008125 0.010370
0 0.664656 0.508972 0.006823 0.009259
0 0.667000 0.541009 0.005990 0.011667
0 0.687026 0.537259 0.005104 0.012130
0 0.628979 0.548231 0.007448 0.015370
0 0.633849 0.538509 0.009271 0.011667
0 0.637651 0.551565 0.009271 0.011481
0 0.723161 0.492106 0.006302 0.013731
0 0.792320 0.504440 0.009359 0.015528
0 0.626349 0.496796 0.005313 0.010278
0 0.597547 0.521889 0.005938 0.008796
0 0.592026 0.551472 0.009271 0.008704
0 0.601279 0.487185 0.006880 0.007556
0 0.585341 0.480685 0.005380 0.009667
0 0.573935 0.482852 0.004943 0.011778
0 0.568560 0.496463 0.010318 0.011000
0 0.564906 0.481296 0.005125 0.014222
0 0.538062 0.476630 0.006187 0.015111
0 0.538531 0.466185 0.004250 0.009111
0 0.538115 0.459148 0.006958 0.009481
0 0.518810 0.479019 0.004568 0.008778
0 0.513716 0.476963 0.004755 0.010889
0 0.508437 0.472630 0.008063 0.014000
0 0.508406 0.482741 0.006000 0.010444
0 0.498281 0.468074 0.006250 0.011333
0 0.496844 0.477019 0.006750 0.010111
0 0.487781 0.452241 0.006750 0.012111
0 0.478937 0.461296 0.007688 0.014667
