0 0.929362 0.547093 0.010891 0.009444
0 0.865281 0.521000 0.015542 0.014870
0 0.785659 0.523477 0.011953 0.009917
0 0.486703 0.685861 0.010917 0.017481
0 0.485820 0.625083 0.009766 0.011204
0 0.485320 0.559769 0.010297 0.010111
0 0.642375 0.589343 0.007146 0.018444
0 0.524128 0.490481 0.012453 0.009833
0 0.544495 0.480917 0.008760 0.008741
0 0.540190 0.487273 0.009526 0.010528
0 0.559828 0.485907 0.003615 0.008611
0 0.571896 0.484884 0.003615 0.007380
0 0.586997 0.474704 0.007224 0.008333
0 0.626810 0.479551 0.004922 0.009287
0 0.606672 0.535435 0.010604 0.009019
0 0.619318 0.526759 0.007302 0.009148
0 0.628461 0.535986 0.008839 0.008472
0 0.716581 0.558463 0.008766 0.008611
0 0.651865 0.505037 0.011531 0.011611
0 0.683299 0.520750 0.005380 0.009704
0 0.706820 0.520338 0.003995 0.006694
0 0.129219 0.608199 0.011990 0.010991
0 0.144018 0.652060 0.013557 0.011806
0 0.229258 0.689648 0.009536 0.016056
0 0.306995 0.626806 0.012604 0.012167
0 0.297234 0.476301 0.006917 0.012843
0 0.344042 0.454231 0.005687 0.010519
0 0.361948 0.463250 0.005229 0.011889
0 0.374784 0.453343 0.005536 0.013667
0 0.387888 0.464685 0.005922 0.012852
0 0.415326 0.475685 0.005922 0.009704
0 0.450880 0.476954 0.007375 0.010926
0 0.467982 0.469167 0.004536 0.015296
0 0.479432 0.484949 0.006073 0.009694
0 0.505336 0.481810 0.008224 0.015713
