0 0.682870 0.545625 0.006094 0.018435
0 0.651117 0.582259 0.008682 0.010593
0 0.654797 0.614995 0.011146 0.014861
0 0.455576 0.631921 0.013005 0.012380
0 0.626357 0.479028 0.006068 0.012167
0 0.629857 0.470185 0.010266 0.011056
0 0.648753 0.480968 0.007932 0.013269
0 0.640586 0.477926 0.005599 0.013278
0 0.545565 0.471292 0.006839 0.009954
0 0.538799 0.471426 0.006380 0.010778
0 0.554974 0.470602 0.010417 0.011889
0 0.569438 0.473361 0.011354 0.016315
0 0.580013 0.470458 0.006995 0.009954
0 0.586854 0.475991 0.007000 0.008852
0 0.596344 0.477648 0.007000 0.010500
0 0.605797 0.478116 0.006844 0.009954
0 0.520846 0.474282 0.009443 0.013065
0 0.587490 0.490139 0.014271 0.011944
0 0.704948 0.673199 0.006500 0.012380
0 0.589063 0.502454 0.012385 0.011944
0 0.541102 0.502644 0.010495 0.013065
0 0.605331 0.507866 0.008818 0.014546
0 0.681523 0.486968 0.010495 0.010824
0 0.702302 0.504509 0.008813 0.012315
0 0.722034 0.493495 0.006714 0.011194
0 0.734732 0.498352 0.008609 0.017167
0 0.742393 0.494245 0.006714 0.011194
0 0.911362 0.500588 0.015953 0.013435
0 0.862562 0.499843 0.011125 0.013426
0 0.861091 0.548167 0.013224 0.013056
0 0.757294 0.536412 0.014693 0.011935
0 0.739456 0.543875 0.011755 0.011194
0 0.645029 0.571662 0.009203 0.010139
