0 0.549292 0.477292 0.003010 0.006602
0 0.257547 0.641144 0.007656 0.017546
0 0.390448 0.625481 0.008208 0.011481
0 0.463404 0.588593 0.009318 0.012463
0 0.381102 0.480477 0.003651 0.007287
0 0.395479 0.467444 0.005250 0.007630
0 0.408930 0.466815 0.004609 0.012296
0 0.989781 0.515481 0.006563 0.008537
0 0.850289 0.512352 0.008578 0.010130
0 0.858648 0.514111 0.006214 0.011389
0 0.801003 0.507412 0.006839 0.014620
0 0.791357 0.510556 0.007682 0.009426
0 0.754466 0.509731 0.007380 0.013241
0 0.699487 0.503310 0.008005 0.013546
0 0.679023 0.516116 0.011911 0.007972
0 0.671849 0.551477 0.005510 0.008083
0 0.653565 0.557565 0.006214 0.007741
0 0.643315 0.553639 0.006214 0.011500
0 0.630250 0.522097 0.007750 0.008991
0 0.563029 0.474273 0.004484 0.008991
0 0.581346 0.477176 0.004099 0.011611
0 0.596464 0.474787 0.004354 0.009796
0 0.609208 0.505981 0.006146 0.011389
0 0.608151 0.520616 0.004802 0.008769
0 0.620289 0.514579 0.005380 0.009676
0 0.422987 0.470574 0.004547 0.011389
0 0.450591 0.470060 0.004036 0.009454
0 0.454789 0.464995 0.005380 0.008657
0 0.470737 0.476324 0.004609 0.009222
0 0.476182 0.471824 0.004740 0.009333
0 0.492161 0.473361 0.005958 0.009907
0 0.496901 0.475241 0.004677 0.007056
0 0.509581 0.475241 0.004422 0.010704
0 0.514802 0.469718 0.004354 0.012639
0 0.528380 0.479227 0.005000 0.011843
0 0.534367 0.476894 0.003651 0.007176
