0 0.574107 0.464949 0.006859 0.011213
0 0.079359 0.670491 0.015833 0.012704
0 0.127398 0.639199 0.005536 0.021454
0 0.351534 0.473727 0.005443 0.012417
0 0.360917 0.456532 0.007427 0.011731
0 0.398003 0.455796 0.004224 0.009111
0 0.410555 0.460005 0.005766 0.013435
0 0.442443 0.663866 0.008688 0.010657
0 0.482023 0.653685 0.007609 0.012981
0 0.455930 0.609958 0.009839 0.012713
0 0.563534 0.559880 0.009839 0.009019
0 0.603805 0.629157 0.013068 0.013667
0 0.581711 0.538843 0.006995 0.012296
0 0.587206 0.521759 0.014141 0.010667
0 0.601693 0.529204 0.011604 0.011889
0 0.617180 0.506662 0.007536 0.007509
0 0.621521 0.501741 0.009146 0.008333
0 0.622677 0.475713 0.004687 0.012574
0 0.609724 0.473731 0.006302 0.010241
0 0.677477 0.554708 0.010953 0.013769
0 0.726284 0.504435 0.012286 0.009648
0 0.736414 0.520074 0.013724 0.012593
0 0.793521 0.504944 0.014281 0.014759
0 0.844542 0.525106 0.012729 0.012176
0 0.871604 0.498551 0.016156 0.013769
0 0.886602 0.507782 0.009849 0.010231
0 0.969299 0.537056 0.010359 0.013463
0 0.569680 0.488852 0.007526 0.013778
0 0.558112 0.494856 0.006974 0.011213
0 0.536198 0.504986 0.013615 0.011806
0 0.536763 0.467676 0.004161 0.009685
0 0.510568 0.468523 0.005573 0.008657
0 0.500927 0.472630 0.006917 0.012759
0 0.496990 0.461694 0.005313 0.012981
0 0.491065 0.470292 0.002557 0.006491
0 0.462242 0.489019 0.014349 0.009333
0 0.465604 0.469546 0.006979 0.012074
