0 0.318477 0.462046 0.005432 0.009111
0 0.061000 0.709616 0.020812 0.012287
0 0.125990 0.673037 0.008854 0.019741
0 0.205966 0.667171 0.018016 0.012417
0 0.255932 0.542796 0.009552 0.012148
0 0.234036 0.477713 0.004427 0.014778
0 0.321039 0.455556 0.004661 0.006352
0 0.326862 0.456250 0.007453 0.008833
0 0.366302 0.454977 0.005979 0.010769
0 0.409471 0.474856 0.012349 0.006898
0 0.413081 0.469194 0.013974 0.008278
0 0.424029 0.476028 0.006057 0.011463
0 0.450740 0.473819 0.008229 0.007583
0 0.485680 0.513370 0.007609 0.012426
0 0.489758 0.470713 0.013432 0.009667
0 0.506026 0.480722 0.010094 0.008148
0 0.508586 0.498736 0.007453 0.010213
0 0.526174 0.484380 0.013432 0.009944
0 0.528893 0.496389 0.006911 0.007722
0 0.535958 0.496042 0.004896 0.005657
0 0.546711 0.489213 0.007297 0.008556
0 0.558708 0.491560 0.005510 0.006898
0 0.579557 0.491005 0.004500 0.008287
0 0.584331 0.473269 0.008464 0.008148
0 0.593883 0.486727 0.007068 0.007176
0 0.585302 0.523375 0.004813 0.008694
0 0.542578 0.606037 0.007865 0.008333
0 0.552917 0.603491 0.010833 0.011389
0 0.630635 0.567398 0.013062 0.008667
0 0.647385 0.538065 0.005188 0.007556
0 0.658698 0.521454 0.006687 0.008333
0 0.684417 0.506343 0.005250 0.016556
0 0.702073 0.491676 0.009313 0.009889
0 0.715667 0.522065 0.013125 0.009111
0 0.761479 0.503843 0.007500 0.011333
0 0.717747 0.564472 0.006901 0.012130
