0 0.624846 0.499653 0.004755 0.011157
0 0.530849 0.669343 0.013719 0.030296
0 0.274224 0.621324 0.017292 0.011111
0 0.334229 0.479907 0.006750 0.015111
0 0.602305 0.563546 0.010734 0.010833
0 0.572326 0.580537 0.009224 0.012130
0 0.563161 0.581787 0.009427 0.010741
0 0.860654 0.507792 0.014672 0.011454
0 0.748997 0.518625 0.011411 0.012972
0 0.683117 0.502199 0.004047 0.005528
0 0.818721 0.604273 0.009828 0.009602
0 0.672714 0.499083 0.005000 0.011574
0 0.657792 0.504731 0.004219 0.005463
0 0.639797 0.505472 0.005417 0.008241
0 0.603807 0.492880 0.010208 0.006204
0 0.599719 0.518620 0.007865 0.012500
0 0.581984 0.506907 0.005937 0.008704
0 0.553677 0.510333 0.007552 0.015556
0 0.535187 0.499731 0.005885 0.008056
0 0.536958 0.473806 0.005365 0.014352
0 0.522557 0.494731 0.005417 0.008426
0 0.520370 0.507231 0.006771 0.006759
0 0.494953 0.487463 0.007500 0.009074
0 0.495474 0.476167 0.005521 0.013704
0 0.511281 0.469454 0.005052 0.008981
0 0.484250 0.477000 0.004948 0.010741
0 0.468833 0.476213 0.004740 0.011944
0 0.475552 0.504917 0.006719 0.008611
0 0.436021 0.459407 0.004635 0.012407
0 0.424224 0.464130 0.004167 0.010926
0 0.416099 0.471907 0.006250 0.014259
0 0.399562 0.522602 0.006094 0.012315
0 0.383365 0.461954 0.004427 0.008981
0 0.666146 0.625671 0.003750 0.009065
0 0.676870 0.565875 0.007052 0.008139
0 0.684109 0.561074 0.007875 0.008667
