0 0.384880 0.639273 0.017156 0.013769
0 0.432471 0.577199 0.008964 0.011213
0 0.671172 0.540296 0.009448 0.012481
0 0.678956 0.525019 0.008818 0.008796
0 0.680576 0.491657 0.006297 0.011519
0 0.678417 0.502935 0.013323 0.009444
0 0.651193 0.503579 0.009990 0.013602
0 0.655378 0.485495 0.010620 0.010083
0 0.635576 0.489417 0.005036 0.007352
0 0.450013 0.687380 0.004870 0.008463
0 0.473367 0.651963 0.011068 0.013185
0 0.622615 0.578968 0.010740 0.012787
0 0.764161 0.520481 0.009385 0.012593
0 0.891362 0.524440 0.009370 0.014213
0 0.920992 0.542949 0.010536 0.008065
0 0.031958 0.630148 0.008521 0.012593
0 0.175052 0.649602 0.010937 0.017278
0 0.957013 0.501046 0.006641 0.015815
0 0.621987 0.484940 0.004682 0.010880
0 0.607992 0.484852 0.004411 0.012000
0 0.599125 0.539815 0.006844 0.011204
0 0.583555 0.540935 0.009359 0.010556
0 0.572615 0.481861 0.005063 0.012444
0 0.569708 0.470583 0.012500 0.008333
0 0.560302 0.486306 0.004938 0.009333
0 0.536333 0.498917 0.010750 0.008556
0 0.525333 0.477417 0.006750 0.011556
0 0.493279 0.488019 0.005693 0.011667
0 0.486688 0.483296 0.003625 0.006667
0 0.486747 0.478296 0.006995 0.006889
0 0.479844 0.496185 0.009438 0.012222
0 0.480747 0.462074 0.004505 0.014222
0 0.439154 0.474019 0.006682 0.011444
0 0.402747 0.457463 0.004620 0.009667
0 0.398562 0.447796 0.004875 0.010111
0 0.629503 0.491653 0.007651 0.015361
0 0.388875 0.456352 0.005625 0.012111
0 0.368747 0.447796 0.006995 0.009889
0 0.325792 0.473894 0.007062 0.015343
