0 0.091391 0.546074 0.007708 0.015389
0 0.219109 0.538093 0.006563 0.011833
0 0.206781 0.561454 0.007896 0.015407
0 0.217005 0.554449 0.006656 0.009472
0 0.171630 0.544468 0.009135 0.011843
0 0.164685 0.555968 0.012557 0.012509
0 0.147753 0.541931 0.013130 0.010824
0 0.130964 0.549884 0.007323 0.012176
0 0.099000 0.547343 0.008844 0.018944
0 0.042542 0.562986 0.012365 0.014713
0 0.036167 0.574148 0.007802 0.012685
0 0.055432 0.625648 0.011698 0.010148
0 0.025799 0.562736 0.007234 0.011843
0 0.015432 0.562986 0.004948 0.012343
