0 0.087195 0.557130 0.010464 0.009315
0 0.112310 0.538111 0.011036 0.011500
0 0.106409 0.559843 0.008182 0.010648
0 0.168766 0.552065 0.009990 0.014370
0 0.235117 0.564153 0.005901 0.009472
0 0.247531 0.558065 0.007323 0.011833
0 0.107315 0.596954 0.012464 0.028426
0 0.486016 0.561625 0.014844 0.017657
0 0.047716 0.534801 0.008755 0.009657
0 0.040156 0.532606 0.005802 0.009324
0 0.038870 0.544870 0.006854 0.012870
0 0.031167 0.543856 0.007229 0.013546
0 0.028740 0.566009 0.005229 0.016593
0 0.001883 0.555269 0.003766 0.015407
0 0.043104 0.567019 0.006375 0.010167
