0 0.217901 0.587389 0.007708 0.011333
0 0.025411 0.573111 0.006469 0.008130
0 0.015898 0.584009 0.006089 0.007278
0 0.060607 0.585616 0.004568 0.008120
0 0.057516 0.581898 0.005802 0.009130
0 0.100323 0.568375 0.006948 0.013213
0 0.130763 0.579620 0.006943 0.009315
0 0.146935 0.584435 0.008661 0.010148
0 0.592625 0.602736 0.008719 0.010713
0 0.345276 0.585870 0.005042 0.008630
0 0.291815 0.587653 0.006943 0.008435
0 0.271885 0.590944 0.008375 0.012685
0 0.256094 0.600093 0.005896 0.011000
0 0.207482 0.643292 0.008943 0.009824
