0 0.686753 0.595139 0.007620 0.011333
0 0.487276 0.590032 0.007865 0.009991
0 0.311089 0.570296 0.008562 0.011500
0 0.274464 0.567588 0.007417 0.012861
0 0.327448 0.561755 0.004188 0.007269
0 0.345284 0.563532 0.004089 0.009472
0 0.377818 0.565051 0.004469 0.007102
0 0.024404 0.692481 0.006734 0.008519
0 0.072977 0.619829 0.010047 0.012176
0 0.083648 0.591319 0.010620 0.011157
0 0.089982 0.574472 0.006620 0.013185
0 0.118523 0.581676 0.009818 0.010963
0 0.012336 0.576153 0.007797 0.013861
0 0.019372 0.578032 0.005089 0.012454
0 0.176633 0.574366 0.009193 0.015750
0 0.076971 0.648954 0.006391 0.010759
0 0.842708 0.590569 0.005990 0.008620
0 0.530276 0.595843 0.007729 0.009630
