0 0.168690 0.657338 0.005328 0.013361
0 0.276495 0.590231 0.004490 0.009278
0 0.243862 0.582190 0.005682 0.009157
0 0.250729 0.581954 0.007135 0.007981
0 0.649461 0.614921 0.006661 0.011250
0 0.589703 0.571125 0.005396 0.010954
0 0.396232 0.587648 0.011297 0.023833
0 0.343182 0.561519 0.009708 0.007981
0 0.306719 0.573495 0.004031 0.009157
0 0.231641 0.608144 0.007531 0.016213
0 0.199865 0.572319 0.004229 0.014565
0 0.171820 0.593287 0.004557 0.009278
0 0.134958 0.577606 0.006406 0.012454
0 0.101797 0.576083 0.005750 0.014796
0 0.100013 0.557352 0.006411 0.016796
0 0.075141 0.571616 0.007531 0.017380
0 0.043299 0.584301 0.007005 0.014324
0 0.132495 0.646343 0.014365 0.014037
