0 0.133635 0.559519 0.009604 0.016574
0 0.364510 0.547819 0.011229 0.028750
0 0.370216 0.583162 0.009703 0.023343
0 0.636396 0.580153 0.008656 0.009472
0 0.186336 0.652958 0.012078 0.012009
0 0.115466 0.671139 0.014172 0.012852
0 0.011445 0.701324 0.010651 0.012352
0 0.009352 0.581338 0.008755 0.012509
0 0.016010 0.570088 0.005135 0.010657
0 0.026237 0.568486 0.005422 0.010824
0 0.037414 0.592241 0.009703 0.010315
0 0.057393 0.565190 0.005328 0.014713
0 0.085073 0.582343 0.006281 0.012167
0 0.087214 0.568565 0.004469 0.007611
0 0.111281 0.563657 0.009042 0.014019
0 0.120698 0.574139 0.009229 0.015370
0 0.215539 0.589671 0.011891 0.016491
