0 0.250628 0.563097 0.003766 0.009269
0 0.335315 0.572731 0.005745 0.012556
0 0.340930 0.607255 0.008255 0.005769
0 0.248776 0.570083 0.005083 0.011259
0 0.279495 0.567037 0.005219 0.009870
0 0.277909 0.581718 0.008526 0.010565
0 0.295714 0.581245 0.007927 0.011028
0 0.319789 0.583593 0.008391 0.010556
0 0.721964 0.684551 0.014458 0.024861
0 0.224823 0.659384 0.007760 0.013194
0 0.016776 0.637264 0.014042 0.012380
0 0.018945 0.582065 0.009703 0.010352
0 0.071911 0.573032 0.010615 0.012991
0 0.085211 0.593125 0.009818 0.011769
0 0.111753 0.572731 0.010161 0.014000
0 0.134583 0.556190 0.010385 0.014213
0 0.142003 0.571005 0.006047 0.012583
0 0.165346 0.614028 0.007307 0.010148
0 0.509747 0.579199 0.010901 0.007546
