0 0.129411 0.583116 0.007375 0.012824
0 0.093977 0.551060 0.005786 0.013250
0 0.053310 0.577060 0.009432 0.013380
0 0.040784 0.580444 0.007849 0.011130
0 0.071263 0.575435 0.006182 0.011556
0 0.027982 0.556273 0.009036 0.013528
0 0.040214 0.639616 0.005135 0.011361
0 0.062242 0.666102 0.009703 0.030648
0 0.832148 0.570093 0.009516 0.016907
0 0.831005 0.602560 0.007990 0.012176
0 0.602258 0.585208 0.006964 0.013602
0 0.260526 0.585139 0.005000 0.010204
0 0.506711 0.603889 0.004682 0.009556
0 0.465159 0.631083 0.009474 0.028222
0 0.364591 0.584194 0.007651 0.011981
0 0.314706 0.585005 0.005370 0.011157
0 0.264174 0.586856 0.004047 0.010713
0 0.236906 0.593125 0.004042 0.008602
0 0.193026 0.586782 0.005073 0.011139
0 0.137456 0.590310 0.006182 0.008880
