0 0.003813 0.570324 0.005573 0.012222
0 0.954083 0.677056 0.023406 0.035852
0 0.581594 0.561014 0.005781 0.010176
0 0.575456 0.563949 0.005724 0.009398
0 0.351773 0.565407 0.008068 0.008574
0 0.080138 0.593139 0.006255 0.006037
0 0.081521 0.586389 0.004740 0.008426
0 0.075375 0.570273 0.007448 0.009528
0 0.058240 0.579903 0.006302 0.010657
0 0.041443 0.562269 0.005104 0.012963
0 0.030219 0.565694 0.006510 0.008519
0 0.011026 0.609440 0.008021 0.008620
0 0.178891 0.596171 0.005469 0.009583
0 0.932536 0.686102 0.013792 0.044815
0 0.824521 0.586866 0.009323 0.010824
