0 0.453872 0.572546 0.008276 0.008963
0 0.324833 0.563625 0.009906 0.013231
0 0.202396 0.599565 0.013240 0.010426
0 0.119440 0.571454 0.006818 0.013389
0 0.107031 0.585616 0.009438 0.012120
0 0.085471 0.593787 0.008641 0.012407
0 0.052174 0.573282 0.005943 0.013676
0 0.053164 0.549537 0.003807 0.012407
0 0.014281 0.551931 0.007687 0.012120
0 0.023674 0.620569 0.009828 0.009583
0 0.003857 0.628741 0.006974 0.010148
0 0.427331 0.576181 0.007516 0.010824
0 0.630135 0.563833 0.006656 0.011167
0 0.622667 0.565523 0.006375 0.013528
0 0.707901 0.574065 0.012083 0.012352
0 0.857396 0.585565 0.013885 0.013352
0 0.409211 0.592245 0.008370 0.010824
