0 0.055448 0.645088 0.008083 0.011417
0 0.009193 0.576454 0.013552 0.013667
0 0.112682 0.573773 0.009510 0.008880
0 0.124258 0.615282 0.011255 0.014935
0 0.168888 0.584278 0.006974 0.013815
0 0.234089 0.576454 0.009750 0.019593
0 0.290096 0.583074 0.011255 0.021000
0 0.302820 0.563139 0.006578 0.010148
0 0.341583 0.571241 0.009906 0.020148
0 0.445625 0.582269 0.005042 0.010148
0 0.473167 0.665046 0.007802 0.012685
0 0.516305 0.589454 0.006182 0.012685
0 0.633104 0.594407 0.011417 0.011667
0 0.777651 0.590347 0.008844 0.009639
