0 0.874943 0.678856 0.019010 0.025917
0 0.024917 0.558722 0.005219 0.008574
0 0.005091 0.649912 0.007047 0.013509
0 0.018112 0.555731 0.006276 0.011037
0 0.036195 0.588889 0.007484 0.019278
0 0.125057 0.599856 0.008563 0.012417
0 0.273359 0.588792 0.006656 0.012009
0 0.321529 0.572190 0.006224 0.008417
0 0.372839 0.572537 0.005521 0.007870
0 0.407318 0.584389 0.009583 0.009722
0 0.540281 0.570491 0.008812 0.012667
0 0.561380 0.570824 0.006385 0.012222
0 0.565318 0.566102 0.006115 0.011000
0 0.787510 0.582472 0.010562 0.009111
0 0.872273 0.693880 0.024620 0.038500
