0 0.066789 0.578884 0.005422 0.011324
0 0.466544 0.559722 0.009891 0.009815
0 0.334000 0.582611 0.007729 0.010685
0 0.274049 0.570468 0.005547 0.010565
0 0.255255 0.641755 0.011167 0.012917
0 0.213281 0.563796 0.005021 0.015148
0 0.153430 0.564380 0.008724 0.009278
0 0.142201 0.572958 0.009120 0.011620
0 0.117062 0.557810 0.006406 0.015620
0 0.118539 0.614653 0.006755 0.013194
0 0.117635 0.584296 0.011031 0.014722
0 0.100888 0.585398 0.011214 0.012519
0 0.112594 0.570176 0.005521 0.009463
0 0.086055 0.566875 0.004755 0.010991
0 0.076966 0.568903 0.008276 0.014713
0 0.008430 0.648389 0.006849 0.010315
0 0.084008 0.612708 0.010557 0.016750
0 0.828042 0.688500 0.023969 0.037019
