0 0.364112 0.572667 0.006422 0.010852
0 0.776750 0.569907 0.013698 0.021111
0 0.387419 0.576046 0.010224 0.009167
0 0.261331 0.575333 0.007339 0.011333
0 0.218232 0.622602 0.012464 0.016241
0 0.225039 0.577532 0.008766 0.009972
0 0.219237 0.577532 0.005318 0.006602
0 0.199302 0.607125 0.008656 0.010991
0 0.193414 0.593426 0.006182 0.007611
0 0.182521 0.599347 0.007042 0.010991
0 0.162784 0.595458 0.006755 0.012676
0 0.134482 0.573472 0.008370 0.014370
0 0.123966 0.568148 0.008266 0.014204
0 0.101424 0.577616 0.006182 0.010824
0 0.087156 0.572375 0.006948 0.013861
0 0.078638 0.580407 0.011974 0.008963
0 0.057190 0.570005 0.011703 0.013861
0 0.030646 0.572542 0.005052 0.012176
0 0.026654 0.633764 0.007516 0.012509
