0 0.154247 0.597171 0.007068 0.010102
0 0.769456 0.684912 0.020776 0.037065
0 0.655466 0.574921 0.008557 0.012120
0 0.297701 0.578616 0.005151 0.012213
0 0.326932 0.561708 0.005479 0.008694
0 0.277487 0.590301 0.004891 0.012806
0 0.253076 0.600347 0.005484 0.008454
0 0.221234 0.643213 0.010375 0.011278
0 0.202440 0.581440 0.006214 0.010102
0 0.217768 0.563824 0.003964 0.009630
0 0.226122 0.566579 0.004297 0.010454
0 0.244487 0.582083 0.005089 0.009981
0 0.124586 0.584667 0.009578 0.011389
0 0.110682 0.568694 0.006740 0.013741
0 0.114281 0.556306 0.012750 0.014093
0 0.092219 0.568750 0.006406 0.010333
0 0.062424 0.569986 0.008651 0.012324
0 0.043268 0.573157 0.008786 0.009037
0 0.092354 0.697907 0.013688 0.015056
0 0.458406 0.581569 0.003906 0.009102
0 0.471701 0.580838 0.003526 0.008417
