0 0.367302 0.587630 0.008573 0.010148
0 0.934042 0.604574 0.010844 0.010481
0 0.544969 0.607282 0.006656 0.010824
0 0.597049 0.592398 0.004474 0.009130
0 0.291391 0.575028 0.012927 0.009981
0 0.265326 0.563866 0.004766 0.008620
0 0.256906 0.561500 0.003510 0.009296
0 0.248779 0.568014 0.004755 0.012176
0 0.237167 0.569787 0.009521 0.018093
0 0.222997 0.601495 0.009130 0.011843
0 0.202737 0.596759 0.007422 0.011833
0 0.106271 0.565051 0.006667 0.018769
0 0.112128 0.642931 0.009984 0.011157
0 0.053948 0.575620 0.006281 0.015556
0 0.037495 0.565981 0.009333 0.015222
0 0.028560 0.584926 0.005328 0.012852
0 0.020091 0.573931 0.005328 0.012509
0 0.002292 0.573426 0.004583 0.010148
