0 0.172297 0.597361 0.005750 0.011870
0 0.150862 0.613981 0.012682 0.008926
0 0.109638 0.599944 0.009120 0.010926
0 0.110859 0.563153 0.007729 0.012343
0 0.949401 0.588463 0.007771 0.009722
0 0.570518 0.589278 0.003724 0.008593
0 0.519068 0.581667 0.006104 0.011130
0 0.240802 0.577046 0.005219 0.009981
0 0.165294 0.559333 0.007995 0.011037
0 0.142240 0.558569 0.007198 0.015380
0 0.081331 0.618384 0.005349 0.012324
0 0.080174 0.562245 0.010172 0.017028
0 0.055138 0.565713 0.006474 0.010333
0 0.204667 0.591431 0.009583 0.012917
0 0.156378 0.600241 0.007599 0.010574
