0 0.260714 0.565074 0.008125 0.008222
0 0.182799 0.588713 0.007432 0.009204
0 0.869250 0.589282 0.007229 0.009472
0 0.611034 0.605606 0.006620 0.011361
0 0.394896 0.577815 0.007667 0.008574
0 0.294674 0.576329 0.004422 0.007991
0 0.266130 0.590796 0.005875 0.014333
0 0.205651 0.601954 0.006208 0.010333
0 0.205487 0.592912 0.005484 0.007991
0 0.205221 0.576819 0.007203 0.010102
0 0.199573 0.633431 0.009115 0.011509
0 0.162216 0.629551 0.009714 0.011046
0 0.118747 0.577681 0.006578 0.012972
0 0.098888 0.551185 0.008245 0.018037
0 0.095878 0.576620 0.007453 0.017056
0 0.081133 0.569648 0.006339 0.016352
0 0.070352 0.570847 0.008401 0.017898
0 0.037294 0.583458 0.006661 0.014380
0 0.022945 0.634051 0.008401 0.012120
