0 0.070286 0.573852 0.008625 0.016000
0 0.035677 0.586449 0.006750 0.012398
0 0.012576 0.618514 0.009453 0.013065
0 0.284089 0.573931 0.004813 0.009991
0 0.272542 0.580981 0.008063 0.007333
0 0.226323 0.586537 0.004500 0.009778
0 0.210260 0.572259 0.005750 0.013444
0 0.189760 0.594315 0.005500 0.009778
0 0.171542 0.588815 0.006313 0.009000
0 0.157167 0.613481 0.007938 0.011222
0 0.181198 0.631759 0.009250 0.012000
0 0.239448 0.638648 0.007125 0.011111
0 0.548276 0.564815 0.005375 0.010778
0 0.597557 0.600370 0.007187 0.010333
0 0.794953 0.591093 0.009896 0.012407
0 0.082474 0.571986 0.007052 0.013602
0 0.095599 0.554981 0.007500 0.015333
0 0.094135 0.577250 0.009375 0.016667
0 0.115474 0.578847 0.006000 0.013731
