0 0.288336 0.587611 0.004203 0.009333
0 0.261935 0.596074 0.007953 0.007333
0 0.244497 0.585676 0.005172 0.018000
0 0.219839 0.600819 0.007052 0.013065
0 0.214589 0.614954 0.005552 0.009333
0 0.069031 0.585778 0.005573 0.016204
0 0.081714 0.574806 0.006042 0.011667
0 0.089500 0.575176 0.007552 0.011111
0 0.096193 0.579157 0.006354 0.012222
0 0.107365 0.576426 0.007448 0.014352
0 0.128609 0.560481 0.006937 0.012333
0 0.191411 0.636287 0.010948 0.010667
0 0.019760 0.638926 0.006719 0.016389
0 0.051714 0.573139 0.008125 0.014444
0 0.066453 0.571889 0.005625 0.014167
0 0.209414 0.602819 0.004349 0.009602
0 0.069604 0.563556 0.006094 0.014352
0 0.808141 0.606185 0.014312 0.010074
0 0.599576 0.598088 0.011339 0.011139
0 0.526029 0.595972 0.012849 0.014204
0 0.421625 0.583153 0.006000 0.013602
0 0.398187 0.586088 0.005927 0.010935
0 0.387875 0.584954 0.004646 0.010000
