0 0.362122 0.952370 0.039974 0.044056
0 0.483625 0.580185 0.010094 0.011500
0 0.320596 0.476810 0.013589 0.011213
0 0.426435 0.522727 0.010807 0.010009
0 0.413659 0.468773 0.008161 0.009546
0 0.437659 0.484190 0.005693 0.011620
0 0.443612 0.471708 0.006599 0.007139
0 0.450281 0.473778 0.007646 0.008278
0 0.455099 0.467222 0.004208 0.009426
0 0.487263 0.501019 0.009578 0.011500
0 0.515096 0.549778 0.008016 0.010352
0 0.513508 0.514176 0.005245 0.012537
0 0.530461 0.527347 0.003693 0.006898
0 0.531951 0.511014 0.006922 0.008750
0 0.533469 0.488639 0.005562 0.009093
0 0.527974 0.472421 0.007510 0.009546
0 0.557635 0.491403 0.007052 0.007250
0 0.589039 0.520801 0.010224 0.020824
0 0.586904 0.508551 0.004661 0.006213
0 0.591977 0.500324 0.006276 0.009778
0 0.607576 0.507056 0.004859 0.008741
0 0.611680 0.503722 0.003880 0.005056
0 0.611586 0.499065 0.005505 0.006093
0 0.628409 0.494634 0.008484 0.009898
0 0.602523 0.560375 0.008214 0.009083
0 0.611263 0.573894 0.009130 0.008287
0 0.619872 0.574523 0.008734 0.007472
0 0.648945 0.515380 0.005234 0.008963
0 0.686156 0.503713 0.004333 0.010926
0 0.731997 0.503644 0.006339 0.009435
0 0.890635 0.505255 0.008948 0.007454
0 0.973656 0.538222 0.011552 0.009278
