0 0.603495 0.586222 0.010833 0.012685
0 0.540315 0.641481 0.006641 0.012593
0 0.452107 0.625537 0.009516 0.012593
0 0.202206 0.647884 0.010224 0.011102
0 0.625062 0.476690 0.007948 0.008398
0 0.615164 0.483356 0.006151 0.007602
0 0.601961 0.479426 0.005849 0.012000
0 0.576914 0.488889 0.009151 0.007741
0 0.576987 0.483421 0.003901 0.009861
0 0.575414 0.473491 0.008401 0.014537
0 0.561651 0.471023 0.008927 0.015194
0 0.556026 0.454889 0.014323 0.013333
0 0.543661 0.469949 0.009552 0.012509
0 0.523289 0.469889 0.007651 0.016667
0 0.511138 0.462023 0.007349 0.014528
0 0.514401 0.451222 0.005625 0.010537
0 0.498763 0.454556 0.006599 0.012926
0 0.487063 0.456023 0.006896 0.010806
0 0.468237 0.464356 0.014099 0.011472
0 0.523474 0.505620 0.014323 0.012130
0 0.512112 0.488755 0.012599 0.012806
0 0.466174 0.495954 0.020172 0.017870
0 0.925182 0.511972 0.010198 0.010796
0 0.899271 0.577838 0.012521 0.013731
0 0.762828 0.509444 0.003875 0.006444
0 0.677219 0.541407 0.010781 0.024907
0 0.723052 0.521083 0.006406 0.009259
0 0.707505 0.489139 0.010208 0.009259
0 0.674953 0.486222 0.005937 0.011574
0 0.668599 0.487472 0.005729 0.010185
0 0.640865 0.499556 0.008698 0.010278
0 0.616906 0.528722 0.005885 0.012500
0 0.592714 0.535898 0.009271 0.013333
0 0.562245 0.539648 0.006875 0.007685
