0 0.535148 0.613690 0.005766 0.009287
0 0.542794 0.610546 0.007839 0.010926
0 0.581380 0.564157 0.011375 0.009704
0 0.654826 0.512088 0.008151 0.009157
0 0.647490 0.537157 0.011615 0.009833
0 0.691221 0.560731 0.009141 0.009704
0 0.688565 0.515162 0.007224 0.008194
0 0.562802 0.501296 0.008115 0.006741
0 0.577000 0.489671 0.008219 0.007972
0 0.588688 0.501106 0.011740 0.007676
0 0.603336 0.505662 0.007099 0.006750
0 0.611771 0.507889 0.009125 0.007778
0 0.613880 0.518472 0.007792 0.008444
0 0.630346 0.517759 0.009766 0.009111
0 0.635336 0.503477 0.009182 0.009769
0 0.053995 0.693463 0.011250 0.013278
0 0.103573 0.682065 0.008937 0.015741
0 0.752128 0.509352 0.007839 0.010796
0 0.158839 0.682222 0.011052 0.009204
0 0.260302 0.543417 0.014906 0.014074
0 0.244508 0.467375 0.006068 0.013935
0 0.325823 0.458907 0.007302 0.010389
0 0.367443 0.457606 0.004615 0.008880
0 0.393497 0.463824 0.007380 0.007111
0 0.395919 0.456921 0.004995 0.006694
0 0.414154 0.465435 0.006724 0.009574
0 0.426297 0.467894 0.007208 0.014324
0 0.432755 0.476005 0.005708 0.009491
0 0.449221 0.454894 0.004161 0.014139
0 0.473799 0.485926 0.012547 0.008259
0 0.502302 0.521366 0.006031 0.006639
0 0.506865 0.514861 0.014198 0.007685
0 0.514682 0.494319 0.012437 0.007398
0 0.533044 0.465472 0.005714 0.013093
0 0.532831 0.495940 0.012328 0.008176
0 0.544198 0.490097 0.009448 0.008639
0 0.555034 0.498213 0.009766 0.008537
0 0.548229 0.508699 0.005333 0.008250
0 0.560826 0.509412 0.007901 0.004935
