0 0.460229 0.579287 0.008021 0.014426
0 0.721943 0.508519 0.011802 0.014759
0 0.685375 0.491625 0.008208 0.015398
0 0.657471 0.515481 0.009776 0.008704
0 0.642393 0.537134 0.009682 0.016231
0 0.638888 0.549093 0.010234 0.009333
0 0.624039 0.558514 0.008391 0.010491
0 0.619474 0.520981 0.008115 0.017056
0 0.608313 0.487287 0.004979 0.008037
0 0.607346 0.494338 0.004516 0.011306
0 0.562495 0.487796 0.007687 0.010111
0 0.552273 0.479796 0.006609 0.007241
0 0.537784 0.486153 0.006995 0.008194
0 0.520721 0.480412 0.006224 0.008194
0 0.515651 0.479935 0.005458 0.009704
0 0.505427 0.470370 0.007146 0.011889
0 0.503469 0.479593 0.005531 0.010111
0 0.408240 0.472560 0.007531 0.009972
0 0.399901 0.468935 0.005458 0.013111
0 0.377841 0.468801 0.005609 0.010657
0 0.370003 0.486699 0.007766 0.012843
0 0.225630 0.638657 0.010990 0.015167
0 0.480451 0.474880 0.006839 0.010796
0 0.477797 0.481986 0.011990 0.008602
0 0.474224 0.476454 0.005458 0.009833
0 0.501815 0.495648 0.010682 0.009148
0 0.463271 0.480481 0.012302 0.008056
0 0.462349 0.472218 0.006458 0.013120
0 0.434333 0.469894 0.007917 0.013398
0 0.983453 0.524162 0.006823 0.014435
0 0.918943 0.520481 0.008854 0.007481
0 0.845841 0.526778 0.011620 0.012593
0 0.763997 0.510245 0.006422 0.018102
0 0.707221 0.508676 0.009297 0.011019
0 0.753372 0.511231 0.009516 0.015352
0 0.730076 0.558060 0.009411 0.008657
0 0.793880 0.542023 0.013948 0.014361
0 0.854365 0.666773 0.016052 0.009639
