0 0.656232 0.499319 0.004516 0.008065
0 0.698940 0.559926 0.007193 0.009204
0 0.725495 0.560394 0.006302 0.006398
0 0.074065 0.671750 0.009964 0.022204
0 0.241995 0.641370 0.010719 0.016981
0 0.335669 0.525963 0.014536 0.012722
0 0.346685 0.460565 0.015318 0.012722
0 0.438760 0.454500 0.006708 0.014907
0 0.451732 0.468713 0.004474 0.011130
0 0.466174 0.457731 0.009318 0.008426
0 0.498677 0.462500 0.008177 0.014074
0 0.485836 0.509352 0.006453 0.010000
0 0.509661 0.491435 0.007552 0.008426
0 0.523828 0.492454 0.005990 0.010093
0 0.535443 0.482269 0.006927 0.010278
0 0.545914 0.497454 0.007234 0.008981
0 0.538208 0.467944 0.010937 0.014907
0 0.546542 0.456278 0.011771 0.010093
0 0.573052 0.496556 0.005938 0.010278
0 0.572714 0.507343 0.005052 0.005926
0 0.579250 0.503963 0.004375 0.009537
0 0.583521 0.506648 0.007708 0.008056
0 0.602141 0.493361 0.012969 0.008519
0 0.541104 0.597435 0.009583 0.010185
0 0.552693 0.601046 0.008281 0.031296
0 0.743599 0.512426 0.010833 0.023148
0 0.784615 0.505296 0.011198 0.023704
0 0.701682 0.499083 0.007188 0.016111
0 0.705979 0.495755 0.003698 0.009824
0 0.688297 0.502278 0.010000 0.009537
