0 0.548042 0.504796 0.006135 0.012148
0 0.554872 0.503551 0.006130 0.013528
0 0.568034 0.530815 0.008234 0.008704
0 0.866445 0.514167 0.008151 0.008741
0 0.642383 0.512662 0.010172 0.010213
0 0.627745 0.506796 0.008385 0.007870
0 0.608956 0.507694 0.004193 0.008556
0 0.612135 0.516458 0.006833 0.009250
0 0.600919 0.525157 0.008464 0.010630
0 0.587484 0.511144 0.006292 0.008287
0 0.571102 0.507972 0.005359 0.011315
0 0.796013 0.512287 0.007839 0.009111
0 0.712031 0.515713 0.007844 0.013111
0 0.664086 0.553398 0.007609 0.013111
0 0.771411 0.677472 0.010146 0.015167
0 0.694208 0.678333 0.007406 0.012315
0 0.373898 0.673097 0.013141 0.010750
0 0.319513 0.484000 0.013755 0.012722
0 0.444250 0.521528 0.006521 0.013667
0 0.432253 0.484051 0.006286 0.010491
0 0.423404 0.484810 0.005047 0.009250
0 0.427362 0.473282 0.004734 0.008009
0 0.446542 0.473347 0.005667 0.012287
0 0.480396 0.469829 0.005667 0.011046
0 0.578477 0.480981 0.003651 0.007315
0 0.511958 0.521111 0.006365 0.008426
0 0.515180 0.568250 0.006286 0.011870
0 0.513099 0.473588 0.006042 0.010361
0 0.518734 0.486963 0.008354 0.012944
0 0.532969 0.484324 0.012885 0.008241
0 0.630852 0.522755 0.009630 0.008972
0 0.929987 0.516468 0.006474 0.014491
0 0.650068 0.544907 0.005823 0.012148
0 0.577120 0.485815 0.004813 0.007870
0 0.563026 0.486991 0.007531 0.015463
0 0.553982 0.474699 0.006057 0.010491
