0 0.755596 0.571370 0.004516 0.009019
0 0.127943 0.567560 0.007531 0.010713
0 0.120849 0.564736 0.005865 0.009287
0 0.097112 0.570366 0.007839 0.011843
0 0.080422 0.565028 0.007760 0.010148
0 0.069875 0.597574 0.007292 0.009000
0 0.034680 0.563602 0.005391 0.009296
0 0.012799 0.602231 0.008557 0.010426
0 0.007690 0.627241 0.006901 0.013685
0 0.202070 0.603065 0.006870 0.008926
0 0.201706 0.629079 0.005880 0.010454
0 0.258823 0.606505 0.005229 0.012139
0 0.293206 0.574208 0.006276 0.009583
0 0.424891 0.590514 0.005177 0.008620
0 0.746560 0.573972 0.006578 0.010852
0 0.718339 0.587926 0.014188 0.024093
