0 0.052930 0.579370 0.007755 0.016759
0 0.905659 0.614542 0.009609 0.021694
0 0.760346 0.601676 0.019224 0.007685
0 0.502401 0.597111 0.006750 0.010722
0 0.387701 0.576685 0.006661 0.012407
0 0.381714 0.580806 0.005417 0.013426
0 0.346271 0.581269 0.007969 0.010833
0 0.276471 0.582380 0.005161 0.009537
0 0.262539 0.593769 0.004057 0.009907
0 0.248008 0.581500 0.005099 0.009259
0 0.231057 0.615806 0.006615 0.014352
0 0.226914 0.601963 0.006141 0.014444
0 0.217956 0.602704 0.005839 0.011111
0 0.152904 0.629231 0.007703 0.010648
0 0.125589 0.564694 0.010260 0.014259
0 0.115349 0.581963 0.007188 0.014167
0 0.108789 0.580898 0.006568 0.011481
0 0.102826 0.582981 0.007443 0.012315
0 0.090688 0.581639 0.005365 0.014815
0 0.077852 0.588722 0.006359 0.009167
0 0.065898 0.576639 0.005891 0.013333
0 0.061888 0.565204 0.009328 0.013796
0 0.039208 0.635111 0.008437 0.013981
