0 0.185138 0.560940 0.007203 0.006343
0 0.026161 0.606491 0.007917 0.011019
0 0.024625 0.585750 0.009219 0.014537
0 0.055563 0.572509 0.010260 0.017130
0 0.068740 0.571491 0.006302 0.015278
0 0.079990 0.556722 0.008073 0.015741
0 0.080146 0.576259 0.007552 0.015556
0 0.098062 0.577880 0.006510 0.015278
0 0.095961 0.667727 0.009672 0.013731
0 0.166971 0.593542 0.005745 0.009269
0 0.162547 0.580269 0.009448 0.009056
0 0.157029 0.589542 0.011891 0.009750
0 0.152672 0.614500 0.006344 0.008926
0 0.169979 0.629245 0.011229 0.009750
0 0.177477 0.621778 0.007599 0.009630
0 0.185305 0.571921 0.006078 0.017028
0 0.224148 0.584139 0.007401 0.013741
0 0.261208 0.574505 0.006073 0.008343
0 0.270557 0.583736 0.005615 0.013620
0 0.296120 0.561120 0.007729 0.008574
0 0.320664 0.620542 0.008589 0.014213
0 0.696878 0.587981 0.020547 0.011333
