0 0.138141 0.576060 0.004844 0.009454
0 0.737799 0.695218 0.012557 0.027231
0 0.774758 0.690398 0.022359 0.034500
0 0.832922 0.593440 0.013323 0.011639
0 0.411646 0.568130 0.006937 0.007241
0 0.321893 0.579181 0.006276 0.013120
0 0.293654 0.571106 0.005182 0.011250
0 0.187419 0.577606 0.009120 0.014324
0 0.090182 0.582491 0.006354 0.011667
0 0.083672 0.576935 0.006979 0.010741
0 0.051302 0.588130 0.007240 0.009259
0 0.002310 0.570810 0.004620 0.014806
0 0.041930 0.646741 0.009078 0.008796
0 0.078529 0.643944 0.009526 0.012796
