0 0.086323 0.589542 0.006479 0.010806
0 0.080182 0.575981 0.009510 0.010926
0 0.103964 0.562236 0.011365 0.009750
0 0.111594 0.578088 0.007073 0.016565
0 0.133195 0.578505 0.008651 0.011509
0 0.143799 0.574977 0.007797 0.011750
0 0.060383 0.579264 0.008193 0.013509
0 0.045023 0.565875 0.006807 0.015380
0 0.035643 0.576681 0.010370 0.008343
0 0.022987 0.636532 0.008443 0.015824
0 0.088703 0.623306 0.008323 0.012093
0 0.674409 0.598111 0.017120 0.016907
0 0.414544 0.593264 0.009245 0.011157
0 0.369456 0.577634 0.008589 0.009398
0 0.379826 0.568940 0.011495 0.012676
0 0.226451 0.623806 0.011099 0.014093
0 0.216419 0.603019 0.007370 0.016778
0 0.024677 0.577208 0.010104 0.006583
0 0.202469 0.600060 0.005625 0.010287
0 0.246229 0.579343 0.009750 0.014519
0 0.287065 0.573852 0.009380 0.011630
