0 0.295263 0.587046 0.007599 0.010333
0 0.322016 0.576657 0.005615 0.013037
0 0.235677 0.575542 0.006406 0.012454
0 0.755266 0.687819 0.013604 0.020824
0 0.781380 0.577296 0.007229 0.009815
0 0.169622 0.603199 0.007797 0.009157
0 0.139630 0.593278 0.007000 0.009981
0 0.128596 0.575833 0.007797 0.016444
0 0.125591 0.554111 0.005349 0.014093
0 0.102867 0.574426 0.007068 0.014093
0 0.069969 0.569551 0.008521 0.014676
0 0.048102 0.584287 0.013672 0.010333
0 0.830703 0.575685 0.006750 0.006259
0 0.238185 0.567028 0.004953 0.010926
0 0.253586 0.573843 0.006161 0.013741
0 0.251432 0.583824 0.006604 0.009278
0 0.274753 0.580120 0.005151 0.009389
0 0.311680 0.603722 0.008057 0.008926
