0 0.946826 0.589338 0.007370 0.011694
0 0.351573 0.597537 0.007844 0.009722
0 0.225859 0.576204 0.007469 0.012704
0 0.186326 0.581782 0.005953 0.015139
0 0.185331 0.570384 0.007130 0.009509
0 0.152599 0.581602 0.005615 0.011981
0 0.159896 0.606685 0.007927 0.009741
0 0.113422 0.569273 0.006937 0.012213
0 0.093638 0.551782 0.004495 0.010343
0 0.097833 0.550782 0.005354 0.012102
0 0.068635 0.553657 0.005750 0.012907
0 0.052945 0.556704 0.004359 0.009870
0 0.029888 0.624773 0.011891 0.009750
0 0.070549 0.610435 0.006141 0.008093
0 0.079766 0.621944 0.007927 0.009278
0 0.168214 0.562880 0.007531 0.011741
