0 0.117130 0.609926 0.005865 0.009444
0 0.125771 0.630287 0.010937 0.011833
0 0.025635 0.677079 0.010625 0.013509
0 0.046031 0.663181 0.010021 0.011546
0 0.057729 0.600051 0.006552 0.009787
0 0.058031 0.587824 0.007708 0.011741
0 0.066896 0.556356 0.007271 0.013602
0 0.050961 0.554787 0.009964 0.016148
0 0.017378 0.556556 0.005672 0.013796
0 0.005901 0.556995 0.005177 0.012528
0 0.305966 0.578704 0.005026 0.010259
0 0.234365 0.579713 0.006198 0.012778
0 0.201161 0.582583 0.006458 0.007407
0 0.163740 0.604157 0.004115 0.009074
0 0.166630 0.595083 0.009896 0.008704
0 0.353781 0.590505 0.010802 0.011472
0 0.339568 0.576440 0.010573 0.011065
0 0.094698 0.553134 0.006344 0.015361
0 0.120857 0.550102 0.006182 0.012407
0 0.120620 0.573069 0.006344 0.014935
0 0.126883 0.591042 0.005547 0.010009
0 0.167021 0.584898 0.005990 0.011481
