0 0.294315 0.556329 0.006661 0.013676
0 0.004125 0.621792 0.008250 0.010565
0 0.038104 0.593375 0.010781 0.015380
0 0.079445 0.563778 0.006266 0.010000
0 0.102750 0.589991 0.008958 0.016222
0 0.181508 0.574648 0.011099 0.012259
0 0.445646 0.571593 0.007687 0.008037
0 0.446359 0.589065 0.011021 0.010574
0 0.541336 0.565519 0.006057 0.007630
0 0.635802 0.558130 0.004406 0.006759
0 0.623417 0.559792 0.005396 0.008713
0 0.765607 0.575736 0.007453 0.010991
0 0.864461 0.588134 0.010620 0.010713
0 0.048211 0.561523 0.007370 0.013380
0 0.059589 0.568569 0.006500 0.008324
0 0.073104 0.577880 0.006104 0.010574
0 0.088047 0.563282 0.007135 0.009880
