0 0.025734 0.565875 0.006542 0.013028
0 0.012292 0.566523 0.007000 0.012454
0 0.007138 0.602106 0.011630 0.010565
0 0.066932 0.672861 0.015313 0.012352
0 0.065935 0.698227 0.009891 0.016065
0 0.516164 0.581236 0.008943 0.033991
0 0.453247 0.575199 0.009578 0.011398
0 0.361292 0.582116 0.006990 0.018398
0 0.221010 0.600759 0.005750 0.009981
0 0.212982 0.587838 0.006474 0.015861
0 0.231581 0.577269 0.005484 0.017259
0 0.199276 0.582375 0.004823 0.010102
0 0.162151 0.580088 0.010104 0.013972
0 0.179591 0.582079 0.008255 0.011861
0 0.152341 0.635106 0.011495 0.010565
0 0.099922 0.607801 0.011562 0.011620
0 0.095167 0.560588 0.007729 0.013269
0 0.104216 0.556190 0.007995 0.015269
0 0.101174 0.573977 0.007464 0.010213
0 0.126841 0.566111 0.008057 0.020556
0 0.130440 0.554421 0.007599 0.011509
0 0.056385 0.560944 0.008656 0.019148
