0 0.08482142857142858 0.9084821428571429 0.015625 0.017857142857142856
0 0.12276785714285714 0.890625 0.011160714285714286 0.015625
0 0.14732142857142858 0.8995535714285714 0.022321428571428572 0.015625
0 0.008928571428571428 0.90625 0.013392857142857142 0.008928571428571428
0 0.5915178571428571 0.9709821428571429 0.044642857142857144 0.015625
0 0.49776785714285715 0.9352678571428571 0.015625 0.015625
0 0.48660714285714285 0.8794642857142857 0.020089285714285716 0.011160714285714286
0 0.5915178571428571 0.8683035714285714 0.015625 0.015625
0 0.6540178571428571 0.8839285714285714 0.011160714285714286 0.020089285714285716
0 0.6651785714285714 0.9040178571428571 0.013392857142857142 0.017857142857142856
0 0.7522321428571429 0.9285714285714286 0.013392857142857142 0.015625
0 0.6183035714285714 0.9129464285714286 0.029017857142857144 0.008928571428571428