0 0.84375 0.8950892857142857 0.013392857142857142 0.015625
0 0.7857142857142857 0.9017857142857143 0.013392857142857142 0.015625
0 0.7633928571428571 0.96875 0.015625 0.022321428571428572
0 0.8236607142857143 0.9620535714285714 0.020089285714285716 0.013392857142857142
0 0.6852678571428571 0.9508928571428571 0.017857142857142856 0.013392857142857142
0 0.7098214285714286 0.9308035714285714 0.015625 0.013392857142857142
0 0.9084821428571429 0.9352678571428571 0.022321428571428572 0.013392857142857142
0 0.5602678571428571 0.9441964285714286 0.013392857142857142 0.015625
0 0.38839285714285715 0.9397321428571429 0.013392857142857142 0.013392857142857142
0 0.4799107142857143 0.9174107142857143 0.015625 0.015625
0 0.30580357142857145 0.8973214285714286 0.017857142857142856 0.013392857142857142
0 0.013392857142857142 0.921875 0.024553571428571428 0.015625