0 0.011160714285714286 0.9241071428571429 0.022321428571428572 0.026785714285714284
0 0.049107142857142856 0.9151785714285714 0.033482142857142856 0.015625
0 0.07366071428571429 0.9642857142857143 0.026785714285714284 0.015625
0 0.32142857142857145 0.9330357142857143 0.03571428571428571 0.013392857142857142
0 0.41964285714285715 0.9151785714285714 0.017857142857142856 0.015625
0 0.6071428571428571 0.9375 0.013392857142857142 0.013392857142857142
0 0.35044642857142855 0.9241071428571429 0.017857142857142856 0.013392857142857142
0 0.6964285714285714 0.9575892857142857 0.017857142857142856 0.013392857142857142
0 0.8526785714285714 0.9508928571428571 0.015625 0.020089285714285716
0 0.90625 0.9397321428571429 0.017857142857142856 0.020089285714285716
0 0.9397321428571429 0.9598214285714286 0.017857142857142856 0.017857142857142856
0 0.7075892857142857 0.984375 0.04241071428571429 0.015625
0 0.6875 0.9263392857142857 0.03794642857142857 0.013392857142857142