0 0.9486607142857143 0.07142857142857142 0.026785714285714284 0.022321428571428572
0 0.453125 0.20758928571428573 0.0625 0.022321428571428572
0 0.35267857142857145 0.017857142857142856 0.015625 0.015625
0 0.026785714285714284 0.05580357142857143 0.017857142857142856 0.015625
0 0.008928571428571428 0.04241071428571429 0.008928571428571428 0.022321428571428572
0 0.22991071428571427 0.25669642857142855 0.03571428571428571 0.015625
0 0.5669642857142857 0.03794642857142857 0.024553571428571428 0.020089285714285716
0 0.21875 0.10491071428571429 0.04017857142857143 0.020089285714285716
0 0.9107142857142857 0.03125 0.05133928571428571 0.011160714285714286
0 0.38839285714285715 0.109375 0.015625 0.015625
0 0.3392857142857143 0.15625 0.015625 0.011160714285714286