0 0.05803571428571429 0.9754464285714286 0.015625 0.017857142857142856
0 0.21875 0.9129464285714286 0.017857142857142856 0.024553571428571428
0 0.37276785714285715 0.9620535714285714 0.015625 0.017857142857142856
0 0.28794642857142855 0.9486607142857143 0.017857142857142856 0.017857142857142856
0 0.39955357142857145 0.9910714285714286 0.022321428571428572 0.008928571428571428
0 0.4732142857142857 0.9419642857142857 0.04017857142857143 0.013392857142857142
0 0.20089285714285715 0.9129464285714286 0.022321428571428572 0.013392857142857142
0 0.6316964285714286 0.9308035714285714 0.020089285714285716 0.013392857142857142
0 0.625 0.9575892857142857 0.015625 0.020089285714285716
0 0.7433035714285714 0.9151785714285714 0.015625 0.015625
0 0.7834821428571429 0.9575892857142857 0.015625 0.013392857142857142
0 0.8303571428571429 0.9285714285714286 0.033482142857142856 0.011160714285714286