0 0.9620535714285714 0.9151785714285714 0.015625 0.020089285714285716
0 0.9196428571428571 0.8950892857142857 0.013392857142857142 0.017857142857142856
0 0.8928571428571429 0.90625 0.024553571428571428 0.017857142857142856
0 0.39732142857142855 0.984375 0.049107142857142856 0.017857142857142856
0 0.5022321428571429 0.9441964285714286 0.017857142857142856 0.015625
0 0.5133928571428571 0.8839285714285714 0.022321428571428572 0.013392857142857142
0 0.39955357142857145 0.8705357142857143 0.015625 0.017857142857142856
0 0.33035714285714285 0.8883928571428571 0.011160714285714286 0.022321428571428572
0 0.3169642857142857 0.9107142857142857 0.015625 0.020089285714285716
0 0.21875 0.9375 0.015625 0.017857142857142856
0 0.36830357142857145 0.921875 0.03125 0.011160714285714286