0 0.024553571428571428 0.9241071428571429 0.049107142857142856 0.013392857142857142
0 0.16071428571428573 0.90625 0.022321428571428572 0.017857142857142856
0 0.13169642857142858 0.8727678571428571 0.017857142857142856 0.017857142857142856
0 0.27232142857142855 0.9776785714285714 0.044642857142857144 0.015625
0 0.29017857142857145 0.9955357142857143 0.04017857142857143 0.002232142857142857
0 0.5491071428571429 0.9352678571428571 0.015625 0.013392857142857142
0 0.38839285714285715 0.9352678571428571 0.022321428571428572 0.013392857142857142
0 0.39732142857142855 0.8861607142857143 0.013392857142857142 0.011160714285714286
0 0.22321428571428573 0.8816964285714286 0.015625 0.011160714285714286
0 0.796875 0.9196428571428571 0.013392857142857142 0.011160714285714286
0 0.8549107142857143 0.9151785714285714 0.011160714285714286 0.013392857142857142