0 0.9888392857142857 0.48660714285714285 0.013392857142857142 0.03571428571428571
0 0.9419642857142857 0.5870535714285714 0.04241071428571429 0.020089285714285716
0 0.8928571428571429 0.5491071428571429 0.017857142857142856 0.03125
0 0.7834821428571429 0.5223214285714286 0.022321428571428572 0.022321428571428572
0 0.71875 0.45982142857142855 0.020089285714285716 0.029017857142857144
0 0.7120535714285714 0.390625 0.015625 0.020089285714285716
0 0.6428571428571429 0.3861607142857143 0.022321428571428572 0.026785714285714284
0 0.5491071428571429 0.43973214285714285 0.015625 0.026785714285714284
0 0.5089285714285714 0.4419642857142857 0.017857142857142856 0.03125
0 0.44642857142857145 0.3638392857142857 0.013392857142857142 0.024553571428571428
0 0.3861607142857143 0.40401785714285715 0.017857142857142856 0.026785714285714284
0 0.33035714285714285 0.36160714285714285 0.017857142857142856 0.017857142857142856
0 0.2924107142857143 0.6629464285714286 0.029017857142857144 0.020089285714285716
0 0.18526785714285715 0.40625 0.015625 0.026785714285714284
0 0.15625 0.38839285714285715 0.015625 0.024553571428571428
0 0.12053571428571429 0.3638392857142857 0.015625 0.020089285714285716
0 0.19866071428571427 0.6316964285714286 0.017857142857142856 0.029017857142857144