0 0.28125 0.38169642857142855 0.04017857142857143 0.022321428571428572
0 0.15178571428571427 0.35714285714285715 0.015625 0.03571428571428571
0 0.4330357142857143 0.3705357142857143 0.029017857142857144 0.024553571428571428
0 0.38392857142857145 0.43973214285714285 0.024553571428571428 0.020089285714285716
0 0.5602678571428571 0.46651785714285715 0.03571428571428571 0.020089285714285716
0 0.6049107142857143 0.41517857142857145 0.04017857142857143 0.024553571428571428
0 0.7991071428571429 0.45535714285714285 0.026785714285714284 0.03571428571428571
0 0.5959821428571429 0.5178571428571429 0.03794642857142857 0.044642857142857144
0 0.5133928571428571 0.5558035714285714 0.024553571428571428 0.033482142857142856
0 0.984375 0.5245535714285714 0.024553571428571428 0.05580357142857143
0 0.875 0.45982142857142855 0.022321428571428572 0.03125
0 0.8370535714285714 0.35714285714285715 0.015625 0.020089285714285716
0 0.75 0.37276785714285715 0.029017857142857144 0.024553571428571428
0 0.9910714285714286 0.36830357142857145 0.011160714285714286 0.05133928571428571