0 0.8995535714285714 0.3169642857142857 0.03125 0.022321428571428572
0 0.7477678571428571 0.328125 0.024553571428571428 0.03125
0 0.8125 0.32589285714285715 0.017857142857142856 0.024553571428571428
0 0.6473214285714286 0.33482142857142855 0.020089285714285716 0.026785714285714284
0 0.6272321428571429 0.25669642857142855 0.015625 0.026785714285714284
0 0.4575892857142857 0.3392857142857143 0.022321428571428572 0.024553571428571428
0 0.38392857142857145 0.296875 0.017857142857142856 0.029017857142857144
0 0.3236607142857143 0.29910714285714285 0.017857142857142856 0.026785714285714284
0 0.25223214285714285 0.26785714285714285 0.03125 0.017857142857142856
0 0.32142857142857145 0.36830357142857145 0.020089285714285716 0.020089285714285716
0 0.26339285714285715 0.35714285714285715 0.022321428571428572 0.026785714285714284
0 0.29910714285714285 0.4330357142857143 0.029017857142857144 0.026785714285714284
0 0.125 0.47098214285714285 0.05357142857142857 0.017857142857142856
0 0.359375 0.27901785714285715 0.020089285714285716 0.022321428571428572