0 0.8995535714285714 0.46651785714285715 0.020089285714285716 0.022321428571428572
0 0.5848214285714286 0.47098214285714285 0.03794642857142857 0.017857142857142856
0 0.671875 0.47098214285714285 0.024553571428571428 0.015625
0 0.6495535714285714 0.4174107142857143 0.033482142857142856 0.015625
0 0.4888392857142857 0.421875 0.015625 0.022321428571428572
0 0.3325892857142857 0.6450892857142857 0.026785714285714284 0.017857142857142856
0 0.33482142857142855 0.47767857142857145 0.017857142857142856 0.017857142857142856
0 0.23883928571428573 0.42410714285714285 0.013392857142857142 0.020089285714285716
0 0.28348214285714285 0.35714285714285715 0.013392857142857142 0.026785714285714284
0 0.14955357142857142 0.36607142857142855 0.013392857142857142 0.024553571428571428
0 0.10267857142857142 0.375 0.015625 0.024553571428571428
0 0.060267857142857144 0.6763392857142857 0.013392857142857142 0.020089285714285716