0 0.7991071428571429 0.35044642857142855 0.017857142857142856 0.03125
0 0.7522321428571429 0.34151785714285715 0.03125 0.020089285714285716
0 0.6830357142857143 0.30357142857142855 0.015625 0.024553571428571428
0 0.6428571428571429 0.47098214285714285 0.049107142857142856 0.020089285714285716
0 0.5669642857142857 0.34375 0.020089285714285716 0.03571428571428571
0 0.5066964285714286 0.33482142857142855 0.013392857142857142 0.024553571428571428
0 0.421875 0.34375 0.017857142857142856 0.022321428571428572
0 0.3950892857142857 0.40848214285714285 0.022321428571428572 0.026785714285714284
0 0.390625 0.38839285714285715 0.03125 0.011160714285714286
0 0.34151785714285715 0.35267857142857145 0.022321428571428572 0.022321428571428572
0 0.29464285714285715 0.296875 0.015625 0.024553571428571428
0 0.2700892857142857 0.3169642857142857 0.015625 0.015625
0 0.24553571428571427 0.3169642857142857 0.017857142857142856 0.017857142857142856
0 0.19866071428571427 0.35714285714285715 0.013392857142857142 0.024553571428571428
0 0.16517857142857142 0.375 0.020089285714285716 0.022321428571428572
0 0.14508928571428573 0.39955357142857145 0.033482142857142856 0.022321428571428572