0 0.07142857142857142 0.29464285714285715 0.015625 0.024553571428571428
0 0.09821428571428571 0.26785714285714285 0.020089285714285716 0.020089285714285716
0 0.14955357142857142 0.29910714285714285 0.020089285714285716 0.029017857142857144
0 0.03794642857142857 0.31919642857142855 0.020089285714285716 0.015625
0 0.27232142857142855 0.3013392857142857 0.017857142857142856 0.03125
0 0.31919642857142855 0.29017857142857145 0.03794642857142857 0.015625
0 0.3482142857142857 0.30357142857142855 0.017857142857142856 0.029017857142857144
0 0.38392857142857145 0.35044642857142855 0.020089285714285716 0.03125
0 0.4375 0.296875 0.013392857142857142 0.022321428571428572
0 0.45982142857142855 0.27232142857142855 0.011160714285714286 0.026785714285714284
0 0.47098214285714285 0.26785714285714285 0.013392857142857142 0.03125
0 0.42410714285714285 0.32589285714285715 0.015625 0.015625
0 0.6116071428571429 0.30357142857142855 0.015625 0.024553571428571428
0 0.6183035714285714 0.32589285714285715 0.020089285714285716 0.020089285714285716
0 0.6450892857142857 0.27901785714285715 0.017857142857142856 0.024553571428571428
0 0.7232142857142857 0.27232142857142855 0.017857142857142856 0.029017857142857144
0 0.7991071428571429 0.41964285714285715 0.017857142857142856 0.026785714285714284
0 0.9508928571428571 0.3794642857142857 0.033482142857142856 0.024553571428571428
0 0.9129464285714286 0.31473214285714285 0.029017857142857144 0.026785714285714284
0 0.7366071428571429 0.6004464285714286 0.026785714285714284 0.0625