0 0.12053571428571429 0.5 0.03571428571428571 0.020089285714285716
0 0.140625 0.421875 0.013392857142857142 0.03125
0 0.20982142857142858 0.5111607142857143 0.017857142857142856 0.026785714285714284
0 0.43080357142857145 0.36160714285714285 0.033482142857142856 0.015625
0 0.5044642857142857 0.41964285714285715 0.015625 0.026785714285714284
0 0.4017857142857143 0.5602678571428571 0.03571428571428571 0.022321428571428572
0 0.45089285714285715 0.38392857142857145 0.026785714285714284 0.008928571428571428
0 0.5892857142857143 0.53125 0.05580357142857143 0.017857142857142856
0 0.84375 0.37276785714285715 0.013392857142857142 0.020089285714285716
0 0.859375 0.34598214285714285 0.013392857142857142 0.022321428571428572
0 0.8035714285714286 0.38169642857142855 0.013392857142857142 0.026785714285714284
0 0.8370535714285714 0.42857142857142855 0.017857142857142856 0.026785714285714284
0 0.890625 0.38839285714285715 0.011160714285714286 0.020089285714285716
0 0.9441964285714286 0.39285714285714285 0.013392857142857142 0.024553571428571428
0 0.9598214285714286 0.453125 0.017857142857142856 0.03125
0 0.9419642857142857 0.5580357142857143 0.020089285714285716 0.026785714285714284
0 0.9955357142857143 0.5089285714285714 0.002232142857142857 0.017857142857142856
0 0.9665178571428571 0.33482142857142855 0.013392857142857142 0.020089285714285716
0 0.96875 0.3169642857142857 0.011160714285714286 0.020089285714285716