0 0.875 0.48660714285714285 0.017857142857142856 0.033482142857142856
0 0.7366071428571429 0.6138392857142857 0.022321428571428572 0.03125
0 0.6517857142857143 0.5022321428571429 0.044642857142857144 0.020089285714285716
0 0.5535714285714286 0.6339285714285714 0.026785714285714284 0.03571428571428571
0 0.5758928571428571 0.6964285714285714 0.026785714285714284 0.026785714285714284
0 0.3638392857142857 0.46205357142857145 0.015625 0.03125
0 0.35267857142857145 0.5044642857142857 0.017857142857142856 0.033482142857142856
0 0.32142857142857145 0.49107142857142855 0.05133928571428571 0.017857142857142856
0 0.25892857142857145 0.49776785714285715 0.024553571428571428 0.024553571428571428
0 0.24553571428571427 0.5223214285714286 0.033482142857142856 0.029017857142857144
0 0.11607142857142858 0.42410714285714285 0.044642857142857144 0.020089285714285716
0 0.12723214285714285 0.45535714285714285 0.015625 0.03125
0 0.011160714285714286 0.40848214285714285 0.017857142857142856 0.026785714285714284
0 0.421875 0.45982142857142855 0.03571428571428571 0.022321428571428572