0 0.18080357142857142 0.33035714285714285 0.024553571428571428 0.03571428571428571
0 0.13616071428571427 0.36160714285714285 0.029017857142857144 0.020089285714285716
0 0.31919642857142855 0.359375 0.017857142857142856 0.026785714285714284
0 0.36160714285714285 0.48660714285714285 0.026785714285714284 0.024553571428571428
0 0.42857142857142855 0.5022321428571429 0.020089285714285716 0.022321428571428572
0 0.484375 0.4174107142857143 0.026785714285714284 0.022321428571428572
0 0.5535714285714286 0.37276785714285715 0.024553571428571428 0.022321428571428572
0 0.6897321428571429 0.4330357142857143 0.024553571428571428 0.03125
0 0.765625 0.3080357142857143 0.013392857142857142 0.024553571428571428
0 0.8995535714285714 0.3169642857142857 0.013392857142857142 0.022321428571428572
0 0.7745535714285714 0.3392857142857143 0.013392857142857142 0.020089285714285716
0 0.7366071428571429 0.43080357142857145 0.029017857142857144 0.017857142857142856
0 0.9508928571428571 0.3861607142857143 0.04241071428571429 0.017857142857142856