0 0.13392857142857142 0.5223214285714286 0.017857142857142856 0.024553571428571428
0 0.13839285714285715 0.6071428571428571 0.020089285714285716 0.024553571428571428
0 0.3705357142857143 0.36160714285714285 0.03794642857142857 0.017857142857142856
0 0.19196428571428573 0.390625 0.03571428571428571 0.011160714285714286
0 0.46875 0.4375 0.020089285714285716 0.033482142857142856
0 0.44419642857142855 0.5625 0.022321428571428572 0.022321428571428572
0 0.7209821428571429 0.765625 0.03794642857142857 0.03125
0 0.26339285714285715 0.6629464285714286 0.05580357142857143 0.022321428571428572
0 0.049107142857142856 0.5915178571428571 0.03571428571428571 0.017857142857142856
0 0.7477678571428571 0.38169642857142855 0.015625 0.029017857142857144
0 0.7901785714285714 0.36830357142857145 0.013392857142857142 0.022321428571428572
0 0.8883928571428571 0.6517857142857143 0.033482142857142856 0.020089285714285716
0 0.9799107142857143 0.47767857142857145 0.022321428571428572 0.033482142857142856
0 0.8526785714285714 0.4486607142857143 0.017857142857142856 0.03125
0 0.8571428571428571 0.39285714285714285 0.015625 0.020089285714285716
0 0.8482142857142857 0.35044642857142855 0.017857142857142856 0.026785714285714284
0 0.9285714285714286 0.39732142857142855 0.017857142857142856 0.024553571428571428
0 0.9821428571428571 0.3236607142857143 0.013392857142857142 0.024553571428571428
0 0.9397321428571429 0.33705357142857145 0.04017857142857143 0.013392857142857142