0 0.7946428571428571 0.3392857142857143 0.017857142857142856 0.03125
0 0.7477678571428571 0.33035714285714285 0.03125 0.020089285714285716
0 0.6785714285714286 0.2924107142857143 0.015625 0.024553571428571428
0 0.6383928571428571 0.4575892857142857 0.049107142857142856 0.020089285714285716
0 0.5647321428571429 0.33035714285714285 0.017857142857142856 0.033482142857142856
0 0.5022321428571429 0.32142857142857145 0.013392857142857142 0.024553571428571428
0 0.4174107142857143 0.33035714285714285 0.017857142857142856 0.022321428571428572
0 0.39285714285714285 0.39732142857142855 0.022321428571428572 0.026785714285714284
0 0.38839285714285715 0.375 0.03125 0.011160714285714286
0 0.3392857142857143 0.34151785714285715 0.022321428571428572 0.022321428571428572
0 0.2924107142857143 0.2857142857142857 0.015625 0.024553571428571428
0 0.2700892857142857 0.30357142857142855 0.015625 0.015625
0 0.24330357142857142 0.30580357142857145 0.017857142857142856 0.017857142857142856
0 0.19642857142857142 0.34598214285714285 0.013392857142857142 0.024553571428571428
0 0.16294642857142858 0.36160714285714285 0.020089285714285716 0.022321428571428572
0 0.14285714285714285 0.38839285714285715 0.033482142857142856 0.022321428571428572