0 0.16071428571428573 0.421875 0.015625 0.029017857142857144
0 0.28348214285714285 0.5334821428571429 0.020089285714285716 0.029017857142857144
0 0.359375 0.43526785714285715 0.03794642857142857 0.017857142857142856
0 0.44419642857142855 0.5513392857142857 0.024553571428571428 0.03125
0 0.4263392857142857 0.6071428571428571 0.024553571428571428 0.022321428571428572
0 0.6138392857142857 0.39955357142857145 0.015625 0.026785714285714284
0 0.625 0.4375 0.015625 0.029017857142857144
0 0.6517857142857143 0.42410714285714285 0.044642857142857144 0.017857142857142856
0 0.7075892857142857 0.43080357142857145 0.022321428571428572 0.020089285714285716
0 0.71875 0.453125 0.029017857142857144 0.024553571428571428
0 0.8325892857142857 0.36607142857142855 0.04017857142857143 0.017857142857142856
0 0.8236607142857143 0.3950892857142857 0.013392857142857142 0.029017857142857144
0 0.9397321428571429 0.39285714285714285 0.020089285714285716 0.026785714285714284
0 0.9263392857142857 0.35267857142857145 0.015625 0.022321428571428572
0 0.5625 0.39732142857142855 0.03125 0.020089285714285716