0 0.8705357142857143 0.24553571428571427 0.015625 0.024553571428571428
0 0.7857142857142857 0.33035714285714285 0.017857142857142856 0.026785714285714284
0 0.7276785714285714 0.33482142857142855 0.033482142857142856 0.020089285714285716
0 0.7008928571428571 0.29464285714285715 0.017857142857142856 0.03125
0 0.6428571428571429 0.28348214285714285 0.017857142857142856 0.024553571428571428
0 0.5803571428571429 0.3125 0.020089285714285716 0.020089285714285716
0 0.37276785714285715 0.2611607142857143 0.017857142857142856 0.024553571428571428
0 0.30357142857142855 0.2611607142857143 0.024553571428571428 0.026785714285714284
0 0.3950892857142857 0.3080357142857143 0.017857142857142856 0.03571428571428571
0 0.21428571428571427 0.41517857142857145 0.015625 0.029017857142857144
0 0.12276785714285714 0.28125 0.015625 0.020089285714285716
0 0.10491071428571429 0.265625 0.020089285714285716 0.029017857142857144
0 0.026785714285714284 0.28125 0.046875 0.020089285714285716
0 0.20758928571428573 0.578125 0.033482142857142856 0.029017857142857144