0 0.046875 0.24107142857142858 0.020089285714285716 0.03125
0 0.08258928571428571 0.24553571428571427 0.017857142857142856 0.029017857142857144
0 0.12053571428571429 0.24553571428571427 0.020089285714285716 0.03125
0 0.18080357142857142 0.31473214285714285 0.029017857142857144 0.022321428571428572
0 0.19196428571428573 0.4732142857142857 0.022321428571428572 0.029017857142857144
0 0.40401785714285715 0.25669642857142855 0.024553571428571428 0.03125
0 0.23214285714285715 0.23214285714285715 0.020089285714285716 0.026785714285714284
0 0.44642857142857145 0.29464285714285715 0.020089285714285716 0.029017857142857144
0 0.5959821428571429 0.2857142857142857 0.022321428571428572 0.029017857142857144
0 0.3549107142857143 0.7321428571428571 0.044642857142857144 0.05133928571428571
0 0.07366071428571429 0.7410714285714286 0.03794642857142857 0.04017857142857143