0 0.8325892857142857 0.46205357142857145 0.017857142857142856 0.033482142857142856
0 0.7388392857142857 0.46651785714285715 0.020089285714285716 0.03571428571428571
0 0.6696428571428571 0.375 0.017857142857142856 0.022321428571428572
0 0.6361607142857143 0.36607142857142855 0.015625 0.026785714285714284
0 0.4575892857142857 0.3861607142857143 0.04017857142857143 0.015625
0 0.515625 0.31919642857142855 0.017857142857142856 0.020089285714285716
0 0.38169642857142855 0.4375 0.03571428571428571 0.024553571428571428
0 0.265625 0.38839285714285715 0.022321428571428572 0.029017857142857144
0 0.13169642857142858 0.3236607142857143 0.026785714285714284 0.020089285714285716
0 0.05580357142857143 0.39955357142857145 0.024553571428571428 0.03125
0 0.013392857142857142 0.515625 0.022321428571428572 0.024553571428571428