0 0.9776785714285714 0.43973214285714285 0.04241071428571429 0.015625
0 0.7165178571428571 0.41517857142857145 0.017857142857142856 0.03125
0 0.7075892857142857 0.5022321428571429 0.020089285714285716 0.03571428571428571
0 0.6852678571428571 0.5290178571428571 0.024553571428571428 0.022321428571428572
0 0.6383928571428571 0.41517857142857145 0.029017857142857144 0.020089285714285716
0 0.453125 0.39732142857142855 0.033482142857142856 0.015625
0 0.42410714285714285 0.3950892857142857 0.015625 0.026785714285714284
0 0.3125 0.43080357142857145 0.017857142857142856 0.029017857142857144
0 0.26785714285714285 0.43526785714285715 0.015625 0.024553571428571428
0 0.21428571428571427 0.5089285714285714 0.022321428571428572 0.024553571428571428
0 0.28348214285714285 0.5446428571428571 0.020089285714285716 0.026785714285714284
0 0.25892857142857145 0.5580357142857143 0.046875 0.017857142857142856
0 0.09151785714285714 0.5089285714285714 0.015625 0.026785714285714284
0 0.033482142857142856 0.5111607142857143 0.017857142857142856 0.029017857142857144
0 0.060267857142857144 0.3638392857142857 0.015625 0.024553571428571428