0 0.8816964285714286 0.4955357142857143 0.020089285714285716 0.03125
0 0.8504464285714286 0.484375 0.017857142857142856 0.03794642857142857
0 0.8303571428571429 0.44642857142857145 0.03571428571428571 0.024553571428571428
0 0.8191964285714286 0.3638392857142857 0.024553571428571428 0.020089285714285716
0 0.8794642857142857 0.36160714285714285 0.03794642857142857 0.020089285714285716
0 0.7299107142857143 0.3705357142857143 0.022321428571428572 0.017857142857142856
0 0.5758928571428571 0.3861607142857143 0.022321428571428572 0.024553571428571428
0 0.43526785714285715 0.375 0.022321428571428572 0.013392857142857142
0 0.47767857142857145 0.3080357142857143 0.020089285714285716 0.015625
0 0.33482142857142855 0.32142857142857145 0.013392857142857142 0.024553571428571428
0 0.3549107142857143 0.38839285714285715 0.022321428571428572 0.015625
0 0.28125 0.36160714285714285 0.015625 0.013392857142857142
0 0.26785714285714285 0.390625 0.020089285714285716 0.008928571428571428
0 0.09821428571428571 0.6316964285714286 0.024553571428571428 0.03125
0 0.020089285714285716 0.46651785714285715 0.03125 0.029017857142857144
0 0.109375 0.4263392857142857 0.017857142857142856 0.015625
0 0.06919642857142858 0.3861607142857143 0.017857142857142856 0.017857142857142856
0 0.15178571428571427 0.5223214285714286 0.026785714285714284 0.03571428571428571
0 0.16294642857142858 0.48660714285714285 0.029017857142857144 0.020089285714285716
0 0.22544642857142858 0.5 0.044642857142857144 0.017857142857142856