0 0.5334821428571429 0.3861607142857143 0.015625 0.026785714285714284
0 0.6495535714285714 0.38839285714285715 0.022321428571428572 0.013392857142857142
0 0.7053571428571429 0.41964285714285715 0.026785714285714284 0.013392857142857142
0 0.5223214285714286 0.421875 0.022321428571428572 0.015625
0 0.39955357142857145 0.38839285714285715 0.015625 0.022321428571428572
0 0.16964285714285715 0.3794642857142857 0.015625 0.026785714285714284
0 0.140625 0.38839285714285715 0.020089285714285716 0.03794642857142857
0 0.3013392857142857 0.5223214285714286 0.029017857142857144 0.022321428571428572
0 0.20089285714285715 0.6138392857142857 0.029017857142857144 0.017857142857142856
0 0.31919642857142855 0.7098214285714286 0.03125 0.026785714285714284
0 0.09598214285714286 0.421875 0.024553571428571428 0.020089285714285716
0 0.024553571428571428 0.3861607142857143 0.022321428571428572 0.020089285714285716