0 0.6071428571428571 0.7209821428571429 0.04017857142857143 0.024553571428571428
0 0.5535714285714286 0.6473214285714286 0.029017857142857144 0.029017857142857144
0 0.5848214285714286 0.44642857142857145 0.026785714285714284 0.015625
0 0.6763392857142857 0.41964285714285715 0.05580357142857143 0.015625
0 0.45535714285714285 0.4330357142857143 0.033482142857142856 0.017857142857142856
0 0.3638392857142857 0.5267857142857143 0.046875 0.020089285714285716
0 0.27455357142857145 0.44419642857142855 0.022321428571428572 0.013392857142857142
0 0.10714285714285714 0.34598214285714285 0.011160714285714286 0.017857142857142856
0 0.14285714285714285 0.3236607142857143 0.013392857142857142 0.022321428571428572
0 0.011160714285714286 0.7098214285714286 0.015625 0.022321428571428572
0 0.18526785714285715 0.3861607142857143 0.04017857142857143 0.011160714285714286