0 0.9910714285714286 0.3861607142857143 0.015625 0.022321428571428572
0 0.78125 0.4107142857142857 0.029017857142857144 0.020089285714285716
0 0.7790178571428571 0.36830357142857145 0.015625 0.03125
0 0.53125 0.3236607142857143 0.013392857142857142 0.022321428571428572
0 0.5446428571428571 0.32589285714285715 0.013392857142857142 0.020089285714285716
0 0.3325892857142857 0.3325892857142857 0.017857142857142856 0.022321428571428572
0 0.4732142857142857 0.39732142857142855 0.026785714285714284 0.015625
0 0.5044642857142857 0.44642857142857145 0.024553571428571428 0.020089285714285716
0 0.5 0.6227678571428571 0.044642857142857144 0.024553571428571428
0 0.23214285714285715 0.5580357142857143 0.013392857142857142 0.017857142857142856
0 0.24553571428571427 0.43080357142857145 0.024553571428571428 0.03125
0 0.11607142857142858 0.30580357142857145 0.017857142857142856 0.024553571428571428
0 0.13169642857142858 0.33705357142857145 0.015625 0.026785714285714284
0 0.08482142857142858 0.4486607142857143 0.026785714285714284 0.024553571428571428
0 0.024553571428571428 0.47098214285714285 0.029017857142857144 0.024553571428571428
0 0.004464285714285714 0.3392857142857143 0.002232142857142857 0.029017857142857144
0 0.046875 0.3013392857142857 0.046875 0.013392857142857142