0 0.7544642857142857 0.3950892857142857 0.03125 0.013392857142857142
0 0.5959821428571429 0.38169642857142855 0.017857142857142856 0.029017857142857144
0 0.45982142857142855 0.31473214285714285 0.013392857142857142 0.026785714285714284
0 0.3549107142857143 0.31919642857142855 0.013392857142857142 0.017857142857142856
0 0.265625 0.3392857142857143 0.013392857142857142 0.017857142857142856
0 0.20535714285714285 0.35044642857142855 0.022321428571428572 0.017857142857142856
0 0.09375 0.3482142857142857 0.015625 0.015625
0 0.109375 0.41294642857142855 0.03125 0.022321428571428572
0 0.43973214285714285 0.38839285714285715 0.017857142857142856 0.020089285714285716
0 0.11160714285714286 0.47098214285714285 0.046875 0.015625
0 0.11830357142857142 0.45089285714285715 0.020089285714285716 0.015625