0 0.8348214285714286 0.3705357142857143 0.024553571428571428 0.026785714285714284
0 0.7254464285714286 0.5535714285714286 0.029017857142857144 0.033482142857142856
0 0.3861607142857143 0.3013392857142857 0.017857142857142856 0.026785714285714284
0 0.47098214285714285 0.4174107142857143 0.03125 0.026785714285714284
0 0.49776785714285715 0.4017857142857143 0.033482142857142856 0.022321428571428572
0 0.25669642857142855 0.3125 0.020089285714285716 0.026785714285714284
0 0.29017857142857145 0.2857142857142857 0.015625 0.03125
0 0.046875 0.28794642857142855 0.015625 0.029017857142857144
0 0.03571428571428571 0.34151785714285715 0.024553571428571428 0.024553571428571428
0 0.015625 0.31473214285714285 0.017857142857142856 0.024553571428571428
0 0.06696428571428571 0.3861607142857143 0.033482142857142856 0.022321428571428572
0 0.24776785714285715 0.33482142857142855 0.015625 0.026785714285714284