0 0.29464285714285715 0.5401785714285714 0.022321428571428572 0.026785714285714284
0 0.3125 0.5513392857142857 0.020089285714285716 0.026785714285714284
0 0.29910714285714285 0.35044642857142855 0.015625 0.020089285714285716
0 0.36830357142857145 0.3325892857142857 0.015625 0.026785714285714284
0 0.40848214285714285 0.36830357142857145 0.015625 0.024553571428571428
0 0.40401785714285715 0.34375 0.026785714285714284 0.013392857142857142
0 0.48660714285714285 0.3950892857142857 0.017857142857142856 0.024553571428571428
0 0.44419642857142855 0.46205357142857145 0.04017857142857143 0.017857142857142856
0 0.44419642857142855 0.546875 0.020089285714285716 0.024553571428571428
0 0.5178571428571429 0.359375 0.015625 0.024553571428571428
0 0.5803571428571429 0.390625 0.022321428571428572 0.026785714285714284
0 0.6026785714285714 0.5580357142857143 0.04017857142857143 0.022321428571428572
0 0.671875 0.390625 0.017857142857142856 0.022321428571428572
0 0.71875 0.37723214285714285 0.015625 0.015625
0 0.6607142857142857 0.36160714285714285 0.015625 0.029017857142857144
0 0.8549107142857143 0.4017857142857143 0.017857142857142856 0.022321428571428572
0 0.7857142857142857 0.45982142857142855 0.020089285714285716 0.04017857142857143
0 0.9285714285714286 0.41294642857142855 0.017857142857142856 0.026785714285714284
0 0.9933035714285714 0.4419642857142857 0.006696428571428571 0.022321428571428572