0 0.8392857142857143 0.5223214285714286 0.049107142857142856 0.020089285714285716
0 0.8102678571428571 0.37723214285714285 0.020089285714285716 0.020089285714285716
0 0.7142857142857143 0.3549107142857143 0.022321428571428572 0.015625
0 0.6116071428571429 0.39955357142857145 0.022321428571428572 0.017857142857142856
0 0.609375 0.3638392857142857 0.024553571428571428 0.015625
0 0.6116071428571429 0.328125 0.011160714285714286 0.015625
0 0.40848214285714285 0.6227678571428571 0.015625 0.020089285714285716
0 0.27901785714285715 0.4642857142857143 0.046875 0.017857142857142856
0 0.5111607142857143 0.39285714285714285 0.024553571428571428 0.026785714285714284
0 0.39732142857142855 0.38169642857142855 0.026785714285714284 0.013392857142857142
0 0.41294642857142855 0.33482142857142855 0.015625 0.020089285714285716
0 0.19866071428571427 0.34151785714285715 0.020089285714285716 0.022321428571428572
0 0.12053571428571429 0.3638392857142857 0.022321428571428572 0.011160714285714286
0 0.04017857142857143 0.3705357142857143 0.03125 0.017857142857142856