0 0.9977678571428571 0.46651785714285715 0.002232142857142857 0.033482142857142856
0 0.9977678571428571 0.33035714285714285 0.002232142857142857 0.022321428571428572
0 0.8348214285714286 0.36607142857142855 0.013392857142857142 0.011160714285714286
0 0.8839285714285714 0.42410714285714285 0.015625 0.011160714285714286
0 0.9486607142857143 0.3950892857142857 0.049107142857142856 0.017857142857142856
0 0.8526785714285714 0.46205357142857145 0.022321428571428572 0.013392857142857142
0 0.8616071428571429 0.6674107142857143 0.022321428571428572 0.03125
0 0.6495535714285714 0.5066964285714286 0.033482142857142856 0.017857142857142856
0 0.5714285714285714 0.49330357142857145 0.04017857142857143 0.024553571428571428
0 0.5625 0.6540178571428571 0.029017857142857144 0.029017857142857144
0 0.5424107142857143 0.359375 0.03794642857142857 0.015625
0 0.5870535714285714 0.375 0.015625 0.017857142857142856
0 0.6495535714285714 0.375 0.011160714285714286 0.013392857142857142
0 0.7254464285714286 0.34151785714285715 0.015625 0.022321428571428572
0 0.24107142857142858 0.3794642857142857 0.022321428571428572 0.020089285714285716
0 0.15625 0.4575892857142857 0.033482142857142856 0.020089285714285716
0 0.5334821428571429 0.40625 0.029017857142857144 0.015625