0 0.8839285714285714 0.2700892857142857 0.033482142857142856 0.022321428571428572
0 0.7455357142857143 0.22991071428571427 0.020089285714285716 0.03125
0 0.6986607142857143 0.22321428571428573 0.024553571428571428 0.029017857142857144
0 0.5959821428571429 0.296875 0.020089285714285716 0.029017857142857144
0 0.7522321428571429 0.49107142857142855 0.029017857142857144 0.029017857142857144
0 0.5044642857142857 0.5066964285714286 0.022321428571428572 0.03571428571428571
0 0.43080357142857145 0.40401785714285715 0.03125 0.044642857142857144
0 0.5044642857142857 0.31919642857142855 0.020089285714285716 0.04241071428571429
0 0.41517857142857145 0.25892857142857145 0.022321428571428572 0.03794642857142857
0 0.45089285714285715 0.22991071428571427 0.03794642857142857 0.033482142857142856
0 0.11160714285714286 0.20089285714285715 0.020089285714285716 0.026785714285714284
0 0.04241071428571429 0.21205357142857142 0.020089285714285716 0.026785714285714284
0 0.024553571428571428 0.25892857142857145 0.017857142857142856 0.03125
0 0.13392857142857142 0.43080357142857145 0.05357142857142857 0.022321428571428572