0 0.8325892857142857 0.48214285714285715 0.013392857142857142 0.024553571428571428
0 0.8325892857142857 0.43080357142857145 0.046875 0.013392857142857142
0 0.8794642857142857 0.36830357142857145 0.017857142857142856 0.024553571428571428
0 0.9821428571428571 0.37723214285714285 0.026785714285714284 0.022321428571428572
0 0.7455357142857143 0.38839285714285715 0.013392857142857142 0.020089285714285716
0 0.7232142857142857 0.38169642857142855 0.015625 0.020089285714285716
0 0.6964285714285714 0.40848214285714285 0.04241071428571429 0.022321428571428572
0 0.625 0.41294642857142855 0.026785714285714284 0.029017857142857144
0 0.5 0.4107142857142857 0.013392857142857142 0.022321428571428572
0 0.4107142857142857 0.47767857142857145 0.026785714285714284 0.022321428571428572
0 0.34598214285714285 0.5267857142857143 0.026785714285714284 0.015625
0 0.29464285714285715 0.47767857142857145 0.029017857142857144 0.024553571428571428
0 0.328125 0.4107142857142857 0.015625 0.024553571428571428
0 0.28125 0.40401785714285715 0.015625 0.026785714285714284
0 0.265625 0.36830357142857145 0.04017857142857143 0.020089285714285716
0 0.20089285714285715 0.47767857142857145 0.04241071428571429 0.024553571428571428
0 0.09598214285714286 0.4330357142857143 0.020089285714285716 0.029017857142857144
0 0.04017857142857143 0.4174107142857143 0.029017857142857144 0.024553571428571428
0 0.08258928571428571 0.47767857142857145 0.017857142857142856 0.029017857142857144
0 0.5982142857142857 0.5870535714285714 0.026785714285714284 0.05803571428571429