0 0.8504464285714286 0.28794642857142855 0.020089285714285716 0.033482142857142856
0 0.7142857142857143 0.25892857142857145 0.022321428571428572 0.033482142857142856
0 0.6004464285714286 0.26339285714285715 0.024553571428571428 0.03125
0 0.5915178571428571 0.29910714285714285 0.03125 0.024553571428571428
0 0.38839285714285715 0.28348214285714285 0.015625 0.029017857142857144
0 0.24330357142857142 0.29910714285714285 0.022321428571428572 0.033482142857142856
0 0.3236607142857143 0.36607142857142855 0.03794642857142857 0.017857142857142856
0 0.6026785714285714 0.5535714285714286 0.03794642857142857 0.026785714285714284
0 0.46651785714285715 0.5892857142857143 0.03571428571428571 0.024553571428571428
0 0.04241071428571429 0.515625 0.06696428571428571 0.024553571428571428
0 0.03571428571428571 0.22321428571428573 0.017857142857142856 0.024553571428571428
0 0.013392857142857142 0.23660714285714285 0.017857142857142856 0.017857142857142856