0 0.9866071428571429 0.44419642857142855 0.017857142857142856 0.03571428571428571
0 0.9508928571428571 0.34598214285714285 0.015625 0.026785714285714284
0 0.8571428571428571 0.30357142857142855 0.03794642857142857 0.017857142857142856
0 0.7633928571428571 0.4486607142857143 0.017857142857142856 0.03125
0 0.5491071428571429 0.32142857142857145 0.020089285714285716 0.026785714285714284
0 0.45089285714285715 0.32589285714285715 0.022321428571428572 0.013392857142857142
0 0.38169642857142855 0.34151785714285715 0.017857142857142856 0.03125
0 0.328125 0.31473214285714285 0.017857142857142856 0.026785714285714284
0 0.24107142857142858 0.31919642857142855 0.020089285714285716 0.026785714285714284
0 0.17633928571428573 0.33705357142857145 0.017857142857142856 0.029017857142857144
0 0.09821428571428571 0.3013392857142857 0.017857142857142856 0.026785714285714284
0 0.013392857142857142 0.3482142857142857 0.015625 0.022321428571428572