0 0.011160714285714286 0.4107142857142857 0.022321428571428572 0.044642857142857144
0 0.07589285714285714 0.35714285714285715 0.015625 0.022321428571428572
0 0.026785714285714284 0.515625 0.015625 0.029017857142857144
0 0.08482142857142858 0.5223214285714286 0.020089285714285716 0.024553571428571428
0 0.029017857142857144 0.5513392857142857 0.020089285714285716 0.017857142857142856
0 0.17410714285714285 0.41294642857142855 0.024553571428571428 0.020089285714285716
0 0.35714285714285715 0.4263392857142857 0.022321428571428572 0.029017857142857144
0 0.46651785714285715 0.41964285714285715 0.015625 0.020089285714285716
0 0.5290178571428571 0.44642857142857145 0.017857142857142856 0.015625
0 0.20982142857142858 0.4330357142857143 0.024553571428571428 0.015625
0 0.8861607142857143 0.45982142857142855 0.024553571428571428 0.011160714285714286