0 0.9174107142857143 0.703125 0.022321428571428572 0.03794642857142857
0 0.8258928571428571 0.5758928571428571 0.033482142857142856 0.024553571428571428
0 0.9709821428571429 0.5491071428571429 0.049107142857142856 0.026785714285714284
0 0.9375 0.47098214285714285 0.04017857142857143 0.017857142857142856
0 0.890625 0.49776785714285715 0.044642857142857144 0.015625
0 0.8415178571428571 0.47098214285714285 0.03571428571428571 0.020089285714285716
0 0.9151785714285714 0.3705357142857143 0.015625 0.024553571428571428
0 0.6294642857142857 0.36160714285714285 0.026785714285714284 0.013392857142857142
0 0.29464285714285715 0.453125 0.017857142857142856 0.029017857142857144
0 0.6049107142857143 0.3549107142857143 0.015625 0.026785714285714284
0 0.24553571428571427 0.45982142857142855 0.020089285714285716 0.024553571428571428
0 0.20982142857142858 0.3482142857142857 0.017857142857142856 0.024553571428571428
0 0.18303571428571427 0.3861607142857143 0.015625 0.024553571428571428
0 0.16294642857142858 0.35044642857142855 0.029017857142857144 0.017857142857142856
0 0.06473214285714286 0.46205357142857145 0.017857142857142856 0.026785714285714284
0 0.024553571428571428 0.46651785714285715 0.024553571428571428 0.026785714285714284
0 0.015625 0.5602678571428571 0.022321428571428572 0.026785714285714284