0 0.9933035714285714 0.484375 0.004464285714285714 0.03125
0 0.5625 0.3080357142857143 0.03794642857142857 0.015625
0 0.59375 0.3325892857142857 0.020089285714285716 0.03125
0 0.515625 0.33482142857142855 0.026785714285714284 0.024553571428571428
0 0.4732142857142857 0.2611607142857143 0.015625 0.024553571428571428
0 0.39285714285714285 0.265625 0.017857142857142856 0.015625
0 0.27901785714285715 0.30357142857142855 0.022321428571428572 0.013392857142857142
0 0.20535714285714285 0.31026785714285715 0.013392857142857142 0.020089285714285716
0 0.140625 0.29910714285714285 0.013392857142857142 0.022321428571428572
0 0.234375 0.33035714285714285 0.015625 0.013392857142857142
0 0.04017857142857143 0.30580357142857145 0.013392857142857142 0.024553571428571428
0 0.10714285714285714 0.35267857142857145 0.015625 0.026785714285714284