0 0.9776785714285714 0.34598214285714285 0.017857142857142856 0.029017857142857144
0 0.9196428571428571 0.34375 0.017857142857142856 0.026785714285714284
0 0.703125 0.4955357142857143 0.024553571428571428 0.033482142857142856
0 0.640625 0.625 0.026785714285714284 0.03571428571428571
0 0.6875 0.31026785714285715 0.015625 0.026785714285714284
0 0.5379464285714286 0.34598214285714285 0.017857142857142856 0.029017857142857144
0 0.484375 0.43526785714285715 0.024553571428571428 0.033482142857142856
0 0.4263392857142857 0.36160714285714285 0.03125 0.013392857142857142
0 0.42857142857142855 0.2700892857142857 0.015625 0.033482142857142856
0 0.5066964285714286 0.4263392857142857 0.04241071428571429 0.020089285714285716
0 0.08928571428571429 0.37723214285714285 0.022321428571428572 0.024553571428571428