0 0.05133928571428571 0.34375 0.044642857142857144 0.022321428571428572
0 0.12723214285714285 0.30357142857142855 0.015625 0.020089285714285716
0 0.27901785714285715 0.3482142857142857 0.020089285714285716 0.029017857142857144
0 0.3482142857142857 0.3549107142857143 0.024553571428571428 0.029017857142857144
0 0.36160714285714285 0.3080357142857143 0.020089285714285716 0.029017857142857144
0 0.40848214285714285 0.2544642857142857 0.015625 0.022321428571428572
0 0.4375 0.3794642857142857 0.017857142857142856 0.033482142857142856
0 0.5066964285714286 0.296875 0.013392857142857142 0.029017857142857144
0 0.5558035714285714 0.3125 0.017857142857142856 0.024553571428571428
0 0.5267857142857143 0.3080357142857143 0.024553571428571428 0.020089285714285716
0 0.6272321428571429 0.29464285714285715 0.015625 0.03125
0 0.6785714285714286 0.2924107142857143 0.017857142857142856 0.017857142857142856
0 0.7410714285714286 0.24107142857142858 0.017857142857142856 0.017857142857142856
0 0.7254464285714286 0.3013392857142857 0.024553571428571428 0.015625
0 0.7477678571428571 0.29910714285714285 0.017857142857142856 0.024553571428571428
0 0.7254464285714286 0.31919642857142855 0.029017857142857144 0.013392857142857142
0 0.7901785714285714 0.3325892857142857 0.015625 0.033482142857142856
0 0.9821428571428571 0.4107142857142857 0.022321428571428572 0.022321428571428572
0 0.42857142857142855 0.7767857142857143 0.08035714285714286 0.03794642857142857