0 0.16071428571428573 0.3482142857142857 0.017857142857142856 0.024553571428571428
0 0.25669642857142855 0.359375 0.020089285714285716 0.03794642857142857
0 0.29464285714285715 0.3169642857142857 0.020089285714285716 0.033482142857142856
0 0.29910714285714285 0.2700892857142857 0.026785714285714284 0.026785714285714284
0 0.33035714285714285 0.3950892857142857 0.020089285714285716 0.033482142857142856
0 0.38839285714285715 0.32589285714285715 0.017857142857142856 0.024553571428571428
0 0.4575892857142857 0.31026785714285715 0.017857142857142856 0.033482142857142856
0 0.4799107142857143 0.32589285714285715 0.022321428571428572 0.033482142857142856
0 0.5044642857142857 0.328125 0.015625 0.029017857142857144
0 0.578125 0.29910714285714285 0.017857142857142856 0.029017857142857144
0 0.6339285714285714 0.30580357142857145 0.015625 0.017857142857142856
0 0.5982142857142857 0.34598214285714285 0.017857142857142856 0.026785714285714284
0 0.6852678571428571 0.3169642857142857 0.020089285714285716 0.022321428571428572
0 0.7209821428571429 0.31026785714285715 0.020089285714285716 0.029017857142857144
0 0.7075892857142857 0.25669642857142855 0.026785714285714284 0.026785714285714284
0 0.796875 0.34151785714285715 0.015625 0.033482142857142856
0 0.9508928571428571 0.4330357142857143 0.020089285714285716 0.03571428571428571