0 0.9620535714285714 0.49330357142857145 0.03794642857142857 0.024553571428571428
0 0.9821428571428571 0.30357142857142855 0.026785714285714284 0.026785714285714284
0 0.6674107142857143 0.2924107142857143 0.033482142857142856 0.015625
0 0.5357142857142857 0.296875 0.017857142857142856 0.022321428571428572
0 0.48214285714285715 0.3950892857142857 0.022321428571428572 0.029017857142857144
0 0.37723214285714285 0.39285714285714285 0.017857142857142856 0.03125
0 0.29910714285714285 0.3080357142857143 0.022321428571428572 0.024553571428571428
0 0.2924107142857143 0.27455357142857145 0.024553571428571428 0.024553571428571428
0 0.19196428571428573 0.3125 0.017857142857142856 0.024553571428571428
0 0.14508928571428573 0.3950892857142857 0.026785714285714284 0.024553571428571428
0 0.05803571428571429 0.33705357142857145 0.017857142857142856 0.03571428571428571
0 0.004464285714285714 0.30357142857142855 0.004464285714285714 0.029017857142857144
0 0.125 0.296875 0.015625 0.024553571428571428