0 0.8638392857142857 0.625 0.029017857142857144 0.024553571428571428
0 0.7120535714285714 0.6785714285714286 0.026785714285714284 0.03794642857142857
0 0.6517857142857143 0.6004464285714286 0.017857142857142856 0.020089285714285716
0 0.7276785714285714 0.42857142857142855 0.015625 0.020089285714285716
0 0.796875 0.3861607142857143 0.017857142857142856 0.015625
0 0.875 0.3638392857142857 0.017857142857142856 0.015625
0 0.6383928571428571 0.39285714285714285 0.011160714285714286 0.017857142857142856
0 0.5558035714285714 0.40625 0.020089285714285716 0.013392857142857142
0 0.31026785714285715 0.3549107142857143 0.022321428571428572 0.011160714285714286
0 0.22767857142857142 0.35044642857142855 0.015625 0.015625
0 0.1875 0.671875 0.022321428571428572 0.017857142857142856