0 0.9888392857142857 0.35044642857142855 0.013392857142857142 0.022321428571428572
0 0.7120535714285714 0.35267857142857145 0.015625 0.020089285714285716
0 0.6339285714285714 0.36160714285714285 0.017857142857142856 0.03125
0 0.6004464285714286 0.32589285714285715 0.017857142857142856 0.026785714285714284
0 0.5982142857142857 0.28794642857142855 0.022321428571428572 0.022321428571428572
0 0.5714285714285714 0.390625 0.017857142857142856 0.026785714285714284
0 0.5245535714285714 0.3325892857142857 0.013392857142857142 0.020089285714285716
0 0.46651785714285715 0.31919642857142855 0.015625 0.026785714285714284
0 0.4486607142857143 0.3325892857142857 0.017857142857142856 0.026785714285714284
0 0.42857142857142855 0.33482142857142855 0.013392857142857142 0.024553571428571428
0 0.36607142857142855 0.3125 0.013392857142857142 0.024553571428571428
0 0.32142857142857145 0.3169642857142857 0.013392857142857142 0.015625
0 0.35044642857142855 0.35044642857142855 0.013392857142857142 0.022321428571428572
0 0.27901785714285715 0.32589285714285715 0.015625 0.017857142857142856
0 0.25 0.32142857142857145 0.015625 0.022321428571428572
0 0.25892857142857145 0.27455357142857145 0.022321428571428572 0.022321428571428572
0 0.1875 0.34598214285714285 0.013392857142857142 0.029017857142857144
0 0.060267857142857144 0.421875 0.017857142857142856 0.029017857142857144