0 0.026785714285714284 0.3794642857142857 0.015625 0.022321428571428572
0 0.33035714285714285 0.3861607142857143 0.017857142857142856 0.020089285714285716
0 0.42857142857142855 0.43526785714285715 0.013392857142857142 0.022321428571428572
0 0.4419642857142857 0.47098214285714285 0.017857142857142856 0.022321428571428572
0 0.515625 0.45089285714285715 0.017857142857142856 0.015625
0 0.5602678571428571 0.39285714285714285 0.017857142857142856 0.020089285714285716
0 0.7991071428571429 0.3950892857142857 0.024553571428571428 0.024553571428571428
0 0.9241071428571429 0.5267857142857143 0.024553571428571428 0.026785714285714284
0 0.8392857142857143 0.36607142857142855 0.017857142857142856 0.022321428571428572
0 0.7477678571428571 0.3169642857142857 0.011160714285714286 0.022321428571428572
0 0.9084821428571429 0.3080357142857143 0.013392857142857142 0.022321428571428572
0 0.9598214285714286 0.31919642857142855 0.013392857142857142 0.022321428571428572