0 0.7901785714285714 0.2544642857142857 0.026785714285714284 0.03794642857142857
0 0.8370535714285714 0.28794642857142855 0.03125 0.022321428571428572
0 0.640625 0.28348214285714285 0.020089285714285716 0.029017857142857144
0 0.59375 0.421875 0.03125 0.026785714285714284
0 0.5200892857142857 0.43973214285714285 0.020089285714285716 0.024553571428571428
0 0.45982142857142855 0.3482142857142857 0.029017857142857144 0.024553571428571428
0 0.38392857142857145 0.29910714285714285 0.026785714285714284 0.024553571428571428
0 0.23883928571428573 0.3638392857142857 0.026785714285714284 0.033482142857142856
0 0.15625 0.22991071428571427 0.013392857142857142 0.026785714285714284
0 0.011160714285714286 0.23883928571428573 0.015625 0.024553571428571428
0 0.14732142857142858 0.26339285714285715 0.013392857142857142 0.020089285714285716
0 0.1875 0.36160714285714285 0.03125 0.017857142857142856