0 0.15625 0.36160714285714285 0.03571428571428571 0.022321428571428572
0 0.25223214285714285 0.26339285714285715 0.044642857142857144 0.024553571428571428
0 0.3169642857142857 0.265625 0.020089285714285716 0.024553571428571428
0 0.41294642857142855 0.24330357142857142 0.044642857142857144 0.015625
0 0.33482142857142855 0.328125 0.022321428571428572 0.046875
0 0.3794642857142857 0.30580357142857145 0.03794642857142857 0.015625
0 0.4263392857142857 0.3236607142857143 0.03571428571428571 0.024553571428571428
0 0.5111607142857143 0.26785714285714285 0.03125 0.024553571428571428
0 0.6808035714285714 0.28348214285714285 0.015625 0.026785714285714284
0 0.6830357142857143 0.5223214285714286 0.022321428571428572 0.03125
0 0.3950892857142857 0.578125 0.03794642857142857 0.029017857142857144
0 0.7276785714285714 0.265625 0.017857142857142856 0.029017857142857144
0 0.8883928571428571 0.24776785714285715 0.024553571428571428 0.022321428571428572
0 0.9598214285714286 0.28794642857142855 0.015625 0.03125