0 0.9196428571428571 0.5401785714285714 0.022321428571428572 0.03571428571428571
0 0.8839285714285714 0.5245535714285714 0.020089285714285716 0.044642857142857144
0 0.859375 0.48214285714285715 0.04241071428571429 0.029017857142857144
0 0.8482142857142857 0.38839285714285715 0.029017857142857144 0.024553571428571428
0 0.9174107142857143 0.3861607142857143 0.04241071428571429 0.024553571428571428
0 0.7455357142857143 0.3950892857142857 0.024553571428571428 0.020089285714285716
0 0.5669642857142857 0.41294642857142855 0.024553571428571428 0.026785714285714284
0 0.40625 0.39955357142857145 0.026785714285714284 0.015625
0 0.45535714285714285 0.3236607142857143 0.024553571428571428 0.017857142857142856
0 0.2924107142857143 0.3392857142857143 0.015625 0.026785714285714284
0 0.3169642857142857 0.41517857142857145 0.026785714285714284 0.017857142857142856
0 0.22991071428571427 0.38392857142857145 0.017857142857142856 0.013392857142857142
0 0.21651785714285715 0.41964285714285715 0.024553571428571428 0.011160714285714286
0 0.022321428571428572 0.6941964285714286 0.026785714285714284 0.03571428571428571
0 0.033482142857142856 0.4575892857142857 0.020089285714285716 0.017857142857142856
0 0.08258928571428571 0.5669642857142857 0.03125 0.04241071428571429
0 0.09598214285714286 0.5290178571428571 0.033482142857142856 0.022321428571428572
0 0.16741071428571427 0.5424107142857143 0.05133928571428571 0.020089285714285716