0 0.046875 0.33482142857142855 0.026785714285714284 0.024553571428571428
0 0.24330357142857142 0.2700892857142857 0.020089285714285716 0.029017857142857144
0 0.171875 0.49107142857142855 0.05580357142857143 0.022321428571428572
0 0.43526785714285715 0.296875 0.022321428571428572 0.03571428571428571
0 0.3080357142857143 0.29464285714285715 0.022321428571428572 0.033482142857142856
0 0.29910714285714285 0.27232142857142855 0.020089285714285716 0.033482142857142856
0 0.640625 0.28125 0.017857142857142856 0.029017857142857144
0 0.8816964285714286 0.37723214285714285 0.024553571428571428 0.04241071428571429
0 0.6607142857142857 0.34151785714285715 0.022321428571428572 0.029017857142857144
0 0.9553571428571429 0.234375 0.015625 0.03125
0 0.7142857142857143 0.28348214285714285 0.013392857142857142 0.026785714285714284