0 0.796875 0.4419642857142857 0.033482142857142856 0.020089285714285716
0 0.7120535714285714 0.35267857142857145 0.04017857142857143 0.022321428571428572
0 0.6495535714285714 0.35267857142857145 0.017857142857142856 0.022321428571428572
0 0.5625 0.33482142857142855 0.04017857142857143 0.013392857142857142
0 0.6339285714285714 0.4107142857142857 0.020089285714285716 0.04241071428571429
0 0.5915178571428571 0.390625 0.03571428571428571 0.013392857142857142
0 0.5491071428571429 0.40625 0.03125 0.022321428571428572
0 0.4732142857142857 0.35714285714285715 0.029017857142857144 0.022321428571428572
0 0.3169642857142857 0.3705357142857143 0.015625 0.024553571428571428
0 0.31473214285714285 0.5892857142857143 0.020089285714285716 0.029017857142857144
0 0.5803571428571429 0.640625 0.033482142857142856 0.026785714285714284
0 0.27455357142857145 0.3549107142857143 0.017857142857142856 0.026785714285714284
0 0.12723214285714285 0.33705357142857145 0.022321428571428572 0.020089285714285716
0 0.0625 0.37276785714285715 0.015625 0.029017857142857144
0 0.015625 0.4017857142857143 0.015625 0.022321428571428572