0 0.9397321428571429 0.5111607142857143 0.044642857142857144 0.022321428571428572
0 0.8973214285714286 0.39955357142857145 0.015625 0.024553571428571428
0 0.7924107142857143 0.3638392857142857 0.03125 0.017857142857142856
0 0.6339285714285714 0.375 0.033482142857142856 0.015625
0 0.44642857142857145 0.3549107142857143 0.015625 0.03125
0 0.6205357142857143 0.4263392857142857 0.013392857142857142 0.015625
0 0.48660714285714285 0.5044642857142857 0.020089285714285716 0.022321428571428572
0 0.26785714285714285 0.3794642857142857 0.015625 0.024553571428571428
0 0.19866071428571427 0.3794642857142857 0.020089285714285716 0.013392857142857142
0 0.10714285714285714 0.328125 0.015625 0.024553571428571428
0 0.05357142857142857 0.34598214285714285 0.013392857142857142 0.015625