0 0.8638392857142857 0.40848214285714285 0.017857142857142856 0.03125
0 0.7879464285714286 0.4799107142857143 0.020089285714285716 0.033482142857142856
0 0.6897321428571429 0.45535714285714285 0.015625 0.024553571428571428
0 0.6361607142857143 0.390625 0.015625 0.026785714285714284
0 0.47767857142857145 0.44419642857142855 0.024553571428571428 0.020089285714285716
0 0.35044642857142855 0.41517857142857145 0.033482142857142856 0.024553571428571428
0 0.1875 0.45982142857142855 0.03571428571428571 0.020089285714285716
0 0.11383928571428571 0.4017857142857143 0.015625 0.029017857142857144
0 0.15848214285714285 0.3638392857142857 0.013392857142857142 0.026785714285714284
0 0.21205357142857142 0.5066964285714286 0.020089285714285716 0.015625
0 0.006696428571428571 0.5379464285714286 0.006696428571428571 0.033482142857142856