0 0.26785714285714285 0.4375 0.013392857142857142 0.029017857142857144
0 0.19642857142857142 0.36607142857142855 0.015625 0.029017857142857144
0 0.41294642857142855 0.34598214285714285 0.015625 0.03125
0 0.5803571428571429 0.41964285714285715 0.03571428571428571 0.020089285714285716
0 0.6205357142857143 0.375 0.022321428571428572 0.017857142857142856
0 0.7299107142857143 0.36607142857142855 0.020089285714285716 0.024553571428571428
0 0.8415178571428571 0.328125 0.013392857142857142 0.026785714285714284
0 0.8839285714285714 0.35044642857142855 0.013392857142857142 0.020089285714285716
0 0.8883928571428571 0.3794642857142857 0.017857142857142856 0.026785714285714284
0 0.7477678571428571 0.47767857142857145 0.020089285714285716 0.033482142857142856
0 0.953125 0.484375 0.022321428571428572 0.024553571428571428
0 0.9933035714285714 0.36160714285714285 0.006696428571428571 0.029017857142857144