0 0.044642857142857144 0.37723214285714285 0.024553571428571428 0.026785714285714284
0 0.05580357142857143 0.3392857142857143 0.013392857142857142 0.029017857142857144
0 0.03794642857142857 0.31026785714285715 0.015625 0.024553571428571428
0 0.15848214285714285 0.32589285714285715 0.017857142857142856 0.026785714285714284
0 0.18973214285714285 0.328125 0.015625 0.026785714285714284
0 0.22321428571428573 0.328125 0.017857142857142856 0.026785714285714284
0 0.2767857142857143 0.390625 0.026785714285714284 0.020089285714285716
0 0.2857142857142857 0.5290178571428571 0.020089285714285716 0.024553571428571428
0 0.47098214285714285 0.3392857142857143 0.020089285714285716 0.026785714285714284
0 0.32142857142857145 0.3169642857142857 0.017857142857142856 0.024553571428571428
0 0.5089285714285714 0.37276785714285715 0.017857142857142856 0.024553571428571428
0 0.6383928571428571 0.3638392857142857 0.020089285714285716 0.026785714285714284
0 0.42857142857142855 0.7566964285714286 0.04017857142857143 0.044642857142857144
0 0.18303571428571427 0.7633928571428571 0.033482142857142856 0.033482142857142856