0 0.9017857142857143 0.5290178571428571 0.03125 0.020089285714285716
0 0.6897321428571429 0.37723214285714285 0.015625 0.017857142857142856
0 0.5892857142857143 0.34151785714285715 0.013392857142857142 0.022321428571428572
0 0.39285714285714285 0.3125 0.015625 0.020089285714285716
0 0.47098214285714285 0.29910714285714285 0.026785714285714284 0.015625
0 0.4330357142857143 0.36160714285714285 0.015625 0.013392857142857142
0 0.35267857142857145 0.3950892857142857 0.024553571428571428 0.013392857142857142
0 0.31473214285714285 0.3549107142857143 0.015625 0.015625
0 0.21428571428571427 0.42857142857142855 0.020089285714285716 0.03794642857142857
0 0.23883928571428573 0.32589285714285715 0.015625 0.024553571428571428
0 0.16964285714285715 0.5245535714285714 0.026785714285714284 0.020089285714285716
0 0.19196428571428573 0.33035714285714285 0.022321428571428572 0.015625
0 0.15625 0.33482142857142855 0.017857142857142856 0.011160714285714286
0 0.15178571428571427 0.3638392857142857 0.029017857142857144 0.013392857142857142
0 0.14285714285714285 0.38839285714285715 0.03571428571428571 0.013392857142857142
0 0.033482142857142856 0.328125 0.011160714285714286 0.013392857142857142
0 0.05803571428571429 0.34151785714285715 0.015625 0.020089285714285716