0 0.13169642857142858 0.33705357142857145 0.017857142857142856 0.03571428571428571
0 0.32589285714285715 0.26785714285714285 0.015625 0.024553571428571428
0 0.609375 0.22767857142857142 0.015625 0.026785714285714284
0 0.4575892857142857 0.39732142857142855 0.03125 0.020089285714285716
0 0.4955357142857143 0.4330357142857143 0.024553571428571428 0.022321428571428572
0 0.671875 0.453125 0.03571428571428571 0.020089285714285716
0 0.6964285714285714 0.29910714285714285 0.013392857142857142 0.026785714285714284
0 0.6160714285714286 0.265625 0.013392857142857142 0.020089285714285716
0 0.8549107142857143 0.26339285714285715 0.017857142857142856 0.017857142857142856
0 0.9196428571428571 0.2767857142857143 0.015625 0.024553571428571428
0 0.8013392857142857 0.27232142857142855 0.03125 0.015625
0 0.6316964285714286 0.2857142857142857 0.024553571428571428 0.017857142857142856