0 0.2544642857142857 0.4642857142857143 0.015625 0.029017857142857144
0 0.18080357142857142 0.39285714285714285 0.017857142857142856 0.03125
0 0.40401785714285715 0.37276785714285715 0.015625 0.03125
0 0.5758928571428571 0.44642857142857145 0.03794642857142857 0.020089285714285716
0 0.6183035714285714 0.4017857142857143 0.022321428571428572 0.017857142857142856
0 0.7299107142857143 0.39285714285714285 0.020089285714285716 0.024553571428571428
0 0.84375 0.3549107142857143 0.015625 0.026785714285714284
0 0.8861607142857143 0.37723214285714285 0.013392857142857142 0.020089285714285716
0 0.8928571428571429 0.40625 0.020089285714285716 0.026785714285714284
0 0.7477678571428571 0.5066964285714286 0.020089285714285716 0.033482142857142856
0 0.9575892857142857 0.5133928571428571 0.022321428571428572 0.026785714285714284