0 0.96875 0.3950892857142857 0.020089285714285716 0.022321428571428572
0 0.6473214285714286 0.3950892857142857 0.04017857142857143 0.017857142857142856
0 0.6651785714285714 0.4263392857142857 0.017857142857142856 0.024553571428571428
0 0.9419642857142857 0.6026785714285714 0.033482142857142856 0.017857142857142856
0 0.5803571428571429 0.39732142857142855 0.017857142857142856 0.022321428571428572
0 0.5066964285714286 0.41517857142857145 0.020089285714285716 0.022321428571428572
0 0.46875 0.41964285714285715 0.03571428571428571 0.013392857142857142
0 0.38839285714285715 0.41964285714285715 0.015625 0.024553571428571428
0 0.3169642857142857 0.359375 0.03794642857142857 0.017857142857142856
0 0.25892857142857145 0.32142857142857145 0.013392857142857142 0.022321428571428572
0 0.18973214285714285 0.359375 0.015625 0.020089285714285716
0 0.10491071428571429 0.3861607142857143 0.015625 0.024553571428571428
0 0.10044642857142858 0.3325892857142857 0.013392857142857142 0.013392857142857142
0 0.23883928571428573 0.7611607142857143 0.022321428571428572 0.03571428571428571
0 0.31473214285714285 0.7589285714285714 0.029017857142857144 0.026785714285714284
0 0.04241071428571429 0.375 0.013392857142857142 0.024553571428571428