0 0.9866071428571429 0.3013392857142857 0.017857142857142856 0.03125
0 0.6808035714285714 0.25892857142857145 0.015625 0.026785714285714284
0 0.6450892857142857 0.26785714285714285 0.017857142857142856 0.026785714285714284
0 0.6808035714285714 0.30580357142857145 0.020089285714285716 0.017857142857142856
0 0.453125 0.2767857142857143 0.017857142857142856 0.022321428571428572
0 0.35267857142857145 0.27901785714285715 0.015625 0.020089285714285716
0 0.31919642857142855 0.2544642857142857 0.03794642857142857 0.017857142857142856
0 0.35267857142857145 0.40401785714285715 0.017857142857142856 0.024553571428571428
0 0.16741071428571427 0.29017857142857145 0.017857142857142856 0.03571428571428571
0 0.07589285714285714 0.25669642857142855 0.022321428571428572 0.033482142857142856
0 0.13169642857142858 0.49330357142857145 0.03794642857142857 0.026785714285714284