0 0.029017857142857144 0.24330357142857142 0.024553571428571428 0.029017857142857144
0 0.13616071428571427 0.28348214285714285 0.020089285714285716 0.03125
0 0.25223214285714285 0.2767857142857143 0.015625 0.026785714285714284
0 0.08035714285714286 0.43080357142857145 0.029017857142857144 0.022321428571428572
0 0.05357142857142857 0.28125 0.03794642857142857 0.013392857142857142
0 0.39732142857142855 0.29017857142857145 0.015625 0.029017857142857144
0 0.43526785714285715 0.31919642857142855 0.03125 0.020089285714285716
0 0.53125 0.3392857142857143 0.029017857142857144 0.024553571428571428
0 0.5602678571428571 0.5736607142857143 0.06696428571428571 0.017857142857142856
0 0.5669642857142857 0.6852678571428571 0.05803571428571429 0.024553571428571428
0 0.5870535714285714 0.4330357142857143 0.022321428571428572 0.026785714285714284
0 0.7433035714285714 0.2924107142857143 0.020089285714285716 0.029017857142857144
0 0.8191964285714286 0.25892857142857145 0.026785714285714284 0.022321428571428572
0 0.8191964285714286 0.3169642857142857 0.020089285714285716 0.033482142857142856
0 0.8348214285714286 0.38169642857142855 0.026785714285714284 0.03794642857142857
0 0.9397321428571429 0.4174107142857143 0.017857142857142856 0.024553571428571428
0 0.9933035714285714 0.3236607142857143 0.006696428571428571 0.03125