0 0.953125 0.43973214285714285 0.060267857142857144 0.022321428571428572
0 0.9888392857142857 0.34375 0.013392857142857142 0.03571428571428571
0 0.5401785714285714 0.43080357142857145 0.017857142857142856 0.03125
0 0.5111607142857143 0.4642857142857143 0.017857142857142856 0.033482142857142856
0 0.6584821428571429 0.35267857142857145 0.017857142857142856 0.017857142857142856
0 0.6897321428571429 0.31919642857142855 0.015625 0.020089285714285716
0 0.7477678571428571 0.3080357142857143 0.015625 0.022321428571428572
0 0.47098214285714285 0.31473214285714285 0.015625 0.017857142857142856
0 0.359375 0.3169642857142857 0.017857142857142856 0.024553571428571428
0 0.27232142857142855 0.4107142857142857 0.03125 0.024553571428571428
0 0.25223214285714285 0.640625 0.029017857142857144 0.04017857142857143
0 0.3950892857142857 0.5245535714285714 0.024553571428571428 0.04017857142857143
0 0.34598214285714285 0.5133928571428571 0.015625 0.017857142857142856
0 0.7276785714285714 0.49330357142857145 0.015625 0.015625
0 0.060267857142857144 0.43526785714285715 0.04241071428571429 0.017857142857142856