0 0.9419642857142857 0.41294642857142855 0.020089285714285716 0.03125
0 0.8839285714285714 0.734375 0.03571428571428571 0.029017857142857144
0 0.7388392857142857 0.4732142857142857 0.046875 0.020089285714285716
0 0.6138392857142857 0.546875 0.049107142857142856 0.022321428571428572
0 0.5758928571428571 0.40848214285714285 0.03794642857142857 0.020089285714285716
0 0.33035714285714285 0.40625 0.017857142857142856 0.03125
0 0.2544642857142857 0.40625 0.017857142857142856 0.03125
0 0.265625 0.5580357142857143 0.017857142857142856 0.022321428571428572
0 0.08035714285714286 0.4419642857142857 0.020089285714285716 0.03571428571428571
0 0.06473214285714286 0.37723214285714285 0.015625 0.022321428571428572
0 0.015625 0.40625 0.020089285714285716 0.04017857142857143
0 0.017857142857142856 0.6785714285714286 0.029017857142857144 0.029017857142857144