0 0.008928571428571428 0.49776785714285715 0.017857142857142856 0.022321428571428572
0 0.04241071428571429 0.3392857142857143 0.03125 0.013392857142857142
0 0.08928571428571429 0.4955357142857143 0.015625 0.033482142857142856
0 0.06696428571428571 0.5223214285714286 0.017857142857142856 0.026785714285714284
0 0.24776785714285715 0.4174107142857143 0.03125 0.022321428571428572
0 0.234375 0.37723214285714285 0.05580357142857143 0.015625
0 0.5022321428571429 0.41964285714285715 0.046875 0.013392857142857142
0 0.5022321428571429 0.359375 0.03794642857142857 0.015625
0 0.6875 0.36160714285714285 0.011160714285714286 0.024553571428571428
0 0.7142857142857143 0.3482142857142857 0.013392857142857142 0.020089285714285716
0 0.7165178571428571 0.375 0.013392857142857142 0.024553571428571428
0 0.7410714285714286 0.34151785714285715 0.013392857142857142 0.015625
0 0.8214285714285714 0.36607142857142855 0.015625 0.024553571428571428
0 0.8995535714285714 0.375 0.020089285714285716 0.024553571428571428
0 0.8392857142857143 0.33482142857142855 0.015625 0.020089285714285716