0 0.9017857142857143 0.484375 0.020089285714285716 0.024553571428571428
0 0.9263392857142857 0.4486607142857143 0.020089285714285716 0.029017857142857144
0 0.8504464285714286 0.49776785714285715 0.033482142857142856 0.022321428571428572
0 0.7276785714285714 0.49776785714285715 0.017857142857142856 0.017857142857142856
0 0.7008928571428571 0.46205357142857145 0.015625 0.03571428571428571
0 0.7008928571428571 0.6160714285714286 0.060267857142857144 0.022321428571428572
0 0.5089285714285714 0.3638392857142857 0.017857142857142856 0.026785714285714284
0 0.4174107142857143 0.41294642857142855 0.044642857142857144 0.013392857142857142
0 0.38169642857142855 0.36160714285714285 0.03571428571428571 0.017857142857142856
0 0.4107142857142857 0.37723214285714285 0.017857142857142856 0.033482142857142856
0 0.36607142857142855 0.4888392857142857 0.04241071428571429 0.017857142857142856
0 0.13839285714285715 0.4017857142857143 0.017857142857142856 0.026785714285714284
0 0.30357142857142855 0.390625 0.024553571428571428 0.033482142857142856
0 0.2700892857142857 0.5111607142857143 0.046875 0.022321428571428572
0 0.03125 0.5 0.04017857142857143 0.020089285714285716