0 0.9910714285714286 0.29910714285714285 0.008928571428571428 0.03571428571428571
0 0.9888392857142857 0.27232142857142855 0.015625 0.03794642857142857
0 0.9598214285714286 0.26339285714285715 0.015625 0.020089285714285716
0 0.9040178571428571 0.25 0.017857142857142856 0.029017857142857144
0 0.9910714285714286 0.23214285714285715 0.015625 0.029017857142857144
0 0.8571428571428571 0.32142857142857145 0.017857142857142856 0.029017857142857144
0 0.9776785714285714 0.46651785714285715 0.03571428571428571 0.03125
0 0.9486607142857143 0.4642857142857143 0.015625 0.022321428571428572
0 0.8236607142857143 0.546875 0.03571428571428571 0.029017857142857144
0 0.7477678571428571 0.296875 0.060267857142857144 0.022321428571428572
0 0.6964285714285714 0.29017857142857145 0.013392857142857142 0.022321428571428572
0 0.5357142857142857 0.35714285714285715 0.03571428571428571 0.017857142857142856
0 0.41964285714285715 0.31919642857142855 0.05357142857142857 0.015625
0 0.4174107142857143 0.34151785714285715 0.017857142857142856 0.03125
0 0.2611607142857143 0.28125 0.029017857142857144 0.03125
0 0.06919642857142858 0.31473214285714285 0.022321428571428572 0.03571428571428571