0 0.9397321428571429 0.25892857142857145 0.03794642857142857 0.026785714285714284
0 0.8616071428571429 0.328125 0.03794642857142857 0.026785714285714284
0 0.8169642857142857 0.21205357142857142 0.015625 0.020089285714285716
0 0.7901785714285714 0.21651785714285715 0.017857142857142856 0.022321428571428572
0 0.8370535714285714 0.1875 0.020089285714285716 0.024553571428571428
0 0.6517857142857143 0.22321428571428573 0.017857142857142856 0.026785714285714284
0 0.6540178571428571 0.2611607142857143 0.03794642857142857 0.022321428571428572
0 0.6183035714285714 0.27901785714285715 0.024553571428571428 0.026785714285714284
0 0.5535714285714286 0.22767857142857142 0.029017857142857144 0.029017857142857144
0 0.47767857142857145 0.19866071428571427 0.013392857142857142 0.029017857142857144
0 0.46651785714285715 0.19196428571428573 0.015625 0.026785714285714284
0 0.34151785714285715 0.22544642857142858 0.017857142857142856 0.033482142857142856
0 0.31026785714285715 0.234375 0.015625 0.026785714285714284
0 0.3236607142857143 0.25892857142857145 0.04017857142857143 0.011160714285714286
0 0.19196428571428573 0.19866071428571427 0.020089285714285716 0.03125
0 0.13616071428571427 0.34598214285714285 0.033482142857142856 0.029017857142857144
0 0.5267857142857143 0.22544642857142858 0.026785714285714284 0.017857142857142856