0 0.12946428571428573 0.7834821428571429 0.03125 0.020089285714285716
0 0.34151785714285715 0.7098214285714286 0.04241071428571429 0.026785714285714284
0 0.36607142857142855 0.48660714285714285 0.017857142857142856 0.029017857142857144
0 0.23214285714285715 0.4732142857142857 0.022321428571428572 0.024553571428571428
0 0.20758928571428573 0.41517857142857145 0.015625 0.022321428571428572
0 0.18526785714285715 0.37723214285714285 0.013392857142857142 0.03125
0 0.27455357142857145 0.43080357142857145 0.017857142857142856 0.029017857142857144
0 0.26785714285714285 0.3950892857142857 0.033482142857142856 0.011160714285714286
0 0.35044642857142855 0.40625 0.015625 0.017857142857142856
0 0.5758928571428571 0.43973214285714285 0.013392857142857142 0.024553571428571428
0 0.5736607142857143 0.40625 0.017857142857142856 0.026785714285714284
0 0.6450892857142857 0.4330357142857143 0.029017857142857144 0.017857142857142856
0 0.6584821428571429 0.45535714285714285 0.024553571428571428 0.022321428571428572
0 0.8660714285714286 0.41964285714285715 0.020089285714285716 0.033482142857142856
0 0.71875 0.4642857142857143 0.017857142857142856 0.022321428571428572
0 0.5915178571428571 0.6428571428571429 0.029017857142857144 0.015625
0 0.7254464285714286 0.7165178571428571 0.015625 0.020089285714285716
0 0.96875 0.42410714285714285 0.017857142857142856 0.020089285714285716
0 0.9888392857142857 0.45089285714285715 0.013392857142857142 0.026785714285714284
0 0.9040178571428571 0.5066964285714286 0.022321428571428572 0.026785714285714284
0 0.78125 0.5200892857142857 0.024553571428571428 0.026785714285714284