0 0.20535714285714285 0.36160714285714285 0.015625 0.03571428571428571
0 0.296875 0.38839285714285715 0.046875 0.015625
0 0.3392857142857143 0.40625 0.017857142857142856 0.026785714285714284
0 0.39955357142857145 0.41517857142857145 0.015625 0.033482142857142856
0 0.40401785714285715 0.3549107142857143 0.017857142857142856 0.03794642857142857
0 0.45089285714285715 0.31919642857142855 0.013392857142857142 0.029017857142857144
0 0.5558035714285714 0.40848214285714285 0.04241071428571429 0.017857142857142856
0 0.5558035714285714 0.3549107142857143 0.020089285714285716 0.022321428571428572
0 0.5870535714285714 0.3549107142857143 0.015625 0.022321428571428572
0 0.6584821428571429 0.43080357142857145 0.015625 0.022321428571428572
0 0.65625 0.35044642857142855 0.013392857142857142 0.026785714285714284
0 0.6808035714285714 0.3392857142857143 0.020089285714285716 0.013392857142857142
0 0.7142857142857143 0.3482142857142857 0.015625 0.013392857142857142
0 0.734375 0.3638392857142857 0.029017857142857144 0.011160714285714286
0 0.7678571428571429 0.3013392857142857 0.020089285714285716 0.020089285714285716
0 0.8169642857142857 0.36160714285714285 0.013392857142857142 0.022321428571428572
0 0.875 0.36160714285714285 0.026785714285714284 0.013392857142857142
0 0.7790178571428571 0.35267857142857145 0.03125 0.020089285714285716