0 0.8080357142857143 0.390625 0.033482142857142856 0.020089285714285716
0 0.8058035714285714 0.34598214285714285 0.017857142857142856 0.033482142857142856
0 0.5334821428571429 0.29464285714285715 0.015625 0.024553571428571428
0 0.5491071428571429 0.29910714285714285 0.013392857142857142 0.022321428571428572
0 0.31473214285714285 0.30580357142857145 0.020089285714285716 0.024553571428571428
0 0.47098214285714285 0.375 0.029017857142857144 0.017857142857142856
0 0.5044642857142857 0.43080357142857145 0.026785714285714284 0.022321428571428572
0 0.5 0.625 0.046875 0.026785714285714284
0 0.20535714285714285 0.5513392857142857 0.015625 0.020089285714285716
0 0.22098214285714285 0.41294642857142855 0.026785714285714284 0.03571428571428571
0 0.078125 0.27455357142857145 0.020089285714285716 0.026785714285714284
0 0.09598214285714286 0.3125 0.017857142857142856 0.029017857142857144
0 0.044642857142857144 0.4330357142857143 0.029017857142857144 0.029017857142857144
0 0.015625 0.27232142857142855 0.024553571428571428 0.013392857142857142