0 0.8839285714285714 0.31473214285714285 0.013392857142857142 0.022321428571428572
0 0.8526785714285714 0.32142857142857145 0.017857142857142856 0.022321428571428572
0 0.6517857142857143 0.33482142857142855 0.020089285714285716 0.024553571428571428
0 0.6808035714285714 0.453125 0.029017857142857144 0.017857142857142856
0 0.5602678571428571 0.45982142857142855 0.015625 0.022321428571428572
0 0.5245535714285714 0.44419642857142855 0.015625 0.024553571428571428
0 0.33035714285714285 0.44419642857142855 0.022321428571428572 0.029017857142857144
0 0.24330357142857142 0.3794642857142857 0.03125 0.015625
0 0.15178571428571427 0.38392857142857145 0.03125 0.013392857142857142
0 0.08258928571428571 0.30580357142857145 0.044642857142857144 0.017857142857142856
0 0.013392857142857142 0.3013392857142857 0.013392857142857142 0.020089285714285716
0 0.05133928571428571 0.3392857142857143 0.033482142857142856 0.017857142857142856