0 0.14732142857142858 0.35044642857142855 0.029017857142857144 0.017857142857142856
0 0.26339285714285715 0.3169642857142857 0.015625 0.026785714285714284
0 0.30357142857142855 0.3125 0.020089285714285716 0.024553571428571428
0 0.38839285714285715 0.37276785714285715 0.017857142857142856 0.024553571428571428
0 0.25669642857142855 0.5379464285714286 0.024553571428571428 0.024553571428571428
0 0.46651785714285715 0.5491071428571429 0.017857142857142856 0.029017857142857144
0 0.5290178571428571 0.4642857142857143 0.026785714285714284 0.03794642857142857
0 0.46651785714285715 0.39285714285714285 0.017857142857142856 0.03571428571428571
0 0.5424107142857143 0.34151785714285715 0.020089285714285716 0.03125
0 0.5133928571428571 0.3169642857142857 0.033482142857142856 0.029017857142857144
0 0.7991071428571429 0.2924107142857143 0.017857142857142856 0.022321428571428572
0 0.8571428571428571 0.3013392857142857 0.017857142857142856 0.022321428571428572
0 0.8727678571428571 0.34151785714285715 0.015625 0.026785714285714284
0 0.9330357142857143 0.37276785714285715 0.017857142857142856 0.026785714285714284
0 0.78125 0.48660714285714285 0.044642857142857144 0.020089285714285716
0 0.9084821428571429 0.5758928571428571 0.022321428571428572 0.022321428571428572