0 0.9084821428571429 0.453125 0.015625 0.044642857142857144
0 0.8258928571428571 0.39732142857142855 0.020089285714285716 0.03125
0 0.8325892857142857 0.3638392857142857 0.020089285714285716 0.026785714285714284
0 0.734375 0.3638392857142857 0.013392857142857142 0.026785714285714284
0 0.7589285714285714 0.45982142857142855 0.022321428571428572 0.033482142857142856
0 0.4575892857142857 0.3392857142857143 0.022321428571428572 0.026785714285714284
0 0.4642857142857143 0.30357142857142855 0.020089285714285716 0.026785714285714284
0 0.48660714285714285 0.37723214285714285 0.024553571428571428 0.020089285714285716
0 0.3705357142857143 0.31473214285714285 0.015625 0.029017857142857144
0 0.3236607142857143 0.3549107142857143 0.015625 0.03125
0 0.28794642857142855 0.3169642857142857 0.017857142857142856 0.024553571428571428
0 0.05803571428571429 0.34598214285714285 0.015625 0.022321428571428572
0 0.04017857142857143 0.30357142857142855 0.017857142857142856 0.024553571428571428