0 0.5022321428571429 0.11160714285714286 0.015625 0.015625
0 0.3236607142857143 0.11830357142857142 0.011160714285714286 0.013392857142857142
0 0.23660714285714285 0.13616071428571427 0.013392857142857142 0.013392857142857142
0 0.21651785714285715 0.12276785714285714 0.011160714285714286 0.015625
0 0.18526785714285715 0.13392857142857142 0.011160714285714286 0.013392857142857142
0 0.16964285714285715 0.12276785714285714 0.013392857142857142 0.015625
0 0.06919642857142858 0.13169642857142858 0.026785714285714284 0.013392857142857142
0 0.11830357142857142 0.12723214285714285 0.017857142857142856 0.011160714285714286
0 0.10714285714285714 0.140625 0.013392857142857142 0.011160714285714286
0 0.029017857142857144 0.14732142857142858 0.011160714285714286 0.015625
0 0.046875 0.13616071428571427 0.011160714285714286 0.013392857142857142
0 0.14508928571428573 0.19196428571428573 0.008928571428571428 0.011160714285714286
0 0.05580357142857143 0.33482142857142855 0.03571428571428571 0.011160714285714286