0 0.002232142857142857 0.22321428571428573 0.004464285714285714 0.011160714285714286
0 0.07366071428571429 0.10491071428571429 0.015625 0.015625
0 0.10714285714285714 0.25 0.011160714285714286 0.013392857142857142
0 0.17633928571428573 0.19642857142857142 0.013392857142857142 0.011160714285714286
0 0.18973214285714285 0.21205357142857142 0.026785714285714284 0.013392857142857142
0 0.15178571428571427 0.24776785714285715 0.020089285714285716 0.015625
0 0.26785714285714285 0.13392857142857142 0.022321428571428572 0.015625
0 0.38392857142857145 0.18973214285714285 0.011160714285714286 0.013392857142857142
0 0.5111607142857143 0.15848214285714285 0.015625 0.013392857142857142
0 0.45535714285714285 0.19419642857142858 0.008928571428571428 0.011160714285714286
0 0.26785714285714285 0.23883928571428573 0.008928571428571428 0.011160714285714286
0 0.6941964285714286 0.16741071428571427 0.013392857142857142 0.015625
0 0.8147321428571429 0.16964285714285715 0.017857142857142856 0.011160714285714286
0 0.9330357142857143 0.18080357142857142 0.033482142857142856 0.013392857142857142
0 0.9821428571428571 0.20089285714285715 0.013392857142857142 0.013392857142857142