0 0.7522321428571429 0.33705357142857145 0.03125 0.020089285714285716
0 0.18973214285714285 0.30580357142857145 0.017857142857142856 0.024553571428571428
0 0.2857142857142857 0.21428571428571427 0.017857142857142856 0.015625
0 0.5892857142857143 0.203125 0.013392857142857142 0.015625
0 0.46651785714285715 0.17857142857142858 0.015625 0.017857142857142856
0 0.29017857142857145 0.13839285714285715 0.03125 0.013392857142857142
0 0.25892857142857145 0.17857142857142858 0.033482142857142856 0.011160714285714286
0 0.23214285714285715 0.17633928571428573 0.029017857142857144 0.013392857142857142
0 0.19866071428571427 0.171875 0.03125 0.015625
0 0.16294642857142858 0.13169642857142858 0.011160714285714286 0.015625
0 0.04241071428571429 0.15625 0.04017857142857143 0.020089285714285716
0 0.19866071428571427 0.13839285714285715 0.020089285714285716 0.013392857142857142
0 0.015625 0.171875 0.026785714285714284 0.015625