0 0.9888392857142857 0.05133928571428571 0.013392857142857142 0.017857142857142856
0 0.9665178571428571 0.020089285714285716 0.020089285714285716 0.017857142857142856
0 0.9308035714285714 0.017857142857142856 0.013392857142857142 0.011160714285714286
0 0.9196428571428571 0.06919642857142858 0.015625 0.015625
0 0.8928571428571429 0.03794642857142857 0.013392857142857142 0.015625
0 0.8169642857142857 0.024553571428571428 0.017857142857142856 0.020089285714285716
0 0.8191964285714286 0.1875 0.03571428571428571 0.015625
0 0.765625 0.140625 0.013392857142857142 0.020089285714285716
0 0.7611607142857143 0.0625 0.013392857142857142 0.015625
0 0.734375 0.05133928571428571 0.011160714285714286 0.015625
0 0.7075892857142857 0.05133928571428571 0.017857142857142856 0.015625
0 0.6026785714285714 0.13616071428571427 0.03571428571428571 0.015625
0 0.49776785714285715 0.10491071428571429 0.026785714285714284 0.017857142857142856
0 0.48660714285714285 0.07366071428571429 0.017857142857142856 0.022321428571428572
0 0.2767857142857143 0.07589285714285714 0.013392857142857142 0.020089285714285716
0 0.3080357142857143 0.049107142857142856 0.011160714285714286 0.020089285714285716
0 0.46205357142857145 0.18526785714285715 0.03571428571428571 0.029017857142857144
0 0.234375 0.22544642857142858 0.020089285714285716 0.03125