0 0.8080357142857143 0.2924107142857143 0.011160714285714286 0.015625
0 0.6517857142857143 0.2857142857142857 0.015625 0.013392857142857142
0 0.78125 0.21651785714285715 0.015625 0.015625
0 0.6919642857142857 0.109375 0.017857142857142856 0.020089285714285716
0 0.5669642857142857 0.21205357142857142 0.022321428571428572 0.011160714285714286
0 0.5803571428571429 0.109375 0.008928571428571428 0.015625
0 0.6361607142857143 0.16964285714285715 0.015625 0.013392857142857142
0 0.6919642857142857 0.25 0.024553571428571428 0.013392857142857142
0 0.6785714285714286 0.22991071428571427 0.017857142857142856 0.015625
0 0.6607142857142857 0.21875 0.03125 0.015625
0 0.43080357142857145 0.14955357142857142 0.013392857142857142 0.017857142857142856
0 0.38169642857142855 0.13839285714285715 0.020089285714285716 0.015625
0 0.34151785714285715 0.11830357142857142 0.013392857142857142 0.011160714285714286
0 0.32589285714285715 0.13169642857142858 0.015625 0.017857142857142856
0 0.29464285714285715 0.17857142857142858 0.011160714285714286 0.017857142857142856
0 0.2611607142857143 0.17410714285714285 0.017857142857142856 0.017857142857142856
0 0.26339285714285715 0.11607142857142858 0.015625 0.011160714285714286
0 0.25892857142857145 0.140625 0.033482142857142856 0.013392857142857142
0 0.41964285714285715 0.11607142857142858 0.020089285714285716 0.015625
0 0.12946428571428573 0.14732142857142858 0.015625 0.013392857142857142
0 0.12276785714285714 0.18973214285714285 0.029017857142857144 0.011160714285714286
0 0.15178571428571427 0.203125 0.026785714285714284 0.013392857142857142
0 0.029017857142857144 0.18080357142857142 0.03794642857142857 0.015625
0 0.5245535714285714 0.12053571428571429 0.020089285714285716 0.013392857142857142