0 0.15401785714285715 0.35267857142857145 0.03125 0.013392857142857142
0 0.5714285714285714 0.3125 0.013392857142857142 0.020089285714285716
0 0.3794642857142857 0.13392857142857142 0.015625 0.015625
0 0.4330357142857143 0.13839285714285715 0.011160714285714286 0.013392857142857142
0 0.49330357142857145 0.12946428571428573 0.011160714285714286 0.015625
0 0.48214285714285715 0.14508928571428573 0.015625 0.013392857142857142
0 0.59375 0.13616071428571427 0.011160714285714286 0.015625
0 0.5959821428571429 0.16964285714285715 0.04017857142857143 0.017857142857142856
0 0.6785714285714286 0.15178571428571427 0.011160714285714286 0.013392857142857142
0 0.6808035714285714 0.13839285714285715 0.011160714285714286 0.013392857142857142
0 0.703125 0.14732142857142858 0.013392857142857142 0.015625
0 0.7276785714285714 0.13392857142857142 0.017857142857142856 0.020089285714285716
0 0.7678571428571429 0.14508928571428573 0.020089285714285716 0.011160714285714286
0 0.8258928571428571 0.13169642857142858 0.017857142857142856 0.017857142857142856
0 0.8459821428571429 0.13839285714285715 0.013392857142857142 0.015625
0 0.9263392857142857 0.13392857142857142 0.011160714285714286 0.015625
0 0.9575892857142857 0.19642857142857142 0.017857142857142856 0.020089285714285716
0 0.7232142857142857 0.21651785714285715 0.017857142857142856 0.015625
0 0.9910714285714286 0.19866071428571427 0.015625 0.017857142857142856