0 0.2767857142857143 0.28794642857142855 0.020089285714285716 0.011160714285714286
0 0.31026785714285715 0.2767857142857143 0.011160714285714286 0.015625
0 0.3080357142857143 0.19642857142857142 0.008928571428571428 0.011160714285714286
0 0.17857142857142858 0.19419642857142858 0.015625 0.013392857142857142
0 0.41964285714285715 0.19419642857142858 0.013392857142857142 0.008928571428571428
0 0.46875 0.19196428571428573 0.011160714285714286 0.011160714285714286
0 0.5 0.18973214285714285 0.020089285714285716 0.011160714285714286
0 0.41517857142857145 0.265625 0.03794642857142857 0.013392857142857142
0 0.4575892857142857 0.2767857142857143 0.033482142857142856 0.013392857142857142
0 0.6026785714285714 0.19419642857142858 0.022321428571428572 0.020089285714285716
0 0.859375 0.27232142857142855 0.017857142857142856 0.011160714285714286
0 0.9665178571428571 0.19419642857142858 0.020089285714285716 0.022321428571428572
0 0.9598214285714286 0.30357142857142855 0.015625 0.011160714285714286