0 0.015625 0.25223214285714285 0.022321428571428572 0.017857142857142856
0 0.19642857142857142 0.27455357142857145 0.046875 0.015625
0 0.32589285714285715 0.29464285714285715 0.017857142857142856 0.020089285714285716
0 0.45982142857142855 0.25892857142857145 0.04241071428571429 0.015625
0 0.28125 0.19866071428571427 0.013392857142857142 0.020089285714285716
0 0.5089285714285714 0.19419642857142858 0.011160714285714286 0.017857142857142856
0 0.53125 0.19419642857142858 0.026785714285714284 0.015625
0 0.5491071428571429 0.29464285714285715 0.026785714285714284 0.013392857142857142
0 0.6026785714285714 0.265625 0.03794642857142857 0.013392857142857142
0 0.6071428571428571 0.22991071428571427 0.011160714285714286 0.015625
0 0.6272321428571429 0.21428571428571427 0.013392857142857142 0.020089285714285716
0 0.6517857142857143 0.22991071428571427 0.013392857142857142 0.015625
0 0.6272321428571429 0.234375 0.022321428571428572 0.008928571428571428
0 0.6741071428571429 0.21205357142857142 0.013392857142857142 0.024553571428571428
0 0.6785714285714286 0.27455357142857145 0.015625 0.015625
0 0.7566964285714286 0.25892857142857145 0.03125 0.015625
0 0.7767857142857143 0.22767857142857142 0.013392857142857142 0.017857142857142856
0 0.8125 0.24553571428571427 0.033482142857142856 0.017857142857142856
0 0.8147321428571429 0.18973214285714285 0.015625 0.015625
0 0.7611607142857143 0.296875 0.008928571428571428 0.011160714285714286