0 0.011160714285714286 0.12946428571428573 0.013392857142857142 0.011160714285714286
0 0.024553571428571428 0.18526785714285715 0.015625 0.017857142857142856
0 0.05133928571428571 0.15178571428571427 0.015625 0.015625
0 0.12946428571428573 0.13839285714285715 0.020089285714285716 0.020089285714285716
0 0.12723214285714285 0.30357142857142855 0.03571428571428571 0.017857142857142856
0 0.18303571428571427 0.25892857142857145 0.013392857142857142 0.020089285714285716
0 0.1875 0.17633928571428573 0.015625 0.017857142857142856
0 0.21428571428571427 0.16294642857142858 0.013392857142857142 0.015625
0 0.24107142857142858 0.16294642857142858 0.017857142857142856 0.015625
0 0.35044642857142855 0.25223214285714285 0.03794642857142857 0.017857142857142856
0 0.4575892857142857 0.22098214285714285 0.029017857142857144 0.017857142857142856
0 0.46875 0.1875 0.017857142857142856 0.024553571428571428
0 0.6875 0.18973214285714285 0.013392857142857142 0.020089285714285716
0 0.6540178571428571 0.16294642857142858 0.011160714285714286 0.020089285714285716
0 0.4955357142857143 0.30357142857142855 0.03794642857142857 0.03125
0 0.7299107142857143 0.34375 0.020089285714285716 0.033482142857142856