0 0.006696428571428571 0.022321428571428572 0.011160714285714286 0.029017857142857144
0 0.002232142857142857 0.060267857142857144 0.004464285714285714 0.015625
0 0.078125 0.08258928571428571 0.020089285714285716 0.020089285714285716
0 0.09821428571428571 0.05803571428571429 0.015625 0.013392857142857142
0 0.109375 0.020089285714285716 0.03125 0.015625
0 0.21205357142857142 0.07366071428571429 0.024553571428571428 0.015625
0 0.26339285714285715 0.06696428571428571 0.024553571428571428 0.013392857142857142
0 0.30580357142857145 0.06919642857142858 0.011160714285714286 0.013392857142857142
0 0.37276785714285715 0.125 0.020089285714285716 0.024553571428571428
0 0.44419642857142855 0.11160714285714286 0.026785714285714284 0.013392857142857142
0 0.47098214285714285 0.10267857142857142 0.024553571428571428 0.020089285714285716
0 0.5714285714285714 0.08928571428571429 0.029017857142857144 0.015625
0 0.5357142857142857 0.109375 0.046875 0.015625
0 0.625 0.12276785714285714 0.013392857142857142 0.015625
0 0.6629464285714286 0.10044642857142858 0.015625 0.013392857142857142
0 0.7991071428571429 0.11160714285714286 0.04017857142857143 0.020089285714285716
0 0.9419642857142857 0.10491071428571429 0.05357142857142857 0.015625
0 0.859375 0.28348214285714285 0.011160714285714286 0.013392857142857142