0 0.9732142857142857 0.28348214285714285 0.026785714285714284 0.022321428571428572
0 0.8616071428571429 0.25669642857142855 0.024553571428571428 0.022321428571428572
0 0.7120535714285714 0.2767857142857143 0.015625 0.015625
0 0.6875 0.24776785714285715 0.024553571428571428 0.022321428571428572
0 0.28348214285714285 0.18526785714285715 0.026785714285714284 0.022321428571428572
0 0.15848214285714285 0.15625 0.020089285714285716 0.013392857142857142
0 0.09151785714285714 0.08928571428571429 0.015625 0.015625
0 0.10714285714285714 0.078125 0.013392857142857142 0.015625
0 0.25892857142857145 0.06696428571428571 0.013392857142857142 0.015625
0 0.044642857142857144 0.09375 0.029017857142857144 0.013392857142857142
0 0.020089285714285716 0.125 0.011160714285714286 0.013392857142857142
0 0.04017857142857143 0.109375 0.022321428571428572 0.017857142857142856
0 0.046875 0.19642857142857142 0.03794642857142857 0.015625