0 0.006696428571428571 0.09598214285714286 0.013392857142857142 0.013392857142857142
0 0.04241071428571429 0.08928571428571429 0.013392857142857142 0.015625
0 0.08258928571428571 0.09598214285714286 0.013392857142857142 0.013392857142857142
0 0.09821428571428571 0.09598214285714286 0.011160714285714286 0.013392857142857142
0 0.16294642857142858 0.08258928571428571 0.011160714285714286 0.017857142857142856
0 0.19866071428571427 0.09375 0.011160714285714286 0.015625
0 0.17410714285714285 0.09375 0.020089285714285716 0.015625
0 0.29464285714285715 0.08928571428571429 0.011160714285714286 0.013392857142857142
0 0.27232142857142855 0.140625 0.015625 0.017857142857142856
0 0.296875 0.125 0.013392857142857142 0.020089285714285716
0 0.24553571428571427 0.09151785714285714 0.024553571428571428 0.013392857142857142
0 0.39285714285714285 0.11160714285714286 0.013392857142857142 0.015625
0 0.33035714285714285 0.10714285714285714 0.03125 0.013392857142857142
0 0.4486607142857143 0.15401785714285715 0.008928571428571428 0.015625
0 0.4888392857142857 0.15848214285714285 0.013392857142857142 0.015625
0 0.4642857142857143 0.13839285714285715 0.020089285714285716 0.011160714285714286
0 0.5758928571428571 0.11383928571428571 0.017857142857142856 0.013392857142857142
0 0.5714285714285714 0.17857142857142858 0.015625 0.013392857142857142
0 0.6741071428571429 0.16741071428571427 0.033482142857142856 0.015625
0 0.7254464285714286 0.15625 0.015625 0.011160714285714286
0 0.7790178571428571 0.15401785714285715 0.015625 0.013392857142857142
0 0.6450892857142857 0.14955357142857142 0.011160714285714286 0.013392857142857142
0 0.875 0.14508928571428573 0.008928571428571428 0.017857142857142856
0 0.16741071428571427 0.2700892857142857 0.011160714285714286 0.024553571428571428