0 0.28125 0.25223214285714285 0.029017857142857144 0.015625
0 0.3125 0.25 0.015625 0.011160714285714286
0 0.36160714285714285 0.09598214285714286 0.013392857142857142 0.017857142857142856
0 0.3125 0.09821428571428571 0.015625 0.013392857142857142
0 0.26339285714285715 0.09821428571428571 0.008928571428571428 0.013392857142857142
0 0.21651785714285715 0.09598214285714286 0.008928571428571428 0.013392857142857142
0 0.19866071428571427 0.10267857142857142 0.024553571428571428 0.013392857142857142
0 0.16517857142857142 0.10267857142857142 0.011160714285714286 0.013392857142857142
0 0.140625 0.09821428571428571 0.015625 0.011160714285714286
0 0.15401785714285715 0.11607142857142858 0.011160714285714286 0.013392857142857142
0 0.10714285714285714 0.12053571428571429 0.015625 0.017857142857142856
0 0.08035714285714286 0.16741071428571427 0.015625 0.013392857142857142
0 0.05580357142857143 0.10491071428571429 0.022321428571428572 0.013392857142857142
0 0.033482142857142856 0.13392857142857142 0.015625 0.011160714285714286
0 0.020089285714285716 0.10491071428571429 0.013392857142857142 0.013392857142857142
0 0.008928571428571428 0.19866071428571427 0.011160714285714286 0.017857142857142856