0 0.06473214285714286 0.14508928571428573 0.011160714285714286 0.013392857142857142
0 0.04241071428571429 0.140625 0.008928571428571428 0.011160714285714286
0 0.12946428571428573 0.21651785714285715 0.022321428571428572 0.017857142857142856
0 0.21205357142857142 0.15625 0.008928571428571428 0.013392857142857142
0 0.17857142857142858 0.13839285714285715 0.011160714285714286 0.013392857142857142
0 0.18973214285714285 0.15401785714285715 0.017857142857142856 0.013392857142857142
0 0.23883928571428573 0.14732142857142858 0.013392857142857142 0.011160714285714286
0 0.31473214285714285 0.171875 0.008928571428571428 0.017857142857142856
0 0.27901785714285715 0.171875 0.011160714285714286 0.008928571428571428
0 0.26785714285714285 0.1875 0.013392857142857142 0.011160714285714286
0 0.2924107142857143 0.23214285714285715 0.013392857142857142 0.015625
0 0.39955357142857145 0.16071428571428573 0.015625 0.013392857142857142
0 0.38392857142857145 0.16294642857142858 0.017857142857142856 0.011160714285714286
0 0.37723214285714285 0.19642857142857142 0.013392857142857142 0.011160714285714286
0 0.390625 0.17857142857142858 0.015625 0.008928571428571428
0 0.4419642857142857 0.19866071428571427 0.013392857142857142 0.015625
0 0.39955357142857145 0.24330357142857142 0.04017857142857143 0.015625
0 0.328125 0.22991071428571427 0.015625 0.013392857142857142
0 0.59375 0.16517857142857142 0.022321428571428572 0.015625
0 0.7544642857142857 0.19642857142857142 0.015625 0.013392857142857142
0 0.6339285714285714 0.17633928571428573 0.026785714285714284 0.013392857142857142
0 0.44642857142857145 0.16071428571428573 0.008928571428571428 0.011160714285714286
0 0.22991071428571427 0.16964285714285715 0.015625 0.011160714285714286