0 0.03571428571428571 0.1875 0.015625 0.015625
0 0.09821428571428571 0.14732142857142858 0.008928571428571428 0.011160714285714286
0 0.12946428571428573 0.14732142857142858 0.017857142857142856 0.013392857142857142
0 0.16517857142857142 0.14285714285714285 0.008928571428571428 0.011160714285714286
0 0.049107142857142856 0.14285714285714285 0.020089285714285716 0.017857142857142856
0 0.15178571428571427 0.3080357142857143 0.022321428571428572 0.013392857142857142
0 0.18973214285714285 0.16964285714285715 0.015625 0.013392857142857142
0 0.24330357142857142 0.20758928571428573 0.013392857142857142 0.011160714285714286
0 0.48660714285714285 0.16517857142857142 0.017857142857142856 0.013392857142857142
0 0.40848214285714285 0.15848214285714285 0.008928571428571428 0.017857142857142856
0 0.3638392857142857 0.140625 0.008928571428571428 0.013392857142857142
0 0.9754464285714286 0.21205357142857142 0.013392857142857142 0.013392857142857142