0 0.17857142857142858 0.34375 0.020089285714285716 0.022321428571428572
0 0.21428571428571427 0.22544642857142858 0.015625 0.022321428571428572
0 0.4375 0.26339285714285715 0.013392857142857142 0.017857142857142856
0 0.5066964285714286 0.24330357142857142 0.013392857142857142 0.020089285714285716
0 0.5647321428571429 0.25 0.011160714285714286 0.017857142857142856
0 0.5825892857142857 0.2544642857142857 0.015625 0.017857142857142856
0 0.6004464285714286 0.25892857142857145 0.013392857142857142 0.020089285714285716
0 0.5915178571428571 0.28125 0.008928571428571428 0.017857142857142856
0 0.6517857142857143 0.25892857142857145 0.013392857142857142 0.017857142857142856
0 0.6696428571428571 0.26785714285714285 0.020089285714285716 0.020089285714285716
0 0.3861607142857143 0.34375 0.013392857142857142 0.015625
0 0.4017857142857143 0.34375 0.015625 0.022321428571428572
0 0.7232142857142857 0.25669642857142855 0.015625 0.022321428571428572
0 0.7946428571428571 0.2544642857142857 0.020089285714285716 0.015625
0 0.890625 0.26339285714285715 0.015625 0.017857142857142856
0 0.9486607142857143 0.2611607142857143 0.013392857142857142 0.015625
0 0.953125 0.29017857142857145 0.022321428571428572 0.017857142857142856
0 0.8660714285714286 0.2767857142857143 0.015625 0.015625
0 0.8392857142857143 0.26785714285714285 0.013392857142857142 0.013392857142857142
0 0.8392857142857143 0.28794642857142855 0.022321428571428572 0.015625
0 0.7991071428571429 0.29910714285714285 0.033482142857142856 0.011160714285714286