0 0.3236607142857143 0.11383928571428571 0.017857142857142856 0.008928571428571428
0 0.4017857142857143 0.12053571428571429 0.011160714285714286 0.013392857142857142
0 0.4575892857142857 0.12276785714285714 0.013392857142857142 0.011160714285714286
0 0.6473214285714286 0.13169642857142858 0.015625 0.015625
0 0.6160714285714286 0.12723214285714285 0.020089285714285716 0.013392857142857142
0 0.6964285714285714 0.12723214285714285 0.013392857142857142 0.013392857142857142
0 0.7120535714285714 0.15401785714285715 0.017857142857142856 0.013392857142857142
0 0.6540178571428571 0.16517857142857142 0.022321428571428572 0.011160714285714286
0 0.59375 0.25 0.049107142857142856 0.013392857142857142
0 0.48660714285714285 0.171875 0.006696428571428571 0.011160714285714286
0 0.8839285714285714 0.15401785714285715 0.020089285714285716 0.015625
0 0.7522321428571429 0.13392857142857142 0.017857142857142856 0.013392857142857142
0 0.7834821428571429 0.140625 0.03571428571428571 0.013392857142857142
0 0.9017857142857143 0.13169642857142858 0.015625 0.011160714285714286
0 0.9241071428571429 0.13392857142857142 0.013392857142857142 0.013392857142857142
0 0.9486607142857143 0.14732142857142858 0.013392857142857142 0.013392857142857142
0 0.9308035714285714 0.18303571428571427 0.022321428571428572 0.024553571428571428