0 0.9821428571428571 0.14508928571428573 0.020089285714285716 0.013392857142857142
0 0.9620535714285714 0.16294642857142858 0.015625 0.013392857142857142
0 0.9196428571428571 0.16071428571428573 0.013392857142857142 0.017857142857142856
0 0.9263392857142857 0.17857142857142858 0.04017857142857143 0.011160714285714286
0 0.8571428571428571 0.22991071428571427 0.015625 0.017857142857142856
0 0.7700892857142857 0.140625 0.017857142857142856 0.015625
0 0.6897321428571429 0.12946428571428573 0.015625 0.015625
0 0.6986607142857143 0.16964285714285715 0.013392857142857142 0.015625
0 0.6361607142857143 0.14732142857142858 0.020089285714285716 0.011160714285714286
0 0.6116071428571429 0.16964285714285715 0.015625 0.013392857142857142
0 0.42410714285714285 0.234375 0.015625 0.011160714285714286
0 0.5513392857142857 0.16517857142857142 0.015625 0.011160714285714286
0 0.31026785714285715 0.19196428571428573 0.013392857142857142 0.015625
0 0.2611607142857143 0.19196428571428573 0.008928571428571428 0.013392857142857142
0 0.029017857142857144 0.19866071428571427 0.033482142857142856 0.013392857142857142