0 0.27901785714285715 0.18080357142857142 0.008928571428571428 0.013392857142857142
0 0.23214285714285715 0.15401785714285715 0.015625 0.017857142857142856
0 0.23883928571428573 0.18303571428571427 0.013392857142857142 0.013392857142857142
0 0.19419642857142858 0.16964285714285715 0.011160714285714286 0.020089285714285716
0 0.171875 0.16294642857142858 0.008928571428571428 0.013392857142857142
0 0.12723214285714285 0.171875 0.020089285714285716 0.013392857142857142
0 0.078125 0.171875 0.011160714285714286 0.011160714285714286
0 0.05580357142857143 0.16964285714285715 0.020089285714285716 0.011160714285714286
0 0.05803571428571429 0.18080357142857142 0.015625 0.011160714285714286
0 0.046875 0.19419642857142858 0.011160714285714286 0.013392857142857142
0 0.06473214285714286 0.21875 0.017857142857142856 0.013392857142857142
0 0.015625 0.17857142857142858 0.011160714285714286 0.011160714285714286
0 0.008928571428571428 0.16517857142857142 0.013392857142857142 0.013392857142857142