0 0.9754464285714286 0.3236607142857143 0.022321428571428572 0.015625
0 0.7522321428571429 0.32142857142857145 0.011160714285714286 0.013392857142857142
0 0.96875 0.13839285714285715 0.026785714285714284 0.013392857142857142
0 0.8392857142857143 0.109375 0.013392857142857142 0.013392857142857142
0 0.8258928571428571 0.15401785714285715 0.011160714285714286 0.020089285714285716
0 0.8102678571428571 0.12276785714285714 0.011160714285714286 0.013392857142857142
0 0.7745535714285714 0.12053571428571429 0.015625 0.011160714285714286
0 0.7075892857142857 0.13616071428571427 0.015625 0.011160714285714286
0 0.6383928571428571 0.13392857142857142 0.015625 0.013392857142857142
0 0.5223214285714286 0.20535714285714285 0.017857142857142856 0.011160714285714286
0 0.5178571428571429 0.140625 0.013392857142857142 0.015625
0 0.5290178571428571 0.15178571428571427 0.026785714285714284 0.011160714285714286
0 0.36607142857142855 0.16741071428571427 0.020089285714285716 0.013392857142857142
0 0.30580357142857145 0.15625 0.03125 0.013392857142857142
0 0.33705357142857145 0.16517857142857142 0.026785714285714284 0.008928571428571428
0 0.24776785714285715 0.17410714285714285 0.020089285714285716 0.011160714285714286
0 0.22767857142857142 0.16517857142857142 0.049107142857142856 0.015625