0 0.41294642857142855 0.37723214285714285 0.026785714285714284 0.013392857142857142
0 0.6026785714285714 0.33705357142857145 0.044642857142857144 0.013392857142857142
0 0.8616071428571429 0.30580357142857145 0.03125 0.013392857142857142
0 0.5290178571428571 0.17857142857142858 0.022321428571428572 0.017857142857142856
0 0.39285714285714285 0.20535714285714285 0.011160714285714286 0.011160714285714286
0 0.6339285714285714 0.18973214285714285 0.020089285714285716 0.015625
0 0.6852678571428571 0.16964285714285715 0.017857142857142856 0.011160714285714286
0 0.7120535714285714 0.17410714285714285 0.05133928571428571 0.013392857142857142
0 0.9196428571428571 0.17633928571428573 0.020089285714285716 0.013392857142857142
0 0.8995535714285714 0.26339285714285715 0.013392857142857142 0.013392857142857142
0 0.7700892857142857 0.19866071428571427 0.020089285714285716 0.017857142857142856
0 0.96875 0.16517857142857142 0.015625 0.008928571428571428