0 0.020089285714285716 0.17857142857142858 0.013392857142857142 0.013392857142857142
0 0.07142857142857142 0.17633928571428573 0.013392857142857142 0.013392857142857142
0 0.10491071428571429 0.16964285714285715 0.013392857142857142 0.013392857142857142
0 0.140625 0.17633928571428573 0.011160714285714286 0.013392857142857142
0 0.15625 0.17633928571428573 0.011160714285714286 0.011160714285714286
0 0.21428571428571427 0.16517857142857142 0.008928571428571428 0.015625
0 0.24776785714285715 0.17410714285714285 0.011160714285714286 0.015625
0 0.22544642857142858 0.17410714285714285 0.017857142857142856 0.013392857142857142
0 0.33482142857142855 0.16964285714285715 0.011160714285714286 0.011160714285714286
0 0.31473214285714285 0.21651785714285715 0.013392857142857142 0.015625
0 0.33705357142857145 0.20089285714285715 0.013392857142857142 0.017857142857142856
0 0.29017857142857145 0.171875 0.024553571428571428 0.011160714285714286
0 0.42410714285714285 0.18973214285714285 0.013392857142857142 0.013392857142857142
0 0.36607142857142855 0.18526785714285715 0.026785714285714284 0.013392857142857142
0 0.47544642857142855 0.22991071428571427 0.008928571428571428 0.015625
0 0.5133928571428571 0.23214285714285715 0.011160714285714286 0.015625
0 0.4888392857142857 0.21428571428571427 0.017857142857142856 0.011160714285714286
0 0.59375 0.19196428571428573 0.015625 0.013392857142857142
0 0.5892857142857143 0.25 0.013392857142857142 0.011160714285714286
0 0.6808035714285714 0.24107142857142858 0.03125 0.013392857142857142
0 0.7299107142857143 0.22991071428571427 0.013392857142857142 0.011160714285714286
0 0.7790178571428571 0.22767857142857142 0.013392857142857142 0.013392857142857142
0 0.6540178571428571 0.22544642857142858 0.008928571428571428 0.011160714285714286
0 0.8660714285714286 0.22098214285714285 0.008928571428571428 0.015625
0 0.21875 0.33482142857142855 0.011160714285714286 0.022321428571428572