0 0.0625 0.35044642857142855 0.033482142857142856 0.015625
0 0.10491071428571429 0.2611607142857143 0.020089285714285716 0.017857142857142856
0 0.09821428571428571 0.19196428571428573 0.011160714285714286 0.022321428571428572
0 0.17857142857142858 0.21205357142857142 0.024553571428571428 0.015625
0 0.3013392857142857 0.18973214285714285 0.008928571428571428 0.011160714285714286
0 0.3549107142857143 0.18973214285714285 0.006696428571428571 0.013392857142857142
0 0.39955357142857145 0.21875 0.022321428571428572 0.008928571428571428
0 0.47767857142857145 0.19642857142857142 0.020089285714285716 0.011160714285714286
0 0.234375 0.22767857142857142 0.029017857142857144 0.015625
0 0.6116071428571429 0.24553571428571427 0.015625 0.020089285714285716
0 0.6674107142857143 0.24776785714285715 0.03125 0.013392857142857142
0 0.7254464285714286 0.25669642857142855 0.029017857142857144 0.013392857142857142
0 0.7611607142857143 0.20982142857142858 0.011160714285714286 0.013392857142857142
0 0.796875 0.20535714285714285 0.015625 0.017857142857142856
0 0.6830357142857143 0.20758928571428573 0.011160714285714286 0.015625
0 0.9196428571428571 0.19642857142857142 0.022321428571428572 0.011160714285714286