0 0.41517857142857145 0.16071428571428573 0.017857142857142856 0.015625
0 0.6763392857142857 0.24107142857142858 0.017857142857142856 0.020089285714285716
0 0.5714285714285714 0.08705357142857142 0.017857142857142856 0.017857142857142856
0 0.5223214285714286 0.10044642857142858 0.024553571428571428 0.020089285714285716
0 0.7901785714285714 0.15401785714285715 0.022321428571428572 0.015625
0 0.734375 0.09375 0.022321428571428572 0.015625
0 0.796875 0.08928571428571429 0.011160714285714286 0.013392857142857142
0 0.8928571428571429 0.16071428571428573 0.015625 0.015625
0 0.8482142857142857 0.16964285714285715 0.017857142857142856 0.011160714285714286
0 0.9107142857142857 0.14955357142857142 0.013392857142857142 0.017857142857142856
0 0.8370535714285714 0.09151785714285714 0.011160714285714286 0.011160714285714286
0 0.8638392857142857 0.09821428571428571 0.017857142857142856 0.015625
0 0.9330357142857143 0.1875 0.024553571428571428 0.015625
0 0.9754464285714286 0.15848214285714285 0.020089285714285716 0.011160714285714286