0 0.9084821428571429 0.3325892857142857 0.03125 0.015625
0 0.8683035714285714 0.24776785714285715 0.017857142857142856 0.015625
0 0.875 0.18080357142857142 0.011160714285714286 0.020089285714285716
0 0.7946428571428571 0.20089285714285715 0.022321428571428572 0.015625
0 0.6785714285714286 0.17857142857142858 0.008928571428571428 0.011160714285714286
0 0.625 0.18080357142857142 0.006696428571428571 0.011160714285714286
0 0.5848214285714286 0.20758928571428573 0.022321428571428572 0.008928571428571428
0 0.5089285714285714 0.18526785714285715 0.017857142857142856 0.011160714285714286
0 0.7433035714285714 0.21651785714285715 0.026785714285714284 0.013392857142857142
0 0.3794642857142857 0.234375 0.013392857142857142 0.017857142857142856
0 0.32589285714285715 0.234375 0.03125 0.013392857142857142
0 0.27232142857142855 0.24330357142857142 0.026785714285714284 0.013392857142857142
0 0.234375 0.19866071428571427 0.011160714285714286 0.013392857142857142
0 0.20089285714285715 0.19419642857142858 0.015625 0.015625
0 0.31026785714285715 0.19642857142857142 0.011160714285714286 0.013392857142857142
0 0.08482142857142858 0.18526785714285715 0.022321428571428572 0.011160714285714286