0 0.8995535714285714 0.24553571428571427 0.017857142857142856 0.020089285714285716
0 0.8683035714285714 0.14285714285714285 0.015625 0.020089285714285716
0 0.671875 0.17410714285714285 0.011160714285714286 0.015625
0 0.609375 0.15848214285714285 0.011160714285714286 0.017857142857142856
0 0.5580357142857143 0.16517857142857142 0.008928571428571428 0.015625
0 0.5424107142857143 0.16741071428571427 0.013392857142857142 0.015625
0 0.5245535714285714 0.171875 0.011160714285714286 0.017857142857142856
0 0.5334821428571429 0.19196428571428573 0.008928571428571428 0.015625
0 0.4799107142857143 0.171875 0.013392857142857142 0.015625
0 0.4642857142857143 0.17857142857142858 0.017857142857142856 0.017857142857142856
0 0.7165178571428571 0.24553571428571427 0.011160714285714286 0.013392857142857142
0 0.7008928571428571 0.24553571428571427 0.013392857142857142 0.020089285714285716
0 0.4174107142857143 0.16964285714285715 0.013392857142857142 0.020089285714285716
0 0.35267857142857145 0.16741071428571427 0.017857142857142856 0.013392857142857142
0 0.26785714285714285 0.17410714285714285 0.013392857142857142 0.015625
0 0.21651785714285715 0.17410714285714285 0.011160714285714286 0.013392857142857142
0 0.21205357142857142 0.19866071428571427 0.020089285714285716 0.015625
0 0.28794642857142855 0.1875 0.013392857142857142 0.013392857142857142
0 0.09151785714285714 0.17857142857142858 0.011160714285714286 0.017857142857142856
0 0.31473214285714285 0.17857142857142858 0.011160714285714286 0.011160714285714286
0 0.3125 0.19866071428571427 0.020089285714285716 0.013392857142857142
0 0.35044642857142855 0.20758928571428573 0.03125 0.011160714285714286
0 0.140625 0.203125 0.029017857142857144 0.013392857142857142
0 0.015625 0.18526785714285715 0.015625 0.017857142857142856
0 0.008928571428571428 0.21875 0.011160714285714286 0.020089285714285716