0 0.7834821428571429 0.09598214285714286 0.013392857142857142 0.015625
0 0.7522321428571429 0.05803571428571429 0.017857142857142856 0.015625
0 0.8058035714285714 0.060267857142857144 0.013392857142857142 0.015625
0 0.8169642857142857 0.08035714285714286 0.013392857142857142 0.013392857142857142
0 0.828125 0.06696428571428571 0.013392857142857142 0.022321428571428572
0 0.8526785714285714 0.05803571428571429 0.008928571428571428 0.013392857142857142
0 0.8370535714285714 0.05580357142857143 0.017857142857142856 0.024553571428571428
0 0.7098214285714286 0.06919642857142858 0.015625 0.013392857142857142
0 0.71875 0.05580357142857143 0.017857142857142856 0.015625
0 0.6763392857142857 0.0625 0.017857142857142856 0.013392857142857142
0 0.6540178571428571 0.06696428571428571 0.013392857142857142 0.013392857142857142
0 0.6205357142857143 0.09151785714285714 0.017857142857142856 0.015625
0 0.546875 0.08035714285714286 0.017857142857142856 0.020089285714285716
0 0.5803571428571429 0.09151785714285714 0.022321428571428572 0.013392857142857142
0 0.49330357142857145 0.09821428571428571 0.022321428571428572 0.011160714285714286
0 0.3705357142857143 0.08928571428571429 0.011160714285714286 0.017857142857142856
0 0.34375 0.09821428571428571 0.017857142857142856 0.017857142857142856
0 0.29017857142857145 0.09821428571428571 0.015625 0.015625
0 0.25 0.08928571428571429 0.020089285714285716 0.015625
0 0.10491071428571429 0.08928571428571429 0.011160714285714286 0.015625
0 0.08928571428571429 0.09598214285714286 0.017857142857142856 0.013392857142857142
0 0.33035714285714285 0.16964285714285715 0.029017857142857144 0.015625