0 0.006696428571428571 0.16294642857142858 0.013392857142857142 0.013392857142857142
0 0.013392857142857142 0.15178571428571427 0.020089285714285716 0.017857142857142856
0 0.07142857142857142 0.22321428571428573 0.03571428571428571 0.013392857142857142
0 0.12053571428571429 0.21428571428571427 0.022321428571428572 0.011160714285714286
0 0.21875 0.16071428571428573 0.013392857142857142 0.015625
0 0.25 0.16071428571428573 0.013392857142857142 0.013392857142857142
0 0.23214285714285715 0.20982142857142858 0.03794642857142857 0.011160714285714286
0 0.28125 0.17633928571428573 0.017857142857142856 0.011160714285714286
0 0.35044642857142855 0.15625 0.020089285714285716 0.013392857142857142
0 0.34598214285714285 0.19419642857142858 0.017857142857142856 0.013392857142857142
0 0.44419642857142855 0.23214285714285715 0.008928571428571428 0.011160714285714286
0 0.7142857142857143 0.19419642857142858 0.013392857142857142 0.015625
0 0.6584821428571429 0.18526785714285715 0.029017857142857144 0.011160714285714286
0 0.8102678571428571 0.19419642857142858 0.029017857142857144 0.013392857142857142
0 0.7477678571428571 0.19642857142857142 0.008928571428571428 0.011160714285714286
0 0.8794642857142857 0.18303571428571427 0.026785714285714284 0.011160714285714286
0 0.8928571428571429 0.21651785714285715 0.013392857142857142 0.011160714285714286