0 0.10044642857142858 0.07142857142857142 0.015625 0.011160714285714286
0 0.10491071428571429 0.022321428571428572 0.029017857142857144 0.013392857142857142
0 0.15178571428571427 0.022321428571428572 0.022321428571428572 0.020089285714285716
0 0.18526785714285715 0.06473214285714286 0.020089285714285716 0.020089285714285716
0 0.22767857142857142 0.020089285714285716 0.017857142857142856 0.017857142857142856
0 0.25669642857142855 0.020089285714285716 0.015625 0.015625
0 0.3482142857142857 0.024553571428571428 0.015625 0.017857142857142856
0 0.39732142857142855 0.024553571428571428 0.013392857142857142 0.015625
0 0.30580357142857145 0.03571428571428571 0.011160714285714286 0.015625
0 0.4174107142857143 0.049107142857142856 0.029017857142857144 0.013392857142857142
0 0.4575892857142857 0.026785714285714284 0.015625 0.013392857142857142
0 0.4888392857142857 0.05133928571428571 0.015625 0.017857142857142856
0 0.5691964285714286 0.060267857142857144 0.015625 0.013392857142857142
0 0.6316964285714286 0.07366071428571429 0.013392857142857142 0.024553571428571428
0 0.6852678571428571 0.07366071428571429 0.013392857142857142 0.015625
0 0.7410714285714286 0.05133928571428571 0.013392857142857142 0.015625
0 0.890625 0.0625 0.015625 0.017857142857142856
0 0.953125 0.10267857142857142 0.03125 0.011160714285714286
0 0.7053571428571429 0.203125 0.026785714285714284 0.013392857142857142