0 0.9866071428571429 0.06919642857142858 0.011160714285714286 0.017857142857142856
0 0.9732142857142857 0.049107142857142856 0.013392857142857142 0.015625
0 0.9174107142857143 0.07589285714285714 0.015625 0.011160714285714286
0 0.8928571428571429 0.0625 0.013392857142857142 0.013392857142857142
0 0.8058035714285714 0.06919642857142858 0.013392857142857142 0.015625
0 0.875 0.08482142857142858 0.022321428571428572 0.013392857142857142
0 0.8571428571428571 0.07142857142857142 0.022321428571428572 0.024553571428571428
0 0.5178571428571429 0.11830357142857142 0.015625 0.020089285714285716
0 0.34375 0.13169642857142858 0.017857142857142856 0.015625
0 0.46651785714285715 0.15848214285714285 0.044642857142857144 0.015625
0 0.5669642857142857 0.07142857142857142 0.011160714285714286 0.013392857142857142
0 0.5625 0.11607142857142858 0.017857142857142856 0.013392857142857142
0 0.4955357142857143 0.10491071428571429 0.022321428571428572 0.011160714285714286
0 0.36160714285714285 0.11607142857142858 0.022321428571428572 0.013392857142857142
0 0.6696428571428571 0.2544642857142857 0.029017857142857144 0.026785714285714284
0 0.12946428571428573 0.12276785714285714 0.026785714285714284 0.015625