0 0.8660714285714286 0.19196428571428573 0.011160714285714286 0.011160714285714286
0 0.8950892857142857 0.17857142857142858 0.013392857142857142 0.013392857142857142
0 0.6160714285714286 0.16517857142857142 0.013392857142857142 0.015625
0 0.6294642857142857 0.1875 0.013392857142857142 0.013392857142857142
0 0.6875 0.13616071428571427 0.011160714285714286 0.011160714285714286
0 0.7142857142857143 0.19196428571428573 0.03571428571428571 0.011160714285714286
0 0.7165178571428571 0.171875 0.022321428571428572 0.011160714285714286
0 0.7276785714285714 0.15178571428571427 0.026785714285714284 0.020089285714285716
0 0.5982142857142857 0.13392857142857142 0.011160714285714286 0.008928571428571428
0 0.5245535714285714 0.1875 0.013392857142857142 0.015625
0 0.5357142857142857 0.13392857142857142 0.015625 0.015625
0 0.5133928571428571 0.14508928571428573 0.011160714285714286 0.013392857142857142
0 0.5089285714285714 0.13392857142857142 0.008928571428571428 0.015625
0 0.4799107142857143 0.13839285714285715 0.013392857142857142 0.013392857142857142
0 0.46651785714285715 0.13616071428571427 0.013392857142857142 0.013392857142857142
0 0.35267857142857145 0.13839285714285715 0.011160714285714286 0.011160714285714286
0 0.33482142857142855 0.13839285714285715 0.011160714285714286 0.011160714285714286
0 0.25669642857142855 0.14285714285714285 0.011160714285714286 0.015625
0 0.19196428571428573 0.15178571428571427 0.017857142857142856 0.011160714285714286
0 0.060267857142857144 0.13169642857142858 0.015625 0.017857142857142856