0 0.9888392857142857 0.24553571428571427 0.011160714285714286 0.013392857142857142
0 0.9486607142857143 0.19642857142857142 0.020089285714285716 0.013392857142857142
0 0.9017857142857143 0.20982142857142858 0.013392857142857142 0.015625
0 0.8861607142857143 0.18526785714285715 0.017857142857142856 0.011160714285714286
0 0.8526785714285714 0.18973214285714285 0.017857142857142856 0.013392857142857142
0 0.8035714285714286 0.24107142857142858 0.024553571428571428 0.011160714285714286
0 0.7700892857142857 0.18526785714285715 0.011160714285714286 0.011160714285714286
0 0.7834821428571429 0.19866071428571427 0.008928571428571428 0.013392857142857142
0 0.7589285714285714 0.19196428571428573 0.020089285714285716 0.011160714285714286
0 0.6830357142857143 0.19196428571428573 0.006696428571428571 0.013392857142857142
0 0.7120535714285714 0.27232142857142855 0.020089285714285716 0.015625
0 0.5870535714285714 0.23214285714285715 0.006696428571428571 0.013392857142857142
0 0.5647321428571429 0.21205357142857142 0.008928571428571428 0.011160714285714286
0 0.5357142857142857 0.203125 0.006696428571428571 0.008928571428571428
0 0.453125 0.20982142857142858 0.013392857142857142 0.013392857142857142
0 0.36607142857142855 0.20758928571428573 0.013392857142857142 0.008928571428571428
0 0.49107142857142855 0.375 0.015625 0.03794642857142857
0 0.3080357142857143 0.20535714285714285 0.017857142857142856 0.011160714285714286
0 0.022321428571428572 0.20535714285714285 0.013392857142857142 0.013392857142857142