0 0.078125 0.16741071428571427 0.011160714285714286 0.013392857142857142
0 0.18526785714285715 0.18303571428571427 0.017857142857142856 0.013392857142857142
0 0.21428571428571427 0.171875 0.013392857142857142 0.011160714285714286
0 0.24553571428571427 0.171875 0.015625 0.011160714285714286
0 0.234375 0.19196428571428573 0.013392857142857142 0.011160714285714286
0 0.29464285714285715 0.17633928571428573 0.020089285714285716 0.013392857142857142
0 0.328125 0.171875 0.015625 0.011160714285714286
0 0.39732142857142855 0.1875 0.011160714285714286 0.011160714285714286
0 0.3794642857142857 0.17857142857142858 0.017857142857142856 0.011160714285714286
0 0.4107142857142857 0.17633928571428573 0.020089285714285716 0.011160714285714286
0 0.48214285714285715 0.2857142857142857 0.022321428571428572 0.013392857142857142
0 0.4799107142857143 0.19196428571428573 0.017857142857142856 0.006696428571428571
0 0.5290178571428571 0.171875 0.03125 0.011160714285714286
0 0.4955357142857143 0.18080357142857142 0.015625 0.011160714285714286
0 0.5401785714285714 0.19642857142857142 0.015625 0.013392857142857142
0 0.6138392857142857 0.18973214285714285 0.022321428571428572 0.015625
0 0.5223214285714286 0.18526785714285715 0.020089285714285716 0.011160714285714286
0 0.8169642857142857 0.234375 0.020089285714285716 0.013392857142857142