0 0.9665178571428571 0.13392857142857142 0.008928571428571428 0.011160714285714286
0 0.8861607142857143 0.18303571428571427 0.017857142857142856 0.015625
0 0.7924107142857143 0.23883928571428573 0.026785714285714284 0.013392857142857142
0 0.703125 0.16517857142857142 0.013392857142857142 0.011160714285714286
0 0.6741071428571429 0.16294642857142858 0.013392857142857142 0.013392857142857142
0 0.7232142857142857 0.17410714285714285 0.008928571428571428 0.013392857142857142
0 0.7477678571428571 0.15625 0.011160714285714286 0.013392857142857142
0 0.7834821428571429 0.140625 0.017857142857142856 0.011160714285714286
0 0.7924107142857143 0.13392857142857142 0.017857142857142856 0.015625
0 0.7566964285714286 0.140625 0.011160714285714286 0.011160714285714286
0 0.6473214285714286 0.15401785714285715 0.015625 0.008928571428571428
0 0.5625 0.14732142857142858 0.008928571428571428 0.015625
0 0.5379464285714286 0.15848214285714285 0.008928571428571428 0.013392857142857142
0 0.5178571428571429 0.15178571428571427 0.008928571428571428 0.011160714285714286
0 0.39732142857142855 0.23660714285714285 0.024553571428571428 0.011160714285714286
0 0.359375 0.14732142857142858 0.015625 0.015625
0 0.41964285714285715 0.16741071428571427 0.015625 0.008928571428571428
0 0.22544642857142858 0.15625 0.015625 0.013392857142857142