0 0.4486607142857143 0.13616071428571427 0.024553571428571428 0.011160714285714286
0 0.34151785714285715 0.18526785714285715 0.013392857142857142 0.013392857142857142
0 0.38169642857142855 0.13616071428571427 0.017857142857142856 0.011160714285714286
0 0.359375 0.15401785714285715 0.008928571428571428 0.013392857142857142
0 0.34375 0.15401785714285715 0.008928571428571428 0.011160714285714286
0 0.31919642857142855 0.14285714285714285 0.022321428571428572 0.008928571428571428
0 0.3013392857142857 0.14508928571428573 0.008928571428571428 0.015625
0 0.25 0.14732142857142858 0.020089285714285716 0.011160714285714286
0 0.24553571428571427 0.18080357142857142 0.020089285714285716 0.011160714285714286
0 0.21875 0.20758928571428573 0.011160714285714286 0.013392857142857142
0 0.22544642857142858 0.16294642857142858 0.011160714285714286 0.011160714285714286
0 0.19642857142857142 0.16071428571428573 0.015625 0.013392857142857142
0 0.12946428571428573 0.18303571428571427 0.011160714285714286 0.015625
0 0.10267857142857142 0.15848214285714285 0.011160714285714286 0.013392857142857142
0 0.08035714285714286 0.19866071428571427 0.017857142857142856 0.017857142857142856
0 0.029017857142857144 0.19866071428571427 0.008928571428571428 0.013392857142857142
0 0.044642857142857144 0.171875 0.008928571428571428 0.013392857142857142
0 0.015625 0.2544642857142857 0.020089285714285716 0.015625