0 0.05133928571428571 0.22098214285714285 0.015625 0.015625
0 0.6272321428571429 0.09598214285714286 0.020089285714285716 0.024553571428571428
0 0.5223214285714286 0.16741071428571427 0.026785714285714284 0.011160714285714286
0 0.609375 0.17857142857142858 0.020089285714285716 0.011160714285714286
0 0.6607142857142857 0.16517857142857142 0.011160714285714286 0.015625
0 0.6294642857142857 0.18973214285714285 0.024553571428571428 0.013392857142857142
0 0.7008928571428571 0.18526785714285715 0.011160714285714286 0.011160714285714286
0 0.6986607142857143 0.21205357142857142 0.011160714285714286 0.013392857142857142
0 0.9241071428571429 0.171875 0.03125 0.013392857142857142
0 0.9888392857142857 0.10267857142857142 0.013392857142857142 0.024553571428571428
0 0.6964285714285714 0.13616071428571427 0.013392857142857142 0.008928571428571428