0 0.2857142857142857 0.2700892857142857 0.011160714285714286 0.020089285714285716
0 0.35044642857142855 0.265625 0.017857142857142856 0.017857142857142856
0 0.41517857142857145 0.26339285714285715 0.033482142857142856 0.013392857142857142
0 0.46651785714285715 0.24553571428571427 0.022321428571428572 0.011160714285714286
0 0.35044642857142855 0.19196428571428573 0.011160714285714286 0.013392857142857142
0 0.3705357142857143 0.15401785714285715 0.011160714285714286 0.011160714285714286
0 0.33705357142857145 0.15625 0.008928571428571428 0.008928571428571428
0 0.28348214285714285 0.15848214285714285 0.008928571428571428 0.006696428571428571
0 0.5200892857142857 0.20982142857142858 0.03571428571428571 0.013392857142857142
0 0.5959821428571429 0.23214285714285715 0.013392857142857142 0.015625
0 0.5357142857142857 0.15178571428571427 0.006696428571428571 0.008928571428571428
0 0.5691964285714286 0.19866071428571427 0.024553571428571428 0.015625
0 0.6339285714285714 0.19866071428571427 0.015625 0.015625
0 0.7700892857142857 0.22098214285714285 0.022321428571428572 0.013392857142857142
0 0.6941964285714286 0.34151785714285715 0.024553571428571428 0.013392857142857142
0 0.6071428571428571 0.2611607142857143 0.008928571428571428 0.008928571428571428
0 0.39732142857142855 0.20758928571428573 0.011160714285714286 0.011160714285714286
0 0.46205357142857145 0.17410714285714285 0.020089285714285716 0.011160714285714286
0 0.4330357142857143 0.21205357142857142 0.011160714285714286 0.011160714285714286
0 0.4575892857142857 0.20758928571428573 0.008928571428571428 0.013392857142857142
0 0.46651785714285715 0.19642857142857142 0.020089285714285716 0.015625
0 0.3861607142857143 0.27232142857142855 0.008928571428571428 0.008928571428571428