0 0.48214285714285715 0.06473214285714286 0.015625 0.020089285714285716
0 0.5669642857142857 0.07142857142857142 0.015625 0.015625
0 0.671875 0.07142857142857142 0.022321428571428572 0.017857142857142856
0 0.7366071428571429 0.07366071428571429 0.011160714285714286 0.015625
0 0.7723214285714286 0.09151785714285714 0.017857142857142856 0.015625
0 0.7700892857142857 0.203125 0.029017857142857144 0.020089285714285716
0 0.7991071428571429 0.13169642857142858 0.026785714285714284 0.015625
0 0.7946428571428571 0.08258928571428571 0.013392857142857142 0.011160714285714286
0 0.84375 0.16741071428571427 0.017857142857142856 0.013392857142857142
0 0.8861607142857143 0.24107142857142858 0.049107142857142856 0.015625
0 0.8705357142857143 0.08258928571428571 0.011160714285714286 0.013392857142857142
0 0.8928571428571429 0.08258928571428571 0.020089285714285716 0.013392857142857142
0 0.8861607142857143 0.10267857142857142 0.013392857142857142 0.017857142857142856
0 0.9464285714285714 0.10267857142857142 0.015625 0.015625
0 0.9799107142857143 0.08258928571428571 0.017857142857142856 0.013392857142857142