0 0.046875 0.2611607142857143 0.020089285714285716 0.015625
0 0.004464285714285714 0.09151785714285714 0.006696428571428571 0.013392857142857142
0 0.04241071428571429 0.09598214285714286 0.008928571428571428 0.015625
0 0.07142857142857142 0.109375 0.013392857142857142 0.008928571428571428
0 0.078125 0.08928571428571429 0.017857142857142856 0.015625
0 0.13169642857142858 0.09598214285714286 0.011160714285714286 0.015625
0 0.12276785714285714 0.125 0.024553571428571428 0.013392857142857142
0 0.15178571428571427 0.09821428571428571 0.022321428571428572 0.011160714285714286
0 0.24776785714285715 0.10714285714285714 0.013392857142857142 0.015625
0 0.2924107142857143 0.11160714285714286 0.011160714285714286 0.013392857142857142
0 0.34151785714285715 0.109375 0.013392857142857142 0.015625
0 0.46875 0.12053571428571429 0.013392857142857142 0.015625
0 0.5089285714285714 0.12276785714285714 0.011160714285714286 0.017857142857142856
0 0.8616071428571429 0.15401785714285715 0.008928571428571428 0.013392857142857142