0 0.9866071428571429 0.16741071428571427 0.013392857142857142 0.015625
0 0.9419642857142857 0.171875 0.013392857142857142 0.017857142857142856
0 0.8772321428571429 0.16741071428571427 0.015625 0.015625
0 0.84375 0.19642857142857142 0.015625 0.017857142857142856
0 0.9129464285714286 0.18080357142857142 0.015625 0.015625
0 0.8035714285714286 0.171875 0.013392857142857142 0.015625
0 0.7611607142857143 0.16964285714285715 0.011160714285714286 0.013392857142857142
0 0.765625 0.22098214285714285 0.011160714285714286 0.017857142857142856
0 0.7254464285714286 0.18526785714285715 0.015625 0.017857142857142856
0 0.6495535714285714 0.18526785714285715 0.029017857142857144 0.017857142857142856
0 0.5133928571428571 0.21875 0.015625 0.017857142857142856
0 0.4732142857142857 0.21205357142857142 0.013392857142857142 0.015625
0 0.40848214285714285 0.203125 0.017857142857142856 0.017857142857142856
0 0.33035714285714285 0.171875 0.04017857142857143 0.017857142857142856
0 0.20535714285714285 0.20982142857142858 0.03571428571428571 0.015625
0 0.033482142857142856 0.21875 0.03571428571428571 0.013392857142857142
0 0.10044642857142858 0.21428571428571427 0.029017857142857144 0.011160714285714286
0 0.078125 0.22098214285714285 0.03125 0.011160714285714286
0 0.15178571428571427 0.24107142857142858 0.015625 0.011160714285714286