0 0.9174107142857143 0.21875 0.020089285714285716 0.017857142857142856
0 0.7991071428571429 0.19642857142857142 0.029017857142857144 0.011160714285714286
0 0.7924107142857143 0.18303571428571427 0.013392857142857142 0.011160714285714286
0 0.828125 0.16741071428571427 0.022321428571428572 0.011160714285714286
0 0.8147321428571429 0.15178571428571427 0.013392857142857142 0.008928571428571428
0 0.75 0.14732142857142858 0.011160714285714286 0.008928571428571428
0 0.7566964285714286 0.17410714285714285 0.026785714285714284 0.011160714285714286
0 0.7991071428571429 0.13392857142857142 0.008928571428571428 0.011160714285714286
0 0.5892857142857143 0.14285714285714285 0.017857142857142856 0.011160714285714286
0 0.6205357142857143 0.14285714285714285 0.008928571428571428 0.008928571428571428
0 0.4486607142857143 0.14732142857142858 0.011160714285714286 0.011160714285714286
0 0.8772321428571429 0.13169642857142858 0.022321428571428572 0.011160714285714286
0 0.9017857142857143 0.14285714285714285 0.013392857142857142 0.008928571428571428
0 0.9174107142857143 0.12723214285714285 0.017857142857142856 0.011160714285714286
0 0.9352678571428571 0.13616071428571427 0.011160714285714286 0.011160714285714286
0 0.9464285714285714 0.14732142857142858 0.015625 0.008928571428571428
0 0.9508928571428571 0.13169642857142858 0.008928571428571428 0.008928571428571428
0 0.96875 0.12276785714285714 0.008928571428571428 0.008928571428571428
0 0.2544642857142857 0.14955357142857142 0.024553571428571428 0.011160714285714286