0 0.9910714285714286 0.08035714285714286 0.008928571428571428 0.026785714285714284
0 0.9352678571428571 0.08258928571428571 0.013392857142857142 0.015625
0 0.8995535714285714 0.08482142857142858 0.015625 0.015625
0 0.8348214285714286 0.12723214285714285 0.024553571428571428 0.013392857142857142
0 0.71875 0.08928571428571429 0.008928571428571428 0.015625
0 0.6674107142857143 0.08928571428571429 0.013392857142857142 0.015625
0 0.6517857142857143 0.10267857142857142 0.024553571428571428 0.013392857142857142
0 0.6205357142857143 0.140625 0.020089285714285716 0.013392857142857142
0 0.5044642857142857 0.09151785714285714 0.013392857142857142 0.013392857142857142
0 0.5223214285714286 0.09821428571428571 0.020089285714285716 0.013392857142857142
0 0.546875 0.125 0.020089285714285716 0.015625
0 0.578125 0.12946428571428573 0.015625 0.008928571428571428
0 0.5044642857142857 0.14285714285714285 0.029017857142857144 0.013392857142857142
0 0.22544642857142858 0.11383928571428571 0.015625 0.013392857142857142
0 0.125 0.12946428571428573 0.033482142857142856 0.020089285714285716