0 0.9933035714285714 0.14508928571428573 0.008928571428571428 0.013392857142857142
0 0.9642857142857143 0.14508928571428573 0.013392857142857142 0.011160714285714286
0 0.8683035714285714 0.13839285714285715 0.013392857142857142 0.013392857142857142
0 0.8236607142857143 0.140625 0.008928571428571428 0.011160714285714286
0 0.7723214285714286 0.140625 0.008928571428571428 0.011160714285714286
0 0.7767857142857143 0.16071428571428573 0.013392857142857142 0.013392857142857142
0 0.7254464285714286 0.20535714285714285 0.013392857142857142 0.015625
0 0.6607142857142857 0.21651785714285715 0.033482142857142856 0.013392857142857142
0 0.6026785714285714 0.234375 0.020089285714285716 0.011160714285714286
0 0.6205357142857143 0.1875 0.008928571428571428 0.013392857142857142
0 0.6696428571428571 0.171875 0.011160714285714286 0.013392857142857142
0 0.5803571428571429 0.18303571428571427 0.011160714285714286 0.013392857142857142
0 0.4732142857142857 0.19196428571428573 0.013392857142857142 0.015625
0 0.6986607142857143 0.14285714285714285 0.008928571428571428 0.008928571428571428
0 0.17410714285714285 0.20535714285714285 0.03794642857142857 0.017857142857142856
0 0.049107142857142856 0.21428571428571427 0.03125 0.008928571428571428