0 0.09375 0.15178571428571427 0.04241071428571429 0.015625
0 0.16964285714285715 0.14732142857142858 0.022321428571428572 0.015625
0 0.23883928571428573 0.2544642857142857 0.024553571428571428 0.020089285714285716
0 0.2611607142857143 0.14955357142857142 0.03125 0.013392857142857142
0 0.39732142857142855 0.15848214285714285 0.011160714285714286 0.022321428571428572
0 0.3482142857142857 0.14732142857142858 0.011160714285714286 0.013392857142857142
0 0.31919642857142855 0.14732142857142858 0.022321428571428572 0.015625
0 0.5401785714285714 0.171875 0.020089285714285716 0.013392857142857142
0 0.5535714285714286 0.19642857142857142 0.017857142857142856 0.011160714285714286
0 0.4017857142857143 0.20089285714285715 0.026785714285714284 0.013392857142857142
0 0.6897321428571429 0.16294642857142858 0.022321428571428572 0.013392857142857142
0 0.7522321428571429 0.1875 0.015625 0.013392857142857142
0 0.21428571428571427 0.16741071428571427 0.011160714285714286 0.013392857142857142
0 0.8861607142857143 0.17857142857142858 0.029017857142857144 0.013392857142857142