0 0.8214285714285714 0.30357142857142855 0.015625 0.015625
0 0.7834821428571429 0.35044642857142855 0.049107142857142856 0.011160714285714286
0 0.9107142857142857 0.359375 0.046875 0.017857142857142856
0 0.6830357142857143 0.16071428571428573 0.015625 0.011160714285714286
0 0.5892857142857143 0.15625 0.03125 0.015625
0 0.4330357142857143 0.17857142857142858 0.013392857142857142 0.013392857142857142
0 0.3482142857142857 0.203125 0.006696428571428571 0.013392857142857142
0 0.36160714285714285 0.16741071428571427 0.03794642857142857 0.013392857142857142
0 0.16517857142857142 0.17410714285714285 0.03571428571428571 0.013392857142857142
0 0.03794642857142857 0.21651785714285715 0.033482142857142856 0.011160714285714286
0 0.05133928571428571 0.36160714285714285 0.017857142857142856 0.013392857142857142
0 0.19196428571428573 0.16294642857142858 0.008928571428571428 0.011160714285714286