0 0.002232142857142857 0.16294642857142858 0.002232142857142857 0.015625
0 0.09151785714285714 0.17633928571428573 0.011160714285714286 0.013392857142857142
0 0.16964285714285715 0.17857142857142858 0.013392857142857142 0.013392857142857142
0 0.14732142857142858 0.21875 0.013392857142857142 0.013392857142857142
0 0.17857142857142858 0.20089285714285715 0.013392857142857142 0.011160714285714286
0 0.033482142857142856 0.16964285714285715 0.017857142857142856 0.013392857142857142
0 0.008928571428571428 0.17410714285714285 0.011160714285714286 0.011160714285714286
0 0.22098214285714285 0.17857142857142858 0.015625 0.013392857142857142
0 0.23214285714285715 0.20535714285714285 0.008928571428571428 0.015625
0 0.20758928571428573 0.22767857142857142 0.008928571428571428 0.015625
0 0.2700892857142857 0.19866071428571427 0.013392857142857142 0.015625
0 0.3392857142857143 0.21875 0.011160714285714286 0.017857142857142856
0 0.37276785714285715 0.19866071428571427 0.017857142857142856 0.013392857142857142
0 0.31026785714285715 0.1875 0.029017857142857144 0.013392857142857142
0 0.31473214285714285 0.296875 0.026785714285714284 0.013392857142857142
0 0.42857142857142855 0.234375 0.011160714285714286 0.015625
0 0.6339285714285714 0.22767857142857142 0.011160714285714286 0.015625
0 0.8035714285714286 0.22544642857142858 0.013392857142857142 0.015625
0 0.9308035714285714 0.23214285714285715 0.015625 0.020089285714285716
0 0.890625 0.23214285714285715 0.011160714285714286 0.013392857142857142
0 0.90625 0.234375 0.008928571428571428 0.017857142857142856