0 0.9375 0.08035714285714286 0.015625 0.015625
0 0.8861607142857143 0.08258928571428571 0.011160714285714286 0.013392857142857142
0 0.8258928571428571 0.08258928571428571 0.011160714285714286 0.013392857142857142
0 0.8303571428571429 0.10714285714285714 0.015625 0.015625
0 0.7700892857142857 0.15848214285714285 0.015625 0.017857142857142856
0 0.6919642857142857 0.171875 0.04017857142857143 0.015625
0 0.6227678571428571 0.19419642857142858 0.024553571428571428 0.013392857142857142
0 0.6450892857142857 0.13839285714285715 0.011160714285714286 0.015625
0 0.7008928571428571 0.11830357142857142 0.013392857142857142 0.015625
0 0.5959821428571429 0.13392857142857142 0.013392857142857142 0.015625
0 0.46875 0.14508928571428573 0.015625 0.020089285714285716
0 0.7366071428571429 0.08482142857142858 0.011160714285714286 0.008928571428571428
0 0.11160714285714286 0.16071428571428573 0.044642857142857144 0.022321428571428572