0 0.008928571428571428 0.13616071428571427 0.017857142857142856 0.022321428571428572
0 0.03794642857142857 0.12276785714285714 0.008928571428571428 0.013392857142857142
0 0.05357142857142857 0.11607142857142858 0.013392857142857142 0.011160714285714286
0 0.060267857142857144 0.10044642857142858 0.013392857142857142 0.022321428571428572
0 0.09821428571428571 0.10044642857142858 0.008928571428571428 0.013392857142857142
0 0.12053571428571429 0.11607142857142858 0.013392857142857142 0.011160714285714286
0 0.1875 0.12053571428571429 0.013392857142857142 0.015625
0 0.22544642857142858 0.11160714285714286 0.011160714285714286 0.015625
0 0.24330357142857142 0.12053571428571429 0.013392857142857142 0.015625
0 0.28348214285714285 0.125 0.013392857142857142 0.015625
0 0.31026785714285715 0.13616071428571427 0.013392857142857142 0.011160714285714286
0 0.33482142857142855 0.11383928571428571 0.008928571428571428 0.015625
0 0.33035714285714285 0.13616071428571427 0.008928571428571428 0.011160714285714286
0 0.35267857142857145 0.12723214285714285 0.013392857142857142 0.013392857142857142
0 0.390625 0.13392857142857142 0.008928571428571428 0.013392857142857142
0 0.390625 0.18526785714285715 0.006696428571428571 0.011160714285714286
0 0.4575892857142857 0.17633928571428573 0.008928571428571428 0.013392857142857142
0 0.4642857142857143 0.265625 0.017857142857142856 0.017857142857142856
0 0.48660714285714285 0.265625 0.024553571428571428 0.011160714285714286
0 0.5200892857142857 0.18526785714285715 0.011160714285714286 0.015625
0 0.5089285714285714 0.14508928571428573 0.013392857142857142 0.011160714285714286
0 0.5982142857142857 0.13392857142857142 0.011160714285714286 0.013392857142857142
0 0.6294642857142857 0.13392857142857142 0.011160714285714286 0.013392857142857142
0 0.6428571428571429 0.16741071428571427 0.011160714285714286 0.015625
0 0.6674107142857143 0.13616071428571427 0.029017857142857144 0.013392857142857142
0 0.9575892857142857 0.28125 0.015625 0.026785714285714284