0 0.022321428571428572 0.16294642857142858 0.024553571428571428 0.017857142857142856
0 0.08928571428571429 0.17410714285714285 0.011160714285714286 0.017857142857142856
0 0.140625 0.17633928571428573 0.013392857142857142 0.013392857142857142
0 0.16964285714285715 0.18973214285714285 0.022321428571428572 0.013392857142857142
0 0.19866071428571427 0.203125 0.020089285714285716 0.015625
0 0.21205357142857142 0.1875 0.015625 0.015625
0 0.25892857142857145 0.203125 0.013392857142857142 0.024553571428571428
0 0.31026785714285715 0.1875 0.017857142857142856 0.015625
0 0.328125 0.22544642857142858 0.013392857142857142 0.017857142857142856
0 0.375 0.21205357142857142 0.013392857142857142 0.017857142857142856
0 0.43080357142857145 0.20758928571428573 0.013392857142857142 0.013392857142857142
0 0.5647321428571429 0.22991071428571427 0.013392857142857142 0.017857142857142856
0 0.65625 0.24330357142857142 0.03571428571428571 0.017857142857142856
0 0.8035714285714286 0.23214285714285715 0.008928571428571428 0.015625
0 0.8415178571428571 0.22544642857142858 0.013392857142857142 0.015625
0 0.9888392857142857 0.24553571428571427 0.011160714285714286 0.013392857142857142