0 0.08705357142857142 0.24776785714285715 0.022321428571428572 0.017857142857142856
0 0.033482142857142856 0.05803571428571429 0.013392857142857142 0.015625
0 0.08258928571428571 0.0625 0.011160714285714286 0.017857142857142856
0 0.11607142857142858 0.078125 0.015625 0.008928571428571428
0 0.12053571428571429 0.05580357142857143 0.020089285714285716 0.017857142857142856
0 0.18303571428571427 0.0625 0.011160714285714286 0.015625
0 0.171875 0.09598214285714286 0.029017857142857144 0.013392857142857142
0 0.20535714285714285 0.0625 0.026785714285714284 0.011160714285714286
0 0.3125 0.07366071428571429 0.015625 0.017857142857142856
0 0.3638392857142857 0.08035714285714286 0.013392857142857142 0.013392857142857142
0 0.41964285714285715 0.078125 0.015625 0.017857142857142856
0 0.5602678571428571 0.08928571428571429 0.013392857142857142 0.017857142857142856
0 0.6071428571428571 0.09151785714285714 0.011160714285714286 0.020089285714285716