0 0.21428571428571427 0.31026785714285715 0.029017857142857144 0.017857142857142856
0 0.7120535714285714 0.28348214285714285 0.015625 0.022321428571428572
0 0.6272321428571429 0.203125 0.015625 0.015625
0 0.359375 0.19196428571428573 0.013392857142857142 0.013392857142857142
0 0.46875 0.16964285714285715 0.013392857142857142 0.015625
0 0.625 0.13616071428571427 0.026785714285714284 0.011160714285714286
0 0.6517857142857143 0.171875 0.029017857142857144 0.011160714285714286
0 0.6741071428571429 0.16741071428571427 0.024553571428571428 0.011160714285714286
0 0.7053571428571429 0.16517857142857142 0.026785714285714284 0.013392857142857142
0 0.7366071428571429 0.12946428571428573 0.011160714285714286 0.013392857142857142
0 0.8415178571428571 0.15178571428571427 0.03571428571428571 0.017857142857142856
0 0.703125 0.13616071428571427 0.017857142857142856 0.013392857142857142
0 0.8727678571428571 0.16517857142857142 0.03794642857142857 0.011160714285714286
0 0.9084821428571429 0.171875 0.011160714285714286 0.017857142857142856
0 0.9575892857142857 0.18080357142857142 0.011160714285714286 0.015625