0 0.15401785714285715 0.45982142857142855 0.029017857142857144 0.026785714285714284
0 0.46205357142857145 0.21428571428571427 0.044642857142857144 0.013392857142857142
0 0.34598214285714285 0.19196428571428573 0.029017857142857144 0.013392857142857142
0 0.35267857142857145 0.11830357142857142 0.011160714285714286 0.011160714285714286
0 0.421875 0.10491071428571429 0.015625 0.017857142857142856
0 0.2924107142857143 0.11607142857142858 0.008928571428571428 0.013392857142857142
0 0.2544642857142857 0.12053571428571429 0.013392857142857142 0.015625
0 0.18526785714285715 0.14285714285714285 0.011160714285714286 0.013392857142857142
0 0.16071428571428573 0.13392857142857142 0.011160714285714286 0.015625
0 0.14285714285714285 0.15401785714285715 0.033482142857142856 0.011160714285714286
0 0.12946428571428573 0.11607142857142858 0.013392857142857142 0.013392857142857142
0 0.11160714285714286 0.13169642857142858 0.015625 0.013392857142857142
0 0.0625 0.12053571428571429 0.015625 0.015625
0 0.04241071428571429 0.15848214285714285 0.024553571428571428 0.013392857142857142
0 0.008928571428571428 0.18973214285714285 0.013392857142857142 0.015625