0 0.8013392857142857 0.33705357142857145 0.017857142857142856 0.04241071428571429
0 0.75 0.26785714285714285 0.013392857142857142 0.022321428571428572
0 0.9151785714285714 0.23660714285714285 0.015625 0.017857142857142856
0 0.9040178571428571 0.20535714285714285 0.013392857142857142 0.013392857142857142
0 0.9754464285714286 0.21428571428571427 0.011160714285714286 0.017857142857142856
0 0.9375 0.18303571428571427 0.013392857142857142 0.011160714285714286
0 0.9598214285714286 0.19866071428571427 0.022321428571428572 0.008928571428571428
0 0.9397321428571429 0.16964285714285715 0.033482142857142856 0.015625
0 0.8839285714285714 0.19866071428571427 0.020089285714285716 0.013392857142857142
0 0.8772321428571429 0.23214285714285715 0.017857142857142856 0.017857142857142856
0 0.8080357142857143 0.203125 0.029017857142857144 0.017857142857142856
0 0.7477678571428571 0.18303571428571427 0.017857142857142856 0.020089285714285716
0 0.7790178571428571 0.234375 0.011160714285714286 0.013392857142857142
0 0.7433035714285714 0.20089285714285715 0.013392857142857142 0.011160714285714286
0 0.7008928571428571 0.19866071428571427 0.03794642857142857 0.013392857142857142
0 0.6383928571428571 0.1875 0.015625 0.022321428571428572
0 0.578125 0.19642857142857142 0.029017857142857144 0.011160714285714286
0 0.6071428571428571 0.17857142857142858 0.022321428571428572 0.011160714285714286
0 0.39732142857142855 0.20535714285714285 0.013392857142857142 0.015625
0 0.171875 0.22767857142857142 0.011160714285714286 0.013392857142857142
0 0.23660714285714285 0.22321428571428573 0.026785714285714284 0.013392857142857142
0 0.43526785714285715 0.19419642857142858 0.011160714285714286 0.011160714285714286