0 0.020089285714285716 0.33705357142857145 0.04017857142857143 0.017857142857142856
0 0.006696428571428571 0.11830357142857142 0.013392857142857142 0.022321428571428572
0 0.11383928571428571 0.109375 0.020089285714285716 0.011160714285714286
0 0.18973214285714285 0.10267857142857142 0.008928571428571428 0.013392857142857142
0 0.22767857142857142 0.11160714285714286 0.011160714285714286 0.015625
0 0.3392857142857143 0.12276785714285714 0.020089285714285716 0.008928571428571428
0 0.39955357142857145 0.11607142857142858 0.015625 0.017857142857142856
0 0.34598214285714285 0.10714285714285714 0.020089285714285716 0.011160714285714286
0 0.5223214285714286 0.12946428571428573 0.008928571428571428 0.011160714285714286
0 0.6339285714285714 0.11160714285714286 0.011160714285714286 0.017857142857142856
0 0.7834821428571429 0.125 0.011160714285714286 0.015625
0 0.9799107142857143 0.12276785714285714 0.03794642857142857 0.015625
0 0.9486607142857143 0.13392857142857142 0.011160714285714286 0.011160714285714286