0 0.9955357142857143 0.008928571428571428 0.006696428571428571 0.017857142857142856
0 0.9508928571428571 0.03125 0.008928571428571428 0.017857142857142856
0 0.7723214285714286 0.05580357142857143 0.008928571428571428 0.013392857142857142
0 0.734375 0.015625 0.029017857142857144 0.017857142857142856
0 0.7120535714285714 0.029017857142857144 0.020089285714285716 0.013392857142857142
0 0.6741071428571429 0.024553571428571428 0.011160714285714286 0.017857142857142856
0 0.6383928571428571 0.020089285714285716 0.017857142857142856 0.015625
0 0.5089285714285714 0.049107142857142856 0.017857142857142856 0.015625
0 0.31026785714285715 0.06696428571428571 0.020089285714285716 0.020089285714285716
0 0.046875 0.07589285714285714 0.020089285714285716 0.017857142857142856
0 0.4174107142857143 0.06473214285714286 0.015625 0.008928571428571428