0 0.9888392857142857 0.15848214285714285 0.013392857142857142 0.022321428571428572
0 0.9754464285714286 0.13839285714285715 0.013392857142857142 0.011160714285714286
0 0.9665178571428571 0.10491071428571429 0.026785714285714284 0.013392857142857142
0 0.8794642857142857 0.14955357142857142 0.020089285714285716 0.013392857142857142
0 0.8325892857142857 0.14508928571428573 0.020089285714285716 0.011160714285714286
0 0.796875 0.14508928571428573 0.008928571428571428 0.011160714285714286
0 0.7410714285714286 0.19419642857142858 0.017857142857142856 0.020089285714285716
0 0.6785714285714286 0.18303571428571427 0.022321428571428572 0.011160714285714286
0 0.65625 0.17410714285714285 0.020089285714285716 0.015625
0 0.5714285714285714 0.16294642857142858 0.024553571428571428 0.013392857142857142
0 0.6026785714285714 0.18080357142857142 0.04017857142857143 0.013392857142857142
0 0.5245535714285714 0.19196428571428573 0.011160714285714286 0.013392857142857142
0 0.49330357142857145 0.171875 0.013392857142857142 0.011160714285714286
0 0.375 0.18303571428571427 0.033482142857142856 0.017857142857142856
0 0.2544642857142857 0.17633928571428573 0.046875 0.013392857142857142
0 0.1875 0.16964285714285715 0.013392857142857142 0.013392857142857142
0 0.10714285714285714 0.18973214285714285 0.008928571428571428 0.011160714285714286
0 0.3236607142857143 0.328125 0.011160714285714286 0.011160714285714286