0 0.9799107142857143 0.044642857142857144 0.015625 0.013392857142857142
0 0.9375 0.03794642857142857 0.017857142857142856 0.015625
0 0.9151785714285714 0.060267857142857144 0.013392857142857142 0.017857142857142856
0 0.8616071428571429 0.060267857142857144 0.022321428571428572 0.015625
0 0.7901785714285714 0.08258928571428571 0.011160714285714286 0.015625
0 0.7700892857142857 0.06473214285714286 0.015625 0.015625
0 0.7209821428571429 0.09375 0.029017857142857144 0.013392857142857142
0 0.7098214285714286 0.07589285714285714 0.015625 0.017857142857142856
0 0.6428571428571429 0.06919642857142858 0.024553571428571428 0.017857142857142856
0 0.6473214285714286 0.10267857142857142 0.015625 0.017857142857142856
0 0.5982142857142857 0.09375 0.013392857142857142 0.015625
0 0.5357142857142857 0.08705357142857142 0.017857142857142856 0.015625
0 0.3861607142857143 0.10714285714285714 0.017857142857142856 0.017857142857142856
0 0.24553571428571427 0.12946428571428573 0.020089285714285716 0.017857142857142856
0 0.18526785714285715 0.109375 0.022321428571428572 0.017857142857142856
0 0.10491071428571429 0.11830357142857142 0.015625 0.017857142857142856
0 0.08258928571428571 0.10714285714285714 0.015625 0.017857142857142856