0 0.22098214285714285 0.3080357142857143 0.017857142857142856 0.020089285714285716
0 0.46205357142857145 0.31026785714285715 0.022321428571428572 0.015625
0 0.890625 0.23214285714285715 0.017857142857142856 0.011160714285714286
0 0.8861607142857143 0.21875 0.020089285714285716 0.011160714285714286
0 0.9263392857142857 0.16294642857142858 0.011160714285714286 0.017857142857142856
0 0.9575892857142857 0.14955357142857142 0.011160714285714286 0.015625
0 0.9196428571428571 0.125 0.013392857142857142 0.015625
0 0.8794642857142857 0.125 0.015625 0.015625
0 0.8883928571428571 0.13169642857142858 0.013392857142857142 0.013392857142857142
0 0.8125 0.125 0.020089285714285716 0.013392857142857142
0 0.7522321428571429 0.13169642857142858 0.03794642857142857 0.013392857142857142
0 0.9910714285714286 0.15848214285714285 0.011160714285714286 0.024553571428571428