0 0.5803571428571429 0.359375 0.026785714285714284 0.013392857142857142
0 0.39732142857142855 0.32142857142857145 0.044642857142857144 0.013392857142857142
0 0.14508928571428573 0.2924107142857143 0.029017857142857144 0.011160714285714286
0 0.46875 0.16741071428571427 0.022321428571428572 0.017857142857142856
0 0.6026785714285714 0.19419642857142858 0.011160714285714286 0.011160714285714286
0 0.36607142857142855 0.17857142857142858 0.020089285714285716 0.015625
0 0.3169642857142857 0.15848214285714285 0.017857142857142856 0.011160714285714286
0 0.29017857142857145 0.16294642857142858 0.05133928571428571 0.013392857142857142
0 0.08705357142857142 0.16517857142857142 0.017857142857142856 0.013392857142857142
0 0.10714285714285714 0.25 0.011160714285714286 0.013392857142857142
0 0.234375 0.1875 0.017857142857142856 0.017857142857142856
0 0.04017857142857143 0.15401785714285715 0.015625 0.008928571428571428