0 0.008928571428571428 0.1875 0.017857142857142856 0.017857142857142856
0 0.03571428571428571 0.17410714285714285 0.008928571428571428 0.013392857142857142
0 0.05133928571428571 0.16741071428571427 0.011160714285714286 0.011160714285714286
0 0.05803571428571429 0.15178571428571427 0.013392857142857142 0.022321428571428572
0 0.09598214285714286 0.15178571428571427 0.008928571428571428 0.013392857142857142
0 0.11607142857142858 0.16741071428571427 0.013392857142857142 0.011160714285714286
0 0.18080357142857142 0.171875 0.013392857142857142 0.015625
0 0.21875 0.16294642857142858 0.011160714285714286 0.015625
0 0.23660714285714285 0.171875 0.013392857142857142 0.015625
0 0.27455357142857145 0.17633928571428573 0.013392857142857142 0.015625
0 0.3013392857142857 0.1875 0.013392857142857142 0.011160714285714286
0 0.3236607142857143 0.16517857142857142 0.008928571428571428 0.013392857142857142
0 0.31919642857142855 0.18526785714285715 0.008928571428571428 0.011160714285714286
0 0.34151785714285715 0.17857142857142858 0.011160714285714286 0.013392857142857142
0 0.3794642857142857 0.18303571428571427 0.008928571428571428 0.011160714285714286
0 0.37723214285714285 0.234375 0.006696428571428571 0.011160714285714286
0 0.44419642857142855 0.22544642857142858 0.008928571428571428 0.013392857142857142
0 0.45089285714285715 0.3125 0.015625 0.017857142857142856
0 0.47098214285714285 0.3125 0.024553571428571428 0.011160714285714286
0 0.5022321428571429 0.23214285714285715 0.011160714285714286 0.015625
0 0.49330357142857145 0.19419642857142858 0.013392857142857142 0.008928571428571428
0 0.5803571428571429 0.18303571428571427 0.011160714285714286 0.013392857142857142
0 0.609375 0.18526785714285715 0.011160714285714286 0.013392857142857142
0 0.6205357142857143 0.21875 0.011160714285714286 0.015625
0 0.6450892857142857 0.1875 0.026785714285714284 0.013392857142857142
0 0.9263392857142857 0.32589285714285715 0.015625 0.026785714285714284