0 0.09821428571428571 0.22321428571428573 0.020089285714285716 0.015625
0 0.1875 0.21205357142857142 0.013392857142857142 0.015625
0 0.16741071428571427 0.20535714285714285 0.020089285714285716 0.017857142857142856
0 0.23883928571428573 0.20535714285714285 0.015625 0.017857142857142856
0 0.29910714285714285 0.21428571428571427 0.013392857142857142 0.020089285714285716
0 0.38839285714285715 0.23660714285714285 0.022321428571428572 0.022321428571428572
0 0.46875 0.22767857142857142 0.013392857142857142 0.015625
0 0.5401785714285714 0.22544642857142858 0.024553571428571428 0.020089285714285716
0 0.4799107142857143 0.265625 0.020089285714285716 0.017857142857142856
0 0.5267857142857143 0.24776785714285715 0.013392857142857142 0.015625
0 0.5915178571428571 0.26339285714285715 0.015625 0.017857142857142856