0 0.9910714285714286 0.24107142857142858 0.008928571428571428 0.026785714285714284
0 0.9553571428571429 0.17633928571428573 0.022321428571428572 0.013392857142857142
0 0.9419642857142857 0.16071428571428573 0.015625 0.011160714285714286
0 0.828125 0.18080357142857142 0.015625 0.013392857142857142
0 0.75 0.18526785714285715 0.011160714285714286 0.015625
0 0.7209821428571429 0.18526785714285715 0.013392857142857142 0.013392857142857142
0 0.7589285714285714 0.22767857142857142 0.022321428571428572 0.013392857142857142
0 0.6383928571428571 0.2544642857142857 0.013392857142857142 0.015625
0 0.5513392857142857 0.19642857142857142 0.015625 0.015625
0 0.5245535714285714 0.23883928571428573 0.022321428571428572 0.011160714285714286
0 0.48214285714285715 0.23660714285714285 0.011160714285714286 0.020089285714285716
0 0.39955357142857145 0.22321428571428573 0.011160714285714286 0.013392857142857142
0 0.36607142857142855 0.22767857142857142 0.008928571428571428 0.013392857142857142
0 0.25892857142857145 0.20758928571428573 0.015625 0.015625
0 0.3013392857142857 0.22321428571428573 0.03125 0.013392857142857142
0 0.16294642857142858 0.24553571428571427 0.011160714285714286 0.011160714285714286