0 0.5714285714285714 0.3169642857142857 0.044642857142857144 0.013392857142857142
0 0.37276785714285715 0.296875 0.015625 0.020089285714285716
0 0.4888392857142857 0.19642857142857142 0.015625 0.013392857142857142
0 0.09375 0.28348214285714285 0.013392857142857142 0.017857142857142856
0 0.18080357142857142 0.25223214285714285 0.013392857142857142 0.008928571428571428
0 0.22544642857142858 0.15625 0.017857142857142856 0.013392857142857142
0 0.13616071428571427 0.14508928571428573 0.013392857142857142 0.013392857142857142
0 0.03125 0.21875 0.013392857142857142 0.017857142857142856
0 0.049107142857142856 0.22544642857142858 0.022321428571428572 0.013392857142857142
0 0.008928571428571428 0.14732142857142858 0.013392857142857142 0.013392857142857142
0 0.04241071428571429 0.14732142857142858 0.033482142857142856 0.015625
0 0.08035714285714286 0.14732142857142858 0.029017857142857144 0.011160714285714286