0 0.008928571428571428 0.020089285714285716 0.017857142857142856 0.017857142857142856
0 0.07589285714285714 0.04241071428571429 0.020089285714285716 0.013392857142857142
0 0.06696428571428571 0.024553571428571428 0.017857142857142856 0.020089285714285716
0 0.16741071428571427 0.046875 0.022321428571428572 0.017857142857142856
0 0.14955357142857142 0.07142857142857142 0.011160714285714286 0.017857142857142856
0 0.203125 0.033482142857142856 0.024553571428571428 0.020089285714285716
0 0.15178571428571427 0.03125 0.03125 0.017857142857142856
0 0.296875 0.03571428571428571 0.03794642857142857 0.017857142857142856
0 0.46651785714285715 0.03125 0.017857142857142856 0.015625
0 0.515625 0.05803571428571429 0.017857142857142856 0.022321428571428572
0 0.6741071428571429 0.03125 0.013392857142857142 0.013392857142857142
0 0.7254464285714286 0.27455357142857145 0.049107142857142856 0.022321428571428572