0 0.7165178571428571 0.2611607142857143 0.026785714285714284 0.013392857142857142
0 0.6875 0.2611607142857143 0.013392857142857142 0.011160714285714286
0 0.640625 0.11383928571428571 0.011160714285714286 0.015625
0 0.6875 0.11383928571428571 0.013392857142857142 0.013392857142857142
0 0.7321428571428571 0.11383928571428571 0.008928571428571428 0.011160714285714286
0 0.7790178571428571 0.11160714285714286 0.008928571428571428 0.013392857142857142
0 0.7946428571428571 0.11830357142857142 0.022321428571428572 0.013392857142857142
0 0.828125 0.11830357142857142 0.011160714285714286 0.013392857142857142
0 0.8504464285714286 0.11383928571428571 0.015625 0.011160714285714286
0 0.8392857142857143 0.12946428571428573 0.011160714285714286 0.013392857142857142
0 0.8839285714285714 0.13616071428571427 0.015625 0.017857142857142856
0 0.9084821428571429 0.18080357142857142 0.013392857142857142 0.013392857142857142
0 0.9330357142857143 0.12053571428571429 0.022321428571428572 0.013392857142857142
0 0.9553571428571429 0.14955357142857142 0.015625 0.011160714285714286
0 0.96875 0.12053571428571429 0.013392857142857142 0.013392857142857142
0 0.9799107142857143 0.20982142857142858 0.013392857142857142 0.015625