0 0.002232142857142857 0.14732142857142858 0.004464285714285714 0.013392857142857142
0 0.06473214285714286 0.12946428571428573 0.026785714285714284 0.020089285714285716
0 0.18973214285714285 0.13839285714285715 0.024553571428571428 0.011160714285714286
0 0.24107142857142858 0.13839285714285715 0.033482142857142856 0.013392857142857142
0 0.34598214285714285 0.13392857142857142 0.022321428571428572 0.015625
0 0.328125 0.14955357142857142 0.020089285714285716 0.013392857142857142
0 0.38392857142857145 0.15178571428571427 0.026785714285714284 0.017857142857142856
0 0.4799107142857143 0.14955357142857142 0.020089285714285716 0.011160714285714286
0 0.6540178571428571 0.15401785714285715 0.026785714285714284 0.015625
0 0.859375 0.15848214285714285 0.024553571428571428 0.029017857142857144
0 0.9017857142857143 0.13392857142857142 0.013392857142857142 0.015625