0 0.6584821428571429 0.12723214285714285 0.013392857142857142 0.015625
0 0.6852678571428571 0.12946428571428573 0.015625 0.015625
0 0.765625 0.13839285714285715 0.013392857142857142 0.013392857142857142
0 0.8258928571428571 0.12723214285714285 0.011160714285714286 0.013392857142857142
0 0.8348214285714286 0.14732142857142858 0.029017857142857144 0.013392857142857142
0 0.8459821428571429 0.20089285714285715 0.013392857142857142 0.015625
0 0.8950892857142857 0.171875 0.008928571428571428 0.015625
0 0.921875 0.14508928571428573 0.013392857142857142 0.013392857142857142
0 0.9330357142857143 0.16071428571428573 0.008928571428571428 0.013392857142857142
0 0.984375 0.14508928571428573 0.013392857142857142 0.013392857142857142
0 0.9799107142857143 0.19642857142857142 0.020089285714285716 0.015625
0 0.9575892857142857 0.18303571428571427 0.013392857142857142 0.013392857142857142