0 0.9821428571428571 0.24107142857142858 0.017857142857142856 0.017857142857142856
0 0.9419642857142857 0.18080357142857142 0.022321428571428572 0.011160714285714286
0 0.9308035714285714 0.16517857142857142 0.015625 0.011160714285714286
0 0.9933035714285714 0.16741071428571427 0.004464285714285714 0.022321428571428572
0 0.8214285714285714 0.18526785714285715 0.013392857142857142 0.013392857142857142
0 0.7477678571428571 0.1875 0.011160714285714286 0.013392857142857142
0 0.71875 0.1875 0.011160714285714286 0.013392857142857142
0 0.7544642857142857 0.22767857142857142 0.020089285714285716 0.011160714285714286
0 0.640625 0.2544642857142857 0.013392857142857142 0.013392857142857142
0 0.5580357142857143 0.19866071428571427 0.013392857142857142 0.015625
0 0.5334821428571429 0.23883928571428573 0.020089285714285716 0.011160714285714286
0 0.49107142857142855 0.23660714285714285 0.011160714285714286 0.017857142857142856
0 0.41294642857142855 0.22544642857142858 0.011160714285714286 0.013392857142857142
0 0.38392857142857145 0.22767857142857142 0.008928571428571428 0.011160714285714286
0 0.27901785714285715 0.20982142857142858 0.015625 0.015625
0 0.31919642857142855 0.22544642857142858 0.029017857142857144 0.011160714285714286
0 0.18973214285714285 0.24553571428571427 0.008928571428571428 0.011160714285714286
0 0.026785714285714284 0.24107142857142858 0.029017857142857144 0.008928571428571428
0 0.004464285714285714 0.265625 0.004464285714285714 0.013392857142857142