0 0.9866071428571429 0.16071428571428573 0.011160714285714286 0.011160714285714286
0 0.8794642857142857 0.1875 0.015625 0.013392857142857142
0 0.796875 0.1875 0.013392857142857142 0.013392857142857142
0 0.7678571428571429 0.18526785714285715 0.015625 0.015625
0 0.7098214285714286 0.171875 0.015625 0.013392857142857142
0 0.6651785714285714 0.19419642857142858 0.011160714285714286 0.013392857142857142
0 0.6361607142857143 0.19866071428571427 0.015625 0.013392857142857142
0 0.5870535714285714 0.20758928571428573 0.011160714285714286 0.013392857142857142
0 0.5535714285714286 0.20089285714285715 0.011160714285714286 0.006696428571428571
0 0.8861607142857143 0.21651785714285715 0.015625 0.017857142857142856
0 0.2700892857142857 0.20982142857142858 0.011160714285714286 0.011160714285714286
0 0.22321428571428573 0.20758928571428573 0.008928571428571428 0.013392857142857142