0 0.984375 0.15401785714285715 0.029017857142857144 0.015625
0 0.9508928571428571 0.171875 0.011160714285714286 0.013392857142857142
0 0.9419642857142857 0.16071428571428573 0.022321428571428572 0.020089285714285716
0 0.8772321428571429 0.23883928571428573 0.03794642857142857 0.013392857142857142
0 0.8236607142857143 0.22991071428571427 0.024553571428571428 0.011160714285714286
0 0.7142857142857143 0.16964285714285715 0.013392857142857142 0.015625
0 0.6785714285714286 0.16964285714285715 0.015625 0.015625
0 0.6986607142857143 0.22321428571428573 0.04241071428571429 0.011160714285714286
0 0.6450892857142857 0.1875 0.017857142857142856 0.013392857142857142
0 0.5691964285714286 0.16517857142857142 0.022321428571428572 0.015625
0 0.5736607142857143 0.20535714285714285 0.020089285714285716 0.013392857142857142
0 0.46651785714285715 0.24776785714285715 0.008928571428571428 0.011160714285714286
0 0.16964285714285715 0.20758928571428573 0.015625 0.017857142857142856
0 0.22991071428571427 0.19642857142857142 0.033482142857142856 0.011160714285714286
0 0.0625 0.20535714285714285 0.03125 0.015625
0 0.13169642857142858 0.20982142857142858 0.011160714285714286 0.013392857142857142