0 0.004464285714285714 0.06696428571428571 0.006696428571428571 0.015625
0 0.013392857142857142 0.09598214285714286 0.026785714285714284 0.015625
0 0.017857142857142856 0.11383928571428571 0.020089285714285716 0.011160714285714286
0 0.04241071428571429 0.08928571428571429 0.011160714285714286 0.015625
0 0.049107142857142856 0.06696428571428571 0.011160714285714286 0.015625
0 0.08258928571428571 0.08258928571428571 0.017857142857142856 0.015625
0 0.12723214285714285 0.07366071428571429 0.020089285714285716 0.011160714285714286
0 0.125 0.10044642857142858 0.029017857142857144 0.015625
0 0.24776785714285715 0.07366071428571429 0.015625 0.015625
0 0.23660714285714285 0.14508928571428573 0.022321428571428572 0.022321428571428572
0 0.5223214285714286 0.10491071428571429 0.03125 0.008928571428571428
0 0.71875 0.09375 0.03794642857142857 0.015625
0 0.6361607142857143 0.12723214285714285 0.013392857142857142 0.011160714285714286
0 0.5401785714285714 0.13392857142857142 0.011160714285714286 0.011160714285714286
0 0.703125 0.23214285714285715 0.020089285714285716 0.013392857142857142
0 0.7901785714285714 0.171875 0.024553571428571428 0.017857142857142856
0 0.8950892857142857 0.109375 0.026785714285714284 0.013392857142857142