0 0.23883928571428573 0.28125 0.033482142857142856 0.013392857142857142
0 0.36607142857142855 0.27901785714285715 0.013392857142857142 0.013392857142857142
0 0.39732142857142855 0.2857142857142857 0.033482142857142856 0.015625
0 0.3794642857142857 0.20982142857142858 0.013392857142857142 0.013392857142857142
0 0.21428571428571427 0.19196428571428573 0.015625 0.017857142857142856
0 0.4375 0.20089285714285715 0.008928571428571428 0.015625
0 0.49107142857142855 0.22098214285714285 0.011160714285714286 0.013392857142857142
0 0.48660714285714285 0.20089285714285715 0.008928571428571428 0.015625
0 0.49776785714285715 0.203125 0.011160714285714286 0.015625
0 0.5133928571428571 0.20758928571428573 0.013392857142857142 0.015625
0 0.5334821428571429 0.21428571428571427 0.015625 0.011160714285714286
0 0.546875 0.20982142857142858 0.015625 0.015625
0 0.6183035714285714 0.20758928571428573 0.017857142857142856 0.017857142857142856
0 0.6517857142857143 0.24107142857142858 0.013392857142857142 0.015625
0 0.6651785714285714 0.22544642857142858 0.015625 0.013392857142857142
0 0.7008928571428571 0.20758928571428573 0.008928571428571428 0.011160714285714286
0 0.7053571428571429 0.21875 0.011160714285714286 0.008928571428571428
0 0.7254464285714286 0.21205357142857142 0.013392857142857142 0.013392857142857142
0 0.7433035714285714 0.234375 0.013392857142857142 0.011160714285714286
0 0.7589285714285714 0.20982142857142858 0.011160714285714286 0.013392857142857142
0 0.75 0.22098214285714285 0.017857142857142856 0.017857142857142856
0 0.7678571428571429 0.24330357142857142 0.029017857142857144 0.011160714285714286
0 0.8348214285714286 0.22544642857142858 0.03794642857142857 0.011160714285714286
0 0.8191964285714286 0.21205357142857142 0.013392857142857142 0.013392857142857142
0 0.9330357142857143 0.27455357142857145 0.03125 0.013392857142857142
0 0.9754464285714286 0.22544642857142858 0.008928571428571428 0.015625
0 0.7053571428571429 0.24107142857142858 0.026785714285714284 0.013392857142857142