0 0.7611607142857143 0.28125 0.033482142857142856 0.013392857142857142
0 0.6339285714285714 0.27901785714285715 0.013392857142857142 0.013392857142857142
0 0.6049107142857143 0.2857142857142857 0.033482142857142856 0.015625
0 0.6205357142857143 0.20982142857142858 0.013392857142857142 0.013392857142857142
0 0.7857142857142857 0.19196428571428573 0.015625 0.017857142857142856
0 0.5647321428571429 0.20089285714285715 0.008928571428571428 0.015625
0 0.5133928571428571 0.22098214285714285 0.011160714285714286 0.011160714285714286
0 0.5178571428571429 0.20089285714285715 0.008928571428571428 0.015625
0 0.5044642857142857 0.20535714285714285 0.008928571428571428 0.015625
0 0.49107142857142855 0.20758928571428573 0.013392857142857142 0.015625
0 0.47098214285714285 0.21428571428571427 0.013392857142857142 0.011160714285714286
0 0.4575892857142857 0.21205357142857142 0.015625 0.015625
0 0.3861607142857143 0.20982142857142858 0.017857142857142856 0.017857142857142856
0 0.35267857142857145 0.24330357142857142 0.013392857142857142 0.015625
0 0.3392857142857143 0.22544642857142858 0.015625 0.013392857142857142
0 0.30357142857142855 0.20982142857142858 0.008928571428571428 0.011160714285714286
0 0.3013392857142857 0.21875 0.011160714285714286 0.008928571428571428
0 0.28125 0.21205357142857142 0.013392857142857142 0.013392857142857142
0 0.26339285714285715 0.234375 0.013392857142857142 0.011160714285714286
0 0.24776785714285715 0.20982142857142858 0.011160714285714286 0.013392857142857142
0 0.25669642857142855 0.22098214285714285 0.017857142857142856 0.015625
0 0.23883928571428573 0.24330357142857142 0.029017857142857144 0.011160714285714286
0 0.171875 0.22544642857142858 0.03794642857142857 0.011160714285714286
0 0.1875 0.21428571428571427 0.013392857142857142 0.013392857142857142
0 0.07589285714285714 0.27455357142857145 0.03125 0.013392857142857142
0 0.033482142857142856 0.22544642857142858 0.008928571428571428 0.015625
0 0.29910714285714285 0.24107142857142858 0.026785714285714284 0.013392857142857142