0 0.9017857142857143 0.20982142857142858 0.04241071428571429 0.015625
0 0.8236607142857143 0.20535714285714285 0.022321428571428572 0.015625
0 0.7544642857142857 0.3125 0.024553571428571428 0.020089285714285716
0 0.7321428571428571 0.20758928571428573 0.03125 0.013392857142857142
0 0.5915178571428571 0.21651785714285715 0.011160714285714286 0.022321428571428572
0 0.6450892857142857 0.203125 0.011160714285714286 0.013392857142857142
0 0.671875 0.20535714285714285 0.022321428571428572 0.015625
0 0.4486607142857143 0.22991071428571427 0.020089285714285716 0.013392857142857142
0 0.43526785714285715 0.2544642857142857 0.020089285714285716 0.011160714285714286
0 0.5892857142857143 0.25892857142857145 0.026785714285714284 0.013392857142857142
0 0.29464285714285715 0.21875 0.022321428571428572 0.015625
0 0.234375 0.24553571428571427 0.015625 0.015625
0 0.7790178571428571 0.22544642857142858 0.011160714285714286 0.013392857142857142
0 0.09821428571428571 0.23660714285714285 0.029017857142857144 0.013392857142857142