0 0.020089285714285716 0.3080357142857143 0.017857142857142856 0.044642857142857144
0 0.07142857142857142 0.23660714285714285 0.013392857142857142 0.022321428571428572
0 0.015625 0.171875 0.029017857142857144 0.017857142857142856
0 0.07366071428571429 0.14955357142857142 0.017857142857142856 0.020089285714285716
0 0.04241071428571429 0.203125 0.011160714285714286 0.013392857142857142
0 0.078125 0.16741071428571427 0.013392857142857142 0.011160714285714286
0 0.12053571428571429 0.16517857142857142 0.04017857142857143 0.013392857142857142
0 0.18526785714285715 0.15401785714285715 0.015625 0.022321428571428572
0 0.24776785714285715 0.16294642857142858 0.029017857142857144 0.013392857142857142
0 0.21875 0.14508928571428573 0.022321428571428572 0.011160714285714286
0 0.43080357142857145 0.171875 0.013392857142857142 0.015625
0 0.6629464285714286 0.19419642857142858 0.011160714285714286 0.013392857142857142
0 0.5959821428571429 0.18973214285714285 0.029017857142857144 0.013392857142857142
0 0.39285714285714285 0.16071428571428573 0.011160714285714286 0.011160714285714286
0 0.9017857142857143 0.19419642857142858 0.020089285714285716 0.013392857142857142