0 0.36160714285714285 0.13839285714285715 0.015625 0.015625
0 0.5446428571428571 0.24107142857142858 0.011160714285714286 0.017857142857142856
0 0.515625 0.3013392857142857 0.026785714285714284 0.011160714285714286
0 0.4330357142857143 0.30357142857142855 0.026785714285714284 0.013392857142857142
0 0.30580357142857145 0.32589285714285715 0.024553571428571428 0.026785714285714284
0 0.30580357142857145 0.24330357142857142 0.03571428571428571 0.008928571428571428
0 0.26339285714285715 0.23214285714285715 0.013392857142857142 0.011160714285714286
0 0.2611607142857143 0.21428571428571427 0.013392857142857142 0.015625
0 0.23660714285714285 0.18973214285714285 0.017857142857142856 0.011160714285714286
0 0.2611607142857143 0.15848214285714285 0.011160714285714286 0.011160714285714286
0 0.19419642857142858 0.15401785714285715 0.013392857142857142 0.015625
0 0.11607142857142858 0.16741071428571427 0.011160714285714286 0.011160714285714286
0 0.07589285714285714 0.19866071428571427 0.011160714285714286 0.013392857142857142
0 0.049107142857142856 0.20982142857142858 0.022321428571428572 0.013392857142857142
0 0.029017857142857144 0.21875 0.011160714285714286 0.011160714285714286
0 0.07142857142857142 0.15401785714285715 0.011160714285714286 0.013392857142857142
0 0.020089285714285716 0.16071428571428573 0.017857142857142856 0.015625