0 0.033482142857142856 0.171875 0.015625 0.013392857142857142
0 0.08482142857142858 0.17633928571428573 0.015625 0.011160714285714286
0 0.09821428571428571 0.21651785714285715 0.008928571428571428 0.015625
0 0.15848214285714285 0.18080357142857142 0.013392857142857142 0.013392857142857142
0 0.16741071428571427 0.22991071428571427 0.011160714285714286 0.013392857142857142
0 0.19642857142857142 0.17857142857142858 0.011160714285714286 0.015625
0 0.22098214285714285 0.19196428571428573 0.011160714285714286 0.017857142857142856
0 0.26785714285714285 0.18526785714285715 0.020089285714285716 0.015625
0 0.31473214285714285 0.21875 0.008928571428571428 0.017857142857142856
0 0.36160714285714285 0.234375 0.008928571428571428 0.017857142857142856
0 0.36607142857142855 0.1875 0.017857142857142856 0.015625
0 0.39285714285714285 0.18973214285714285 0.011160714285714286 0.011160714285714286
0 0.2857142857142857 0.19642857142857142 0.03125 0.011160714285714286
0 0.7901785714285714 0.22767857142857142 0.013392857142857142 0.017857142857142856
0 0.6272321428571429 0.22991071428571427 0.017857142857142856 0.013392857142857142
0 0.9040178571428571 0.234375 0.017857142857142856 0.013392857142857142
0 0.9241071428571429 0.234375 0.015625 0.017857142857142856