0 0.6361607142857143 0.4419642857142857 0.03125 0.015625
0 0.41964285714285715 0.39732142857142855 0.05133928571428571 0.015625
0 0.12276785714285714 0.36160714285714285 0.03571428571428571 0.013392857142857142
0 0.5066964285714286 0.21651785714285715 0.026785714285714284 0.022321428571428572
0 0.6629464285714286 0.24776785714285715 0.011160714285714286 0.013392857142857142
0 0.3861607142857143 0.22991071428571427 0.022321428571428572 0.017857142857142856
0 0.32589285714285715 0.20535714285714285 0.020089285714285716 0.013392857142857142
0 0.29464285714285715 0.20982142857142858 0.060267857142857144 0.015625
0 0.05803571428571429 0.21428571428571427 0.022321428571428572 0.015625
0 0.08035714285714286 0.3125 0.013392857142857142 0.015625
0 0.22991071428571427 0.23883928571428573 0.022321428571428572 0.020089285714285716
0 0.006696428571428571 0.20089285714285715 0.006696428571428571 0.011160714285714286