0 0.004464285714285714 0.17633928571428573 0.006696428571428571 0.013392857142857142
0 0.008928571428571428 0.15848214285714285 0.013392857142857142 0.011160714285714286
0 0.125 0.18080357142857142 0.017857142857142856 0.013392857142857142
0 0.20535714285714285 0.18303571428571427 0.013392857142857142 0.015625
0 0.23660714285714285 0.18303571428571427 0.013392857142857142 0.013392857142857142
0 0.19642857142857142 0.22544642857142858 0.022321428571428572 0.013392857142857142
0 0.32142857142857145 0.2544642857142857 0.015625 0.015625
0 0.40848214285714285 0.19419642857142858 0.013392857142857142 0.017857142857142856
0 0.43973214285714285 0.234375 0.020089285714285716 0.011160714285714286
0 0.48214285714285715 0.23660714285714285 0.011160714285714286 0.020089285714285716
0 0.5669642857142857 0.22767857142857142 0.011160714285714286 0.015625
0 0.5982142857142857 0.22544642857142858 0.008928571428571428 0.013392857142857142
0 0.6629464285714286 0.22098214285714285 0.020089285714285716 0.011160714285714286
0 0.7075892857142857 0.203125 0.017857142857142856 0.015625
0 0.8147321428571429 0.24776785714285715 0.013392857142857142 0.011160714285714286
0 0.9821428571428571 0.24107142857142858 0.026785714285714284 0.011160714285714286