0 0.14732142857142858 0.13839285714285715 0.013392857142857142 0.017857142857142856
0 0.18080357142857142 0.09821428571428571 0.017857142857142856 0.015625
0 0.125 0.09821428571428571 0.013392857142857142 0.017857142857142856
0 0.11383928571428571 0.12053571428571429 0.015625 0.015625
0 0.10044642857142858 0.10491071428571429 0.015625 0.024553571428571428
0 0.07589285714285714 0.09598214285714286 0.008928571428571428 0.013392857142857142
0 0.09151785714285714 0.09375 0.017857142857142856 0.024553571428571428
0 0.22544642857142858 0.109375 0.015625 0.013392857142857142
0 0.21651785714285715 0.09375 0.017857142857142856 0.015625
0 0.26339285714285715 0.10044642857142858 0.017857142857142856 0.013392857142857142
0 0.2857142857142857 0.10491071428571429 0.015625 0.015625
0 0.32142857142857145 0.13392857142857142 0.020089285714285716 0.017857142857142856
0 0.39955357142857145 0.12053571428571429 0.020089285714285716 0.022321428571428572
0 0.3638392857142857 0.13169642857142858 0.022321428571428572 0.013392857142857142
0 0.4575892857142857 0.13839285714285715 0.022321428571428572 0.011160714285714286
0 0.5870535714285714 0.12946428571428573 0.011160714285714286 0.017857142857142856
0 0.6138392857142857 0.13839285714285715 0.017857142857142856 0.020089285714285716
0 0.671875 0.140625 0.015625 0.015625
0 0.7142857142857143 0.12946428571428573 0.022321428571428572 0.015625
0 0.8683035714285714 0.12946428571428573 0.011160714285714286 0.015625
0 0.8839285714285714 0.13616071428571427 0.020089285714285716 0.015625
0 0.6294642857142857 0.21651785714285715 0.03125 0.017857142857142856