0 0.05580357142857143 0.09375 0.011160714285714286 0.015625
0 0.171875 0.109375 0.017857142857142856 0.013392857142857142
0 0.20535714285714285 0.09821428571428571 0.015625 0.013392857142857142
0 0.23883928571428573 0.09821428571428571 0.017857142857142856 0.013392857142857142
0 0.22767857142857142 0.12053571428571429 0.015625 0.013392857142857142
0 0.29464285714285715 0.10267857142857142 0.022321428571428572 0.015625
0 0.33035714285714285 0.09821428571428571 0.015625 0.013392857142857142
0 0.40625 0.11607142857142858 0.013392857142857142 0.013392857142857142
0 0.38839285714285715 0.10491071428571429 0.020089285714285716 0.011160714285714286
0 0.421875 0.10267857142857142 0.022321428571428572 0.011160714285714286
0 0.5022321428571429 0.22321428571428573 0.024553571428571428 0.015625
0 0.5 0.12053571428571429 0.020089285714285716 0.008928571428571428
0 0.5513392857142857 0.09821428571428571 0.033482142857142856 0.013392857142857142
0 0.515625 0.109375 0.017857142857142856 0.011160714285714286
0 0.5647321428571429 0.125 0.015625 0.013392857142857142
0 0.6473214285714286 0.11830357142857142 0.024553571428571428 0.015625
0 0.546875 0.11383928571428571 0.022321428571428572 0.013392857142857142
0 0.8727678571428571 0.16741071428571427 0.022321428571428572 0.013392857142857142