0 0.12946428571428573 0.22544642857142858 0.008928571428571428 0.011160714285714286
0 0.10267857142857142 0.21428571428571427 0.013392857142857142 0.013392857142857142
0 0.36830357142857145 0.20089285714285715 0.013392857142857142 0.013392857142857142
0 0.3549107142857143 0.22321428571428573 0.013392857142857142 0.011160714285714286
0 0.29910714285714285 0.171875 0.011160714285714286 0.011160714285714286
0 0.27455357142857145 0.22544642857142858 0.033482142857142856 0.011160714285714286
0 0.27232142857142855 0.20758928571428573 0.020089285714285716 0.011160714285714286
0 0.2611607142857143 0.18973214285714285 0.024553571428571428 0.017857142857142856
0 0.38392857142857145 0.171875 0.011160714285714286 0.008928571428571428
0 0.45535714285714285 0.22098214285714285 0.013392857142857142 0.015625
0 0.44419642857142855 0.16964285714285715 0.015625 0.013392857142857142
0 0.46651785714285715 0.18303571428571427 0.011160714285714286 0.013392857142857142
0 0.47098214285714285 0.171875 0.008928571428571428 0.015625
0 0.4955357142857143 0.17633928571428573 0.013392857142857142 0.013392857142857142
0 0.5089285714285714 0.171875 0.011160714285714286 0.011160714285714286
0 0.6183035714285714 0.17633928571428573 0.011160714285714286 0.011160714285714286
0 0.6361607142857143 0.17410714285714285 0.011160714285714286 0.011160714285714286
0 0.7098214285714286 0.18080357142857142 0.008928571428571428 0.013392857142857142
0 0.7723214285714286 0.1875 0.017857142857142856 0.011160714285714286
0 0.8950892857142857 0.16964285714285715 0.015625 0.017857142857142856