0 0.006696428571428571 0.06696428571428571 0.011160714285714286 0.020089285714285716
0 0.024553571428571428 0.10714285714285714 0.020089285714285716 0.017857142857142856
0 0.04017857142857143 0.05803571428571429 0.011160714285714286 0.015625
0 0.11607142857142858 0.06696428571428571 0.022321428571428572 0.020089285714285716
0 0.09375 0.06473214285714286 0.008928571428571428 0.015625
0 0.20089285714285715 0.125 0.013392857142857142 0.011160714285714286
0 0.22321428571428573 0.08035714285714286 0.017857142857142856 0.015625
0 0.20982142857142858 0.06696428571428571 0.015625 0.017857142857142856
0 0.17410714285714285 0.0625 0.015625 0.015625
0 0.12723214285714285 0.09598214285714286 0.015625 0.013392857142857142
0 0.15625 0.08035714285714286 0.011160714285714286 0.011160714285714286
0 0.18303571428571427 0.22767857142857142 0.033482142857142856 0.020089285714285716
0 0.22544642857142858 0.20089285714285715 0.03125 0.011160714285714286
0 0.28125 0.12723214285714285 0.020089285714285716 0.013392857142857142
0 0.28794642857142855 0.06919642857142858 0.017857142857142856 0.015625
0 0.32589285714285715 0.13392857142857142 0.017857142857142856 0.017857142857142856
0 0.38392857142857145 0.11830357142857142 0.017857142857142856 0.017857142857142856
0 0.43526785714285715 0.08928571428571429 0.026785714285714284 0.015625
0 0.47767857142857145 0.08035714285714286 0.017857142857142856 0.013392857142857142
0 0.5625 0.09151785714285714 0.015625 0.013392857142857142
0 0.5982142857142857 0.12053571428571429 0.015625 0.015625
0 0.5915178571428571 0.08035714285714286 0.033482142857142856 0.013392857142857142
0 0.7857142857142857 0.11607142857142858 0.05133928571428571 0.015625