0 0.7522321428571429 0.13169642857142858 0.013392857142857142 0.017857142857142856
0 0.7723214285714286 0.13392857142857142 0.013392857142857142 0.015625
0 0.8147321428571429 0.140625 0.022321428571428572 0.020089285714285716
0 0.6294642857142857 0.12946428571428573 0.017857142857142856 0.015625
0 0.6763392857142857 0.16071428571428573 0.013392857142857142 0.015625
0 0.6473214285714286 0.13616071428571427 0.015625 0.011160714285714286
0 0.5290178571428571 0.140625 0.015625 0.013392857142857142
0 0.5379464285714286 0.16071428571428573 0.008928571428571428 0.015625
0 0.5446428571428571 0.18080357142857142 0.015625 0.017857142857142856
0 0.5625 0.18526785714285715 0.013392857142857142 0.017857142857142856
0 0.5580357142857143 0.13616071428571427 0.022321428571428572 0.020089285714285716
0 0.6026785714285714 0.13839285714285715 0.017857142857142856 0.017857142857142856
0 0.6049107142857143 0.15625 0.017857142857142856 0.013392857142857142
0 0.45089285714285715 0.15625 0.03794642857142857 0.015625
0 0.41964285714285715 0.13616071428571427 0.013392857142857142 0.013392857142857142
0 0.375 0.15848214285714285 0.013392857142857142 0.013392857142857142
0 0.35714285714285715 0.14732142857142858 0.020089285714285716 0.017857142857142856
0 0.078125 0.19196428571428573 0.03571428571428571 0.015625