0 0.9508928571428571 0.11383928571428571 0.024553571428571428 0.013392857142857142
0 0.9508928571428571 0.13169642857142858 0.024553571428571428 0.011160714285714286
0 0.8013392857142857 0.19642857142857142 0.020089285714285716 0.015625
0 0.8303571428571429 0.11160714285714286 0.013392857142857142 0.013392857142857142
0 0.796875 0.125 0.011160714285714286 0.011160714285714286
0 0.7790178571428571 0.11830357142857142 0.011160714285714286 0.013392857142857142
0 0.7700892857142857 0.13392857142857142 0.011160714285714286 0.011160714285714286
0 0.7455357142857143 0.140625 0.015625 0.013392857142857142
0 0.7098214285714286 0.13839285714285715 0.013392857142857142 0.013392857142857142
0 0.7142857142857143 0.16517857142857142 0.015625 0.011160714285714286
0 0.6428571428571429 0.12946428571428573 0.008928571428571428 0.013392857142857142
0 0.6004464285714286 0.13169642857142858 0.011160714285714286 0.013392857142857142
0 0.6294642857142857 0.13839285714285715 0.013392857142857142 0.017857142857142856
0 0.6138392857142857 0.14955357142857142 0.011160714285714286 0.015625
0 0.6227678571428571 0.20089285714285715 0.05133928571428571 0.015625
0 0.5714285714285714 0.17633928571428573 0.026785714285714284 0.013392857142857142
0 0.5267857142857143 0.19419642857142858 0.029017857142857144 0.015625
0 0.48660714285714285 0.13839285714285715 0.013392857142857142 0.013392857142857142
0 0.24330357142857142 0.16741071428571427 0.015625 0.015625
0 0.38392857142857145 0.13616071428571427 0.011160714285714286 0.015625
0 0.03571428571428571 0.17410714285714285 0.008928571428571428 0.011160714285714286