0 0.7544642857142857 0.18526785714285715 0.024553571428571428 0.013392857142857142
0 0.6919642857142857 0.11383928571428571 0.015625 0.013392857142857142
0 0.31919642857142855 0.24776785714285715 0.022321428571428572 0.013392857142857142
0 0.21428571428571427 0.07142857142857142 0.022321428571428572 0.022321428571428572
0 0.21428571428571427 0.03794642857142857 0.022321428571428572 0.008928571428571428
0 0.171875 0.10714285714285714 0.020089285714285716 0.011160714285714286
0 0.13392857142857142 0.11383928571428571 0.013392857142857142 0.013392857142857142
0 0.13392857142857142 0.140625 0.022321428571428572 0.015625
0 0.10267857142857142 0.20089285714285715 0.024553571428571428 0.011160714285714286
0 0.09821428571428571 0.03571428571428571 0.026785714285714284 0.011160714285714286
0 0.06919642857142858 0.049107142857142856 0.017857142857142856 0.008928571428571428
0 0.08928571428571429 0.07589285714285714 0.022321428571428572 0.020089285714285716