0 0.006696428571428571 0.140625 0.013392857142857142 0.022321428571428572
0 0.022321428571428572 0.14508928571428573 0.011160714285714286 0.015625
0 0.04241071428571429 0.11830357142857142 0.017857142857142856 0.015625
0 0.07366071428571429 0.11607142857142858 0.011160714285714286 0.008928571428571428
0 0.08482142857142858 0.16294642857142858 0.013392857142857142 0.013392857142857142
0 0.10714285714285714 0.13392857142857142 0.013392857142857142 0.013392857142857142
0 0.17410714285714285 0.12276785714285714 0.015625 0.015625
0 0.171875 0.26339285714285715 0.03125 0.015625
0 0.21875 0.22544642857142858 0.011160714285714286 0.017857142857142856
0 0.22321428571428573 0.15625 0.013392857142857142 0.015625
0 0.24553571428571427 0.14508928571428573 0.011160714285714286 0.013392857142857142
0 0.26785714285714285 0.14508928571428573 0.015625 0.013392857142857142
0 0.359375 0.22098214285714285 0.03125 0.015625
0 0.45089285714285715 0.19419642857142858 0.024553571428571428 0.015625
0 0.45982142857142855 0.16517857142857142 0.015625 0.020089285714285716
0 0.6450892857142857 0.16741071428571427 0.011160714285714286 0.017857142857142856
0 0.6160714285714286 0.14285714285714285 0.011160714285714286 0.017857142857142856
0 0.48214285714285715 0.26339285714285715 0.03125 0.024553571428571428
0 0.9419642857142857 0.19642857142857142 0.03125 0.013392857142857142
0 0.9888392857142857 0.18526785714285715 0.011160714285714286 0.013392857142857142
0 0.6808035714285714 0.296875 0.017857142857142856 0.029017857142857144