0 0.9553571428571429 0.11830357142857142 0.011160714285714286 0.013392857142857142
0 0.9776785714285714 0.11383928571428571 0.008928571428571428 0.011160714285714286
0 0.890625 0.18973214285714285 0.022321428571428572 0.017857142857142856
0 0.8080357142857143 0.12946428571428573 0.008928571428571428 0.013392857142857142
0 0.8415178571428571 0.11160714285714286 0.011160714285714286 0.013392857142857142
0 0.8325892857142857 0.125 0.017857142857142856 0.013392857142857142
0 0.78125 0.12053571428571429 0.013392857142857142 0.011160714285714286
0 0.7075892857142857 0.14508928571428573 0.008928571428571428 0.017857142857142856
0 0.7410714285714286 0.14285714285714285 0.011160714285714286 0.008928571428571428
0 0.7522321428571429 0.15848214285714285 0.013392857142857142 0.011160714285714286
0 0.7299107142857143 0.20535714285714285 0.013392857142857142 0.015625
0 0.6205357142857143 0.13169642857142858 0.015625 0.013392857142857142
0 0.6361607142857143 0.13392857142857142 0.017857142857142856 0.011160714285714286
0 0.6428571428571429 0.16741071428571427 0.013392857142857142 0.011160714285714286
0 0.6316964285714286 0.15178571428571427 0.015625 0.008928571428571428
0 0.5803571428571429 0.171875 0.013392857142857142 0.015625
0 0.6227678571428571 0.21651785714285715 0.04017857142857143 0.015625
0 0.6941964285714286 0.20089285714285715 0.015625 0.013392857142857142
0 0.4263392857142857 0.13616071428571427 0.022321428571428572 0.015625
0 0.26785714285714285 0.16964285714285715 0.015625 0.013392857142857142
0 0.3861607142857143 0.14955357142857142 0.026785714285714284 0.013392857142857142
0 0.5758928571428571 0.13392857142857142 0.008928571428571428 0.011160714285714286
0 0.7901785714285714 0.140625 0.015625 0.011160714285714286