0 0.002232142857142857 0.15178571428571427 0.002232142857142857 0.015625
0 0.10267857142857142 0.15178571428571427 0.011160714285714286 0.011160714285714286
0 0.029017857142857144 0.140625 0.011160714285714286 0.015625
0 0.015625 0.13839285714285715 0.011160714285714286 0.015625
0 0.08482142857142858 0.16071428571428573 0.015625 0.013392857142857142
0 0.15178571428571427 0.23660714285714285 0.017857142857142856 0.013392857142857142
0 0.18303571428571427 0.18303571428571427 0.029017857142857144 0.011160714285714286
0 0.22991071428571427 0.15848214285714285 0.013392857142857142 0.011160714285714286
0 0.25223214285714285 0.16741071428571427 0.024553571428571428 0.011160714285714286
0 0.31473214285714285 0.16294642857142858 0.033482142857142856 0.011160714285714286
0 0.29464285714285715 0.16517857142857142 0.020089285714285716 0.013392857142857142
0 0.40401785714285715 0.16517857142857142 0.029017857142857144 0.011160714285714286
0 0.44419642857142855 0.16071428571428573 0.011160714285714286 0.015625
0 0.5491071428571429 0.16517857142857142 0.011160714285714286 0.011160714285714286
0 0.4107142857142857 0.19866071428571427 0.013392857142857142 0.03125
0 0.328125 0.23660714285714285 0.024553571428571428 0.013392857142857142
0 0.4888392857142857 0.23660714285714285 0.011160714285714286 0.013392857142857142
0 0.6383928571428571 0.453125 0.024553571428571428 0.029017857142857144
0 0.7455357142857143 0.22544642857142858 0.015625 0.011160714285714286
0 0.7232142857142857 0.16294642857142858 0.017857142857142856 0.011160714285714286