0 0.9955357142857143 0.078125 0.006696428571428571 0.017857142857142856
0 0.9910714285714286 0.09598214285714286 0.011160714285714286 0.017857142857142856
0 0.9464285714285714 0.07366071428571429 0.015625 0.015625
0 0.8861607142857143 0.08035714285714286 0.013392857142857142 0.015625
0 0.8504464285714286 0.08482142857142858 0.015625 0.015625
0 0.7857142857142857 0.125 0.024553571428571428 0.011160714285714286
0 0.671875 0.08705357142857142 0.008928571428571428 0.015625
0 0.6227678571428571 0.08705357142857142 0.011160714285714286 0.015625
0 0.6071428571428571 0.10044642857142858 0.024553571428571428 0.013392857142857142
0 0.5758928571428571 0.13839285714285715 0.020089285714285716 0.013392857142857142
0 0.46205357142857145 0.08928571428571429 0.013392857142857142 0.013392857142857142
0 0.4799107142857143 0.09598214285714286 0.020089285714285716 0.013392857142857142
0 0.5044642857142857 0.12276785714285714 0.017857142857142856 0.015625
0 0.5334821428571429 0.12723214285714285 0.015625 0.008928571428571428
0 0.46205357142857145 0.13839285714285715 0.029017857142857144 0.013392857142857142
0 0.18973214285714285 0.109375 0.015625 0.013392857142857142
0 0.09151785714285714 0.12723214285714285 0.03125 0.017857142857142856