0 0.9084821428571429 0.296875 0.024553571428571428 0.026785714285714284
0 0.6919642857142857 0.29464285714285715 0.024553571428571428 0.026785714285714284
0 0.6004464285714286 0.125 0.013392857142857142 0.011160714285714286
0 0.4642857142857143 0.20758928571428573 0.011160714285714286 0.011160714285714286
0 0.37276785714285715 0.125 0.033482142857142856 0.011160714285714286
0 0.38839285714285715 0.15625 0.03571428571428571 0.017857142857142856
0 0.4107142857142857 0.12276785714285714 0.020089285714285716 0.013392857142857142
0 0.27455357142857145 0.14955357142857142 0.008928571428571428 0.011160714285714286
0 0.20982142857142858 0.16071428571428573 0.008928571428571428 0.013392857142857142
0 0.19196428571428573 0.14285714285714285 0.013392857142857142 0.017857142857142856
0 0.18303571428571427 0.16741071428571427 0.022321428571428572 0.013392857142857142
0 0.15625 0.16517857142857142 0.015625 0.011160714285714286
0 0.14955357142857142 0.1875 0.013392857142857142 0.011160714285714286
0 0.125 0.17633928571428573 0.008928571428571428 0.011160714285714286
0 0.25223214285714285 0.18080357142857142 0.029017857142857144 0.011160714285714286
0 0.05357142857142857 0.17410714285714285 0.008928571428571428 0.011160714285714286
0 0.013392857142857142 0.19419642857142858 0.017857142857142856 0.008928571428571428
0 0.033482142857142856 0.21651785714285715 0.020089285714285716 0.013392857142857142
0 0.044642857142857144 0.20089285714285715 0.006696428571428571 0.011160714285714286