0 0.9642857142857143 0.15401785714285715 0.017857142857142856 0.011160714285714286
0 0.8950892857142857 0.15848214285714285 0.015625 0.011160714285714286
0 0.8526785714285714 0.19196428571428573 0.013392857142857142 0.013392857142857142
0 0.9040178571428571 0.23214285714285715 0.022321428571428572 0.011160714285714286
0 0.9375 0.31026785714285715 0.013392857142857142 0.011160714285714286
0 0.7299107142857143 0.18973214285714285 0.015625 0.008928571428571428
0 0.7098214285714286 0.21428571428571427 0.029017857142857144 0.013392857142857142
0 0.6741071428571429 0.16071428571428573 0.008928571428571428 0.008928571428571428
0 0.7120535714285714 0.15625 0.017857142857142856 0.008928571428571428
0 0.47098214285714285 0.22991071428571427 0.03125 0.011160714285714286
0 0.16964285714285715 0.20982142857142858 0.020089285714285716 0.008928571428571428
0 0.07142857142857142 0.20758928571428573 0.013392857142857142 0.011160714285714286