0 0.48214285714285715 0.29464285714285715 0.020089285714285716 0.020089285714285716
0 0.6049107142857143 0.3080357142857143 0.029017857142857144 0.013392857142857142
0 0.59375 0.29017857142857145 0.044642857142857144 0.017857142857142856
0 0.47544642857142855 0.24553571428571427 0.026785714285714284 0.015625
0 0.40848214285714285 0.26785714285714285 0.017857142857142856 0.015625
0 0.359375 0.21428571428571427 0.024553571428571428 0.024553571428571428
0 0.18526785714285715 0.18526785714285715 0.013392857142857142 0.015625
0 0.22544642857142858 0.18526785714285715 0.020089285714285716 0.017857142857142856
0 0.21428571428571427 0.20089285714285715 0.020089285714285716 0.017857142857142856
0 0.11383928571428571 0.1875 0.015625 0.013392857142857142
0 0.06919642857142858 0.18303571428571427 0.013392857142857142 0.015625
0 0.049107142857142856 0.18080357142857142 0.013392857142857142 0.008928571428571428
0 0.08482142857142858 0.21875 0.017857142857142856 0.015625
0 0.013392857142857142 0.203125 0.020089285714285716 0.013392857142857142