0 0.6629464285714286 0.29017857142857145 0.022321428571428572 0.013392857142857142
0 0.5401785714285714 0.34375 0.015625 0.017857142857142856
0 0.48660714285714285 0.34375 0.026785714285714284 0.020089285714285716
0 0.515625 0.234375 0.017857142857142856 0.015625
0 0.48660714285714285 0.19866071428571427 0.022321428571428572 0.013392857142857142
0 0.22544642857142858 0.18080357142857142 0.011160714285714286 0.011160714285714286
0 0.16517857142857142 0.16294642857142858 0.011160714285714286 0.011160714285714286
0 0.08258928571428571 0.16964285714285715 0.015625 0.020089285714285716
0 0.05357142857142857 0.15401785714285715 0.011160714285714286 0.015625
0 0.046875 0.19419642857142858 0.024553571428571428 0.011160714285714286
0 0.14732142857142858 0.26339285714285715 0.011160714285714286 0.015625
0 0.024553571428571428 0.20758928571428573 0.013392857142857142 0.011160714285714286