0 0.026785714285714284 0.14508928571428573 0.013392857142857142 0.013392857142857142
0 0.06473214285714286 0.140625 0.015625 0.015625
0 0.08482142857142858 0.16071428571428573 0.011160714285714286 0.015625
0 0.13169642857142858 0.15848214285714285 0.020089285714285716 0.013392857142857142
0 0.19419642857142858 0.17857142857142858 0.011160714285714286 0.015625
0 0.21205357142857142 0.16294642857142858 0.013392857142857142 0.013392857142857142
0 0.2544642857142857 0.1875 0.026785714285714284 0.011160714285714286
0 0.265625 0.17410714285714285 0.013392857142857142 0.015625
0 0.32589285714285715 0.16741071428571427 0.020089285714285716 0.015625
0 0.32142857142857145 0.19642857142857142 0.013392857142857142 0.015625
0 0.3638392857142857 0.18973214285714285 0.011160714285714286 0.013392857142857142
0 0.41964285714285715 0.18303571428571427 0.015625 0.013392857142857142
0 0.5513392857142857 0.20089285714285715 0.015625 0.015625
0 0.6741071428571429 0.22098214285714285 0.017857142857142856 0.015625
0 0.7276785714285714 0.203125 0.020089285714285716 0.015625
0 0.7991071428571429 0.20982142857142858 0.013392857142857142 0.015625
0 0.8191964285714286 0.19866071428571427 0.013392857142857142 0.015625
0 0.9107142857142857 0.22098214285714285 0.017857142857142856 0.013392857142857142
0 0.9910714285714286 0.23214285714285715 0.008928571428571428 0.017857142857142856