0 0.9598214285714286 0.08928571428571429 0.013392857142857142 0.013392857142857142
0 0.953125 0.109375 0.008928571428571428 0.015625
0 0.9263392857142857 0.13616071428571427 0.008928571428571428 0.015625
0 0.8883928571428571 0.11607142857142858 0.015625 0.017857142857142856
0 0.8638392857142857 0.13169642857142858 0.008928571428571428 0.015625
0 0.828125 0.12946428571428573 0.011160714285714286 0.013392857142857142
0 0.8125 0.11160714285714286 0.015625 0.015625
0 0.7946428571428571 0.12053571428571429 0.015625 0.011160714285714286
0 0.7477678571428571 0.14285714285714285 0.011160714285714286 0.015625
0 0.671875 0.13616071428571427 0.013392857142857142 0.017857142857142856
0 0.6852678571428571 0.16294642857142858 0.020089285714285716 0.013392857142857142
0 0.8459821428571429 0.28125 0.015625 0.013392857142857142
0 0.6450892857142857 0.14508928571428573 0.017857142857142856 0.013392857142857142
0 0.5401785714285714 0.18303571428571427 0.017857142857142856 0.024553571428571428
0 0.49330357142857145 0.15848214285714285 0.022321428571428572 0.011160714285714286
0 0.4174107142857143 0.15401785714285715 0.017857142857142856 0.015625
0 0.5357142857142857 0.265625 0.011160714285714286 0.008928571428571428
0 0.8169642857142857 0.5513392857142857 0.015625 0.020089285714285716
0 0.6160714285714286 0.2857142857142857 0.026785714285714284 0.013392857142857142
0 0.24330357142857142 0.15625 0.013392857142857142 0.013392857142857142
0 0.4486607142857143 0.15401785714285715 0.011160714285714286 0.011160714285714286
0 0.11607142857142858 0.15625 0.011160714285714286 0.013392857142857142
0 0.013392857142857142 0.15178571428571427 0.020089285714285716 0.013392857142857142