0 0.75 0.31026785714285715 0.013392857142857142 0.024553571428571428
0 0.390625 0.27901785714285715 0.020089285714285716 0.013392857142857142
0 0.23660714285714285 0.2700892857142857 0.020089285714285716 0.013392857142857142
0 0.22991071428571427 0.16294642857142858 0.006696428571428571 0.011160714285714286
0 0.25892857142857145 0.16294642857142858 0.008928571428571428 0.013392857142857142
0 0.19642857142857142 0.16071428571428573 0.011160714285714286 0.013392857142857142
0 0.17410714285714285 0.15625 0.011160714285714286 0.013392857142857142
0 0.11160714285714286 0.16294642857142858 0.008928571428571428 0.013392857142857142
0 0.020089285714285716 0.171875 0.011160714285714286 0.011160714285714286
0 0.006696428571428571 0.16741071428571427 0.011160714285714286 0.013392857142857142
0 0.004464285714285714 0.19642857142857142 0.002232142857142857 0.015625