0 0.8147321428571429 0.34375 0.020089285714285716 0.013392857142857142
0 0.5022321428571429 0.37723214285714285 0.026785714285714284 0.024553571428571428
0 0.31026785714285715 0.19419642857142858 0.011160714285714286 0.013392857142857142
0 0.25669642857142855 0.25 0.020089285714285716 0.011160714285714286
0 0.23660714285714285 0.23214285714285715 0.020089285714285716 0.011160714285714286
0 0.24330357142857142 0.32142857142857145 0.017857142857142856 0.013392857142857142
0 0.24330357142857142 0.15848214285714285 0.022321428571428572 0.011160714285714286
0 0.11830357142857142 0.1875 0.017857142857142856 0.017857142857142856
0 0.09598214285714286 0.15178571428571427 0.011160714285714286 0.011160714285714286
0 0.08258928571428571 0.16741071428571427 0.015625 0.008928571428571428
0 0.015625 0.15625 0.011160714285714286 0.011160714285714286