0 0.9821428571428571 0.26785714285714285 0.026785714285714284 0.026785714285714284
0 0.8415178571428571 0.21205357142857142 0.03571428571428571 0.013392857142857142
0 0.9910714285714286 0.10491071428571429 0.008928571428571428 0.03125
0 0.9263392857142857 0.08928571428571429 0.008928571428571428 0.011160714285714286
0 0.8839285714285714 0.09821428571428571 0.011160714285714286 0.017857142857142856
0 0.859375 0.11160714285714286 0.008928571428571428 0.015625
0 0.8125 0.11160714285714286 0.015625 0.020089285714285716
0 0.7098214285714286 0.10267857142857142 0.013392857142857142 0.020089285714285716
0 0.6651785714285714 0.13169642857142858 0.020089285714285716 0.024553571428571428
0 0.5357142857142857 0.19196428571428573 0.044642857142857144 0.017857142857142856
0 0.14508928571428573 0.12053571428571429 0.026785714285714284 0.026785714285714284
0 0.011160714285714286 0.11830357142857142 0.011160714285714286 0.013392857142857142
0 0.03794642857142857 0.11830357142857142 0.026785714285714284 0.013392857142857142