0 0.32589285714285715 0.14285714285714285 0.017857142857142856 0.008928571428571428
0 0.40401785714285715 0.14732142857142858 0.011160714285714286 0.013392857142857142
0 0.4575892857142857 0.14955357142857142 0.013392857142857142 0.011160714285714286
0 0.6450892857142857 0.15848214285714285 0.015625 0.015625
0 0.6138392857142857 0.15401785714285715 0.020089285714285716 0.013392857142857142
0 0.6919642857142857 0.15401785714285715 0.013392857142857142 0.013392857142857142
0 0.7075892857142857 0.18080357142857142 0.017857142857142856 0.013392857142857142
0 0.6517857142857143 0.19196428571428573 0.022321428571428572 0.011160714285714286
0 0.5915178571428571 0.27455357142857145 0.046875 0.013392857142857142
0 0.48660714285714285 0.19866071428571427 0.006696428571428571 0.011160714285714286
0 0.875 0.18080357142857142 0.020089285714285716 0.015625
0 0.7477678571428571 0.16071428571428573 0.017857142857142856 0.013392857142857142
0 0.7790178571428571 0.16517857142857142 0.033482142857142856 0.011160714285714286
0 0.8928571428571429 0.15848214285714285 0.015625 0.011160714285714286
0 0.9151785714285714 0.16071428571428573 0.013392857142857142 0.013392857142857142
0 0.9419642857142857 0.17410714285714285 0.013392857142857142 0.013392857142857142
0 0.921875 0.20758928571428573 0.022321428571428572 0.024553571428571428