0 0.15178571428571427 0.3169642857142857 0.015625 0.017857142857142856
0 0.19419642857142858 0.36830357142857145 0.05133928571428571 0.013392857142857142
0 0.060267857142857144 0.37723214285714285 0.049107142857142856 0.017857142857142856
0 0.296875 0.16964285714285715 0.015625 0.011160714285714286
0 0.3950892857142857 0.16741071428571427 0.033482142857142856 0.017857142857142856
0 0.5558035714285714 0.1875 0.015625 0.015625
0 0.6450892857142857 0.21428571428571427 0.008928571428571428 0.013392857142857142
0 0.6316964285714286 0.17633928571428573 0.04017857142857143 0.013392857142857142
0 0.8348214285714286 0.18526785714285715 0.03794642857142857 0.013392857142857142
0 0.9665178571428571 0.22991071428571427 0.033482142857142856 0.011160714285714286
0 0.953125 0.3794642857142857 0.020089285714285716 0.015625
0 0.8058035714285714 0.17410714285714285 0.008928571428571428 0.011160714285714286