0 0.9642857142857143 0.3236607142857143 0.022321428571428572 0.020089285714285716
0 0.8772321428571429 0.3325892857142857 0.03571428571428571 0.020089285714285716
0 0.703125 0.34375 0.03794642857142857 0.017857142857142856
0 0.7366071428571429 0.34375 0.017857142857142856 0.017857142857142856
0 0.265625 0.25223214285714285 0.011160714285714286 0.013392857142857142
0 0.22321428571428573 0.21205357142857142 0.020089285714285716 0.011160714285714286
0 0.20982142857142858 0.16517857142857142 0.024553571428571428 0.013392857142857142
0 0.05803571428571429 0.17857142857142858 0.024553571428571428 0.013392857142857142
0 0.08482142857142858 0.23883928571428573 0.017857142857142856 0.011160714285714286
0 0.0625 0.234375 0.008928571428571428 0.013392857142857142
0 0.017857142857142856 0.15178571428571427 0.015625 0.013392857142857142