0 0.024553571428571428 0.16741071428571427 0.017857142857142856 0.015625
0 0.07366071428571429 0.15848214285714285 0.020089285714285716 0.013392857142857142
0 0.06919642857142858 0.1875 0.029017857142857144 0.015625
0 0.19866071428571427 0.16071428571428573 0.015625 0.017857142857142856
0 0.1875 0.234375 0.024553571428571428 0.022321428571428572
0 0.4888392857142857 0.19196428571428573 0.033482142857142856 0.008928571428571428
0 0.6964285714285714 0.18080357142857142 0.04017857142857143 0.015625
0 0.609375 0.21651785714285715 0.015625 0.011160714285714286
0 0.5066964285714286 0.22321428571428573 0.013392857142857142 0.011160714285714286
0 0.6785714285714286 0.328125 0.022321428571428572 0.013392857142857142
0 0.7700892857142857 0.26339285714285715 0.026785714285714284 0.020089285714285716
0 0.8816964285714286 0.19866071428571427 0.029017857142857144 0.013392857142857142