0 0.38392857142857145 0.03125 0.029017857142857144 0.011160714285714286
0 0.26339285714285715 0.08482142857142858 0.015625 0.015625
0 0.31026785714285715 0.03125 0.020089285714285716 0.011160714285714286
0 0.2857142857142857 0.05133928571428571 0.011160714285714286 0.013392857142857142
0 0.26785714285714285 0.05133928571428571 0.008928571428571428 0.013392857142857142
0 0.23883928571428573 0.03794642857142857 0.024553571428571428 0.011160714285714286
0 0.21875 0.04241071428571429 0.011160714285714286 0.015625
0 0.16071428571428573 0.04241071428571429 0.022321428571428572 0.013392857142857142
0 0.15848214285714285 0.08035714285714286 0.022321428571428572 0.013392857142857142
0 0.125 0.109375 0.013392857142857142 0.015625
0 0.13392857142857142 0.060267857142857144 0.013392857142857142 0.013392857142857142
0 0.10044642857142858 0.05803571428571429 0.017857142857142856 0.015625
0 0.026785714285714284 0.08258928571428571 0.013392857142857142 0.017857142857142856