0 0.9821428571428571 0.20089285714285715 0.011160714285714286 0.013392857142857142
0 0.9709821428571429 0.17410714285714285 0.008928571428571428 0.013392857142857142
0 0.9977678571428571 0.18303571428571427 0.002232142857142857 0.015625
0 0.8191964285714286 0.1875 0.015625 0.015625
0 0.7410714285714286 0.18526785714285715 0.015625 0.013392857142857142
0 0.7946428571428571 0.2700892857142857 0.020089285714285716 0.011160714285714286
0 0.5982142857142857 0.20758928571428573 0.008928571428571428 0.013392857142857142
0 0.6808035714285714 0.20758928571428573 0.011160714285714286 0.017857142857142856
0 0.5625 0.21428571428571427 0.024553571428571428 0.013392857142857142
0 0.48660714285714285 0.20089285714285715 0.013392857142857142 0.013392857142857142
0 0.45089285714285715 0.20535714285714285 0.017857142857142856 0.011160714285714286
0 0.4486607142857143 0.30357142857142855 0.017857142857142856 0.015625
0 0.4486607142857143 0.23214285714285715 0.026785714285714284 0.008928571428571428
0 0.06919642857142858 0.22544642857142858 0.013392857142857142 0.015625