0 0.20535714285714285 0.1875 0.011160714285714286 0.008928571428571428
0 0.27455357142857145 0.17633928571428573 0.013392857142857142 0.013392857142857142
0 0.43526785714285715 0.21205357142857142 0.011160714285714286 0.015625
0 0.359375 0.1875 0.011160714285714286 0.013392857142857142
0 0.4263392857142857 0.16964285714285715 0.011160714285714286 0.013392857142857142
0 0.4732142857142857 0.18080357142857142 0.015625 0.015625
0 0.41964285714285715 0.1875 0.011160714285714286 0.013392857142857142
0 0.39285714285714285 0.171875 0.011160714285714286 0.011160714285714286
0 0.40848214285714285 0.17410714285714285 0.013392857142857142 0.017857142857142856
0 0.5044642857142857 0.171875 0.011160714285714286 0.011160714285714286
0 0.5223214285714286 0.16964285714285715 0.015625 0.013392857142857142
0 0.7834821428571429 0.21205357142857142 0.020089285714285716 0.011160714285714286
0 0.9419642857142857 0.22544642857142858 0.015625 0.015625
0 0.6517857142857143 0.17857142857142858 0.008928571428571428 0.011160714285714286
0 0.7299107142857143 0.16964285714285715 0.017857142857142856 0.011160714285714286
0 0.8616071428571429 0.19196428571428573 0.015625 0.011160714285714286
0 0.9888392857142857 0.24553571428571427 0.015625 0.022321428571428572
0 0.609375 0.17857142857142858 0.011160714285714286 0.015625