0 0.9776785714285714 0.19196428571428573 0.03571428571428571 0.026785714285714284
0 0.9776785714285714 0.26785714285714285 0.03571428571428571 0.026785714285714284
0 0.8883928571428571 0.203125 0.020089285714285716 0.017857142857142856
0 0.8504464285714286 0.20758928571428573 0.024553571428571428 0.017857142857142856
0 0.7455357142857143 0.23883928571428573 0.046875 0.022321428571428572
0 0.640625 0.28348214285714285 0.04017857142857143 0.022321428571428572
0 0.5714285714285714 0.19866071428571427 0.029017857142857144 0.017857142857142856
0 0.5 0.19642857142857142 0.017857142857142856 0.024553571428571428
0 0.421875 0.19419642857142858 0.03125 0.03125
0 0.26785714285714285 0.19642857142857142 0.024553571428571428 0.017857142857142856
0 0.024553571428571428 0.20089285714285715 0.04017857142857143 0.022321428571428572