0 0.4263392857142857 0.10267857142857142 0.029017857142857144 0.022321428571428572
0 0.14955357142857142 0.12946428571428573 0.026785714285714284 0.015625
0 0.22544642857142858 0.13169642857142858 0.013392857142857142 0.013392857142857142
0 0.6272321428571429 0.10714285714285714 0.017857142857142856 0.024553571428571428
0 0.6607142857142857 0.11383928571428571 0.03794642857142857 0.017857142857142856
0 0.7120535714285714 0.11607142857142858 0.017857142857142856 0.015625
0 0.7388392857142857 0.125 0.020089285714285716 0.020089285714285716
0 0.75 0.11160714285714286 0.017857142857142856 0.017857142857142856
0 0.8125 0.11160714285714286 0.033482142857142856 0.015625
0 0.8772321428571429 0.08705357142857142 0.03571428571428571 0.017857142857142856
0 0.9040178571428571 0.109375 0.013392857142857142 0.015625
0 0.9732142857142857 0.08928571428571429 0.022321428571428572 0.020089285714285716
0 0.9866071428571429 0.10267857142857142 0.017857142857142856 0.017857142857142856