0 0.004464285714285714 0.25892857142857145 0.008928571428571428 0.020089285714285716
0 0.044642857142857144 0.20758928571428573 0.020089285714285716 0.024553571428571428
0 0.29464285714285715 0.20089285714285715 0.05133928571428571 0.013392857142857142
0 0.30580357142857145 0.25 0.03571428571428571 0.020089285714285716
0 0.3794642857142857 0.18526785714285715 0.017857142857142856 0.022321428571428572
0 0.42857142857142855 0.19419642857142858 0.022321428571428572 0.026785714285714284
0 0.6272321428571429 0.20758928571428573 0.020089285714285716 0.022321428571428572
0 0.6964285714285714 0.19196428571428573 0.020089285714285716 0.022321428571428572
0 0.7366071428571429 0.19419642857142858 0.017857142857142856 0.020089285714285716
0 0.7767857142857143 0.17857142857142858 0.015625 0.020089285714285716
0 0.734375 0.23660714285714285 0.026785714285714284 0.015625
0 0.6986607142857143 0.21875 0.03794642857142857 0.013392857142857142
0 0.875 0.22544642857142858 0.022321428571428572 0.013392857142857142
0 0.984375 0.21651785714285715 0.017857142857142856 0.015625