0 0.9107142857142857 0.022321428571428572 0.017857142857142856 0.03125
0 0.8482142857142857 0.0625 0.05133928571428571 0.020089285714285716
0 0.6785714285714286 0.078125 0.026785714285714284 0.020089285714285716
0 0.7366071428571429 0.026785714285714284 0.013392857142857142 0.020089285714285716
0 0.609375 0.049107142857142856 0.06473214285714286 0.024553571428571428
0 0.5870535714285714 0.026785714285714284 0.022321428571428572 0.020089285714285716
0 0.5111607142857143 0.026785714285714284 0.017857142857142856 0.022321428571428572
0 0.36607142857142855 0.033482142857142856 0.017857142857142856 0.017857142857142856
0 0.23214285714285715 0.03794642857142857 0.015625 0.017857142857142856
0 0.20089285714285715 0.03571428571428571 0.029017857142857144 0.022321428571428572
0 0.2611607142857143 0.08258928571428571 0.022321428571428572 0.015625
0 0.08258928571428571 0.12723214285714285 0.029017857142857144 0.020089285714285716