0 0.828125 0.18080357142857142 0.020089285714285716 0.024553571428571428
0 0.6986607142857143 0.19196428571428573 0.03125 0.013392857142857142
0 0.5647321428571429 0.18080357142857142 0.015625 0.03125
0 0.5959821428571429 0.24776785714285715 0.03794642857142857 0.017857142857142856
0 0.45535714285714285 0.22767857142857142 0.020089285714285716 0.017857142857142856
0 0.359375 0.18973214285714285 0.015625 0.022321428571428572
0 0.30357142857142855 0.16294642857142858 0.017857142857142856 0.020089285714285716
0 0.27901785714285715 0.16964285714285715 0.015625 0.017857142857142856
0 0.23883928571428573 0.18526785714285715 0.011160714285714286 0.020089285714285716
0 0.20758928571428573 0.18080357142857142 0.017857142857142856 0.024553571428571428
0 0.18303571428571427 0.18973214285714285 0.015625 0.024553571428571428
0 0.3013392857142857 0.18973214285714285 0.020089285714285716 0.022321428571428572
0 0.16294642857142858 0.21875 0.015625 0.029017857142857144
0 0.16294642857142858 0.171875 0.017857142857142856 0.029017857142857144
0 0.109375 0.17410714285714285 0.022321428571428572 0.03125