0 0.625 0.15625 0.015625 0.022321428571428572
0 0.5892857142857143 0.16517857142857142 0.017857142857142856 0.026785714285714284
0 0.484375 0.16741071428571427 0.024553571428571428 0.03125
0 0.42410714285714285 0.21205357142857142 0.020089285714285716 0.022321428571428572
0 0.3549107142857143 0.21875 0.015625 0.015625
0 0.25669642857142855 0.22321428571428573 0.022321428571428572 0.015625
0 0.13616071428571427 0.16517857142857142 0.015625 0.017857142857142856
0 0.10267857142857142 0.16071428571428573 0.020089285714285716 0.015625
0 0.046875 0.21428571428571427 0.024553571428571428 0.013392857142857142
0 0.06696428571428571 0.16964285714285715 0.022321428571428572 0.015625
0 0.044642857142857144 0.140625 0.017857142857142856 0.029017857142857144