0 0.9888392857142857 0.22544642857142858 0.020089285714285716 0.026785714285714284
0 0.7276785714285714 0.21428571428571427 0.05580357142857143 0.015625
0 0.7165178571428571 0.2700892857142857 0.03794642857142857 0.022321428571428572
0 0.6383928571428571 0.20089285714285715 0.020089285714285716 0.024553571428571428
0 0.5848214285714286 0.20982142857142858 0.022321428571428572 0.029017857142857144
0 0.375 0.22321428571428573 0.020089285714285716 0.024553571428571428
0 0.3013392857142857 0.20758928571428573 0.022321428571428572 0.024553571428571428
0 0.25892857142857145 0.20758928571428573 0.020089285714285716 0.020089285714285716
0 0.21651785714285715 0.19196428571428573 0.015625 0.020089285714285716
0 0.2611607142857143 0.2544642857142857 0.029017857142857144 0.017857142857142856
0 0.29910714285714285 0.234375 0.04017857142857143 0.013392857142857142
0 0.11160714285714286 0.24107142857142858 0.024553571428571428 0.013392857142857142