0 0.13839285714285715 0.09598214285714286 0.078125 0.026785714285714284
0 0.22767857142857142 0.08482142857142858 0.046875 0.015625
0 0.27232142857142855 0.12946428571428573 0.024553571428571428 0.026785714285714284
0 0.4642857142857143 0.09375 0.044642857142857144 0.020089285714285716
0 0.5558035714285714 0.08928571428571429 0.03125 0.017857142857142856
0 0.5892857142857143 0.11160714285714286 0.020089285714285716 0.033482142857142856
0 0.609375 0.06473214285714286 0.015625 0.022321428571428572
0 0.7522321428571429 0.08035714285714286 0.020089285714285716 0.022321428571428572
0 0.84375 0.05803571428571429 0.015625 0.026785714285714284
0 0.8348214285714286 0.08258928571428571 0.029017857142857144 0.013392857142857142
0 0.8772321428571429 0.08928571428571429 0.015625 0.020089285714285716
0 0.8861607142857143 0.06919642857142858 0.026785714285714284 0.020089285714285716
0 0.9241071428571429 0.05580357142857143 0.024553571428571428 0.022321428571428572
0 0.9397321428571429 0.08482142857142858 0.03125 0.015625
0 0.8928571428571429 0.08258928571428571 0.020089285714285716 0.024553571428571428