0 0.9866071428571429 0.13169642857142858 0.020089285714285716 0.03125
0 0.9084821428571429 0.12276785714285714 0.015625 0.029017857142857144
0 0.890625 0.12276785714285714 0.017857142857142856 0.03125
0 0.8325892857142857 0.13169642857142858 0.026785714285714284 0.03125
0 0.7165178571428571 0.140625 0.020089285714285716 0.022321428571428572
0 0.65625 0.11830357142857142 0.026785714285714284 0.033482142857142856
0 0.234375 0.36830357142857145 0.044642857142857144 0.046875
0 0.38169642857142855 0.37723214285714285 0.029017857142857144 0.026785714285714284
0 0.546875 0.078125 0.015625 0.026785714285714284
0 0.5200892857142857 0.12276785714285714 0.024553571428571428 0.017857142857142856
0 0.46651785714285715 0.08705357142857142 0.03125 0.022321428571428572
0 0.43080357142857145 0.078125 0.024553571428571428 0.026785714285714284
0 0.3169642857142857 0.08482142857142858 0.04017857142857143 0.024553571428571428
0 0.265625 0.08482142857142858 0.015625 0.017857142857142856
0 0.234375 0.08705357142857142 0.017857142857142856 0.015625
0 0.18526785714285715 0.08482142857142858 0.011160714285714286 0.017857142857142856
0 0.22321428571428573 0.13839285714285715 0.015625 0.017857142857142856
0 0.13392857142857142 0.14285714285714285 0.024553571428571428 0.020089285714285716
0 0.060267857142857144 0.13169642857142858 0.015625 0.017857142857142856