0 0.9754464285714286 0.03794642857142857 0.04017857142857143 0.03125
0 0.703125 0.05133928571428571 0.05133928571428571 0.020089285714285716
0 0.5200892857142857 0.022321428571428572 0.044642857142857144 0.015625
0 0.4732142857142857 0.029017857142857144 0.03794642857142857 0.020089285714285716
0 0.421875 0.026785714285714284 0.03794642857142857 0.017857142857142856
0 0.3705357142857143 0.026785714285714284 0.017857142857142856 0.024553571428571428
0 0.23660714285714285 0.033482142857142856 0.015625 0.013392857142857142
0 0.16517857142857142 0.022321428571428572 0.03125 0.022321428571428572
0 0.11607142857142858 0.024553571428571428 0.015625 0.024553571428571428
0 0.08482142857142858 0.029017857142857144 0.017857142857142856 0.020089285714285716
0 0.06473214285714286 0.022321428571428572 0.013392857142857142 0.022321428571428572
0 0.011160714285714286 0.029017857142857144 0.015625 0.022321428571428572