0 0.8928571428571429 0.18303571428571427 0.0625 0.017857142857142856
0 0.7946428571428571 0.26785714285714285 0.0625 0.017857142857142856
0 0.7857142857142857 0.1875 0.026785714285714284 0.020089285714285716
0 0.6919642857142857 0.19419642857142858 0.017857142857142856 0.013392857142857142
0 0.546875 0.18080357142857142 0.029017857142857144 0.015625
0 0.5044642857142857 0.16741071428571427 0.022321428571428572 0.015625
0 0.4888392857142857 0.18526785714285715 0.029017857142857144 0.017857142857142856
0 0.46205357142857145 0.16964285714285715 0.013392857142857142 0.024553571428571428
0 0.4107142857142857 0.17633928571428573 0.03794642857142857 0.017857142857142856
0 0.3169642857142857 0.16071428571428573 0.03794642857142857 0.015625
0 0.33705357142857145 0.18973214285714285 0.05133928571428571 0.017857142857142856
0 0.21651785714285715 0.18973214285714285 0.03794642857142857 0.017857142857142856
0 0.14285714285714285 0.16517857142857142 0.015625 0.015625
0 0.08035714285714286 0.16517857142857142 0.015625 0.020089285714285716