0 0.08035714285714286 0.19419642857142858 0.03571428571428571 0.022321428571428572
0 0.15401785714285715 0.15178571428571427 0.020089285714285716 0.026785714285714284
0 0.3080357142857143 0.16071428571428573 0.026785714285714284 0.029017857142857144
0 0.3392857142857143 0.22321428571428573 0.05580357142857143 0.020089285714285716
0 0.48214285714285715 0.16964285714285715 0.020089285714285716 0.013392857142857142
0 0.6763392857142857 0.15401785714285715 0.06473214285714286 0.026785714285714284
0 0.7767857142857143 0.14285714285714285 0.020089285714285716 0.03794642857142857
0 0.6741071428571429 0.16741071428571427 0.0625 0.024553571428571428
0 0.8861607142857143 0.12053571428571429 0.020089285714285716 0.03125
0 0.8303571428571429 0.13169642857142858 0.033482142857142856 0.024553571428571428
0 0.8415178571428571 0.16964285714285715 0.05357142857142857 0.020089285714285716
0 0.75 0.16071428571428573 0.05133928571428571 0.017857142857142856