0 0.90625 0.171875 0.022321428571428572 0.022321428571428572
0 0.8035714285714286 0.18973214285714285 0.044642857142857144 0.020089285714285716
0 0.7165178571428571 0.17633928571428573 0.015625 0.020089285714285716
0 0.6339285714285714 0.18080357142857142 0.03125 0.015625
0 0.49776785714285715 0.17410714285714285 0.04017857142857143 0.017857142857142856
0 0.5602678571428571 0.18526785714285715 0.044642857142857144 0.022321428571428572
0 0.578125 0.17410714285714285 0.017857142857142856 0.022321428571428572
0 0.421875 0.19196428571428573 0.04241071428571429 0.022321428571428572
0 0.40401785714285715 0.18080357142857142 0.03125 0.020089285714285716
0 0.5401785714285714 0.328125 0.026785714285714284 0.024553571428571428
0 0.008928571428571428 0.18080357142857142 0.008928571428571428 0.013392857142857142
0 0.18973214285714285 0.16964285714285715 0.03571428571428571 0.017857142857142856