0 0.8950892857142857 0.18303571428571427 0.020089285714285716 0.033482142857142856
0 0.7276785714285714 0.20982142857142858 0.022321428571428572 0.020089285714285716
0 0.9553571428571429 0.34598214285714285 0.04017857142857143 0.020089285714285716
0 0.6004464285714286 0.16964285714285715 0.013392857142857142 0.022321428571428572
0 0.22991071428571427 0.15625 0.017857142857142856 0.017857142857142856
0 0.19866071428571427 0.15848214285714285 0.024553571428571428 0.020089285714285716
0 0.11830357142857142 0.16294642857142858 0.022321428571428572 0.015625
0 0.09375 0.16071428571428573 0.03125 0.017857142857142856
0 0.04017857142857143 0.15848214285714285 0.015625 0.017857142857142856
0 0.026785714285714284 0.15625 0.013392857142857142 0.015625
0 0.31026785714285715 0.21205357142857142 0.029017857142857144 0.017857142857142856
0 0.9375 0.20535714285714285 0.015625 0.020089285714285716