0 0.026785714285714284 0.22544642857142858 0.05357142857142857 0.033482142857142856
0 0.12946428571428573 0.20535714285714285 0.017857142857142856 0.029017857142857144
0 0.2544642857142857 0.15178571428571427 0.017857142857142856 0.03571428571428571
0 0.24776785714285715 0.17633928571428573 0.0625 0.024553571428571428
0 0.33482142857142855 0.21205357142857142 0.0625 0.020089285714285716
0 0.46651785714285715 0.22544642857142858 0.04241071428571429 0.03125
0 0.6986607142857143 0.17857142857142858 0.022321428571428572 0.03125
0 0.7008928571428571 0.24330357142857142 0.049107142857142856 0.024553571428571428
0 0.7544642857142857 0.2544642857142857 0.03794642857142857 0.024553571428571428
0 0.7946428571428571 0.2544642857142857 0.03794642857142857 0.024553571428571428
0 0.7767857142857143 0.14732142857142858 0.020089285714285716 0.033482142857142856
0 0.8415178571428571 0.18303571428571427 0.015625 0.03125
0 0.8392857142857143 0.14285714285714285 0.049107142857142856 0.017857142857142856
0 0.9040178571428571 0.16294642857142858 0.017857142857142856 0.026785714285714284