0 0.03794642857142857 0.203125 0.060267857142857144 0.029017857142857144
0 0.140625 0.18526785714285715 0.017857142857142856 0.026785714285714284
0 0.26339285714285715 0.13169642857142858 0.017857142857142856 0.033482142857142856
0 0.25669642857142855 0.15625 0.060267857142857144 0.024553571428571428
0 0.34151785714285715 0.19196428571428573 0.060267857142857144 0.020089285714285716
0 0.46651785714285715 0.20535714285714285 0.04017857142857143 0.03125
0 0.6919642857142857 0.15848214285714285 0.020089285714285716 0.029017857142857144
0 0.6941964285714286 0.22098214285714285 0.046875 0.024553571428571428
0 0.7455357142857143 0.23214285714285715 0.03794642857142857 0.024553571428571428
0 0.7834821428571429 0.23214285714285715 0.03571428571428571 0.024553571428571428
0 0.7678571428571429 0.12723214285714285 0.017857142857142856 0.033482142857142856
0 0.8303571428571429 0.16294642857142858 0.015625 0.03125
0 0.828125 0.12276785714285714 0.046875 0.017857142857142856
0 0.8883928571428571 0.14285714285714285 0.015625 0.026785714285714284