0 0.5223214285714286 0.16294642857142858 0.024553571428571428 0.020089285714285716
0 0.2767857142857143 0.18526785714285715 0.024553571428571428 0.015625
0 0.34375 0.1875 0.011160714285714286 0.011160714285714286
0 0.703125 0.16517857142857142 0.015625 0.020089285714285716
0 0.7321428571428571 0.16964285714285715 0.033482142857142856 0.015625
0 0.7790178571428571 0.171875 0.015625 0.013392857142857142
0 0.8035714285714286 0.18080357142857142 0.017857142857142856 0.017857142857142856
0 0.8125 0.16964285714285715 0.015625 0.015625
0 0.8683035714285714 0.16964285714285715 0.029017857142857144 0.013392857142857142
0 0.9263392857142857 0.14732142857142858 0.03125 0.015625
0 0.9508928571428571 0.16741071428571427 0.013392857142857142 0.015625