0 0.46651785714285715 0.15625 0.029017857142857144 0.022321428571428572
0 0.18973214285714285 0.18303571428571427 0.026785714285714284 0.015625
0 0.26339285714285715 0.18526785714285715 0.013392857142857142 0.013392857142857142
0 0.6696428571428571 0.16071428571428573 0.017857142857142856 0.024553571428571428
0 0.703125 0.16517857142857142 0.03794642857142857 0.017857142857142856
0 0.7544642857142857 0.16741071428571427 0.017857142857142856 0.015625
0 0.78125 0.17857142857142858 0.020089285714285716 0.020089285714285716
0 0.7924107142857143 0.16517857142857142 0.017857142857142856 0.017857142857142856
0 0.8571428571428571 0.16517857142857142 0.033482142857142856 0.015625
0 0.9196428571428571 0.13839285714285715 0.03571428571428571 0.017857142857142856
0 0.9464285714285714 0.16071428571428573 0.013392857142857142 0.017857142857142856