0 0.8370535714285714 0.19642857142857142 0.020089285714285716 0.024553571428571428
0 0.7053571428571429 0.20758928571428573 0.033482142857142856 0.013392857142857142
0 0.5691964285714286 0.19642857142857142 0.015625 0.03125
0 0.6026785714285714 0.265625 0.04017857142857143 0.017857142857142856
0 0.4575892857142857 0.24553571428571427 0.020089285714285716 0.017857142857142856
0 0.359375 0.20535714285714285 0.015625 0.022321428571428572
0 0.30357142857142855 0.18080357142857142 0.017857142857142856 0.020089285714285716
0 0.27901785714285715 0.18526785714285715 0.017857142857142856 0.017857142857142856
0 0.23883928571428573 0.20089285714285715 0.011160714285714286 0.020089285714285716
0 0.20535714285714285 0.19642857142857142 0.017857142857142856 0.024553571428571428
0 0.18303571428571427 0.20535714285714285 0.017857142857142856 0.024553571428571428
0 0.30357142857142855 0.20535714285714285 0.020089285714285716 0.022321428571428572
0 0.16294642857142858 0.23660714285714285 0.015625 0.029017857142857144
0 0.16071428571428573 0.18973214285714285 0.017857142857142856 0.03125
0 0.10714285714285714 0.18973214285714285 0.022321428571428572 0.033482142857142856