0 0.013392857142857142 0.049107142857142856 0.026785714285714284 0.026785714285714284
0 0.044642857142857144 0.08258928571428571 0.033482142857142856 0.015625
0 0.17857142857142858 0.05580357142857143 0.049107142857142856 0.017857142857142856
0 0.296875 0.05580357142857143 0.029017857142857144 0.017857142857142856
0 0.4017857142857143 0.06473214285714286 0.024553571428571428 0.015625
0 0.5133928571428571 0.044642857142857144 0.04017857142857143 0.017857142857142856
0 0.625 0.033482142857142856 0.029017857142857144 0.017857142857142856
0 0.6607142857142857 0.013392857142857142 0.029017857142857144 0.024553571428571428
0 0.703125 0.004464285714285714 0.024553571428571428 0.008928571428571428
0 0.8214285714285714 0.11830357142857142 0.0625 0.015625
0 0.7522321428571429 0.006696428571428571 0.026785714285714284 0.011160714285714286