0 0.004464285714285714 0.18973214285714285 0.008928571428571428 0.03571428571428571
0 0.14508928571428573 0.16071428571428573 0.024553571428571428 0.026785714285714284
0 0.2700892857142857 0.19866071428571427 0.022321428571428572 0.03794642857142857
0 0.26339285714285715 0.12946428571428573 0.015625 0.029017857142857144
0 0.38839285714285715 0.12723214285714285 0.017857142857142856 0.029017857142857144
0 0.45982142857142855 0.20535714285714285 0.033482142857142856 0.017857142857142856
0 0.515625 0.1875 0.015625 0.03125
0 0.5446428571428571 0.20535714285714285 0.04241071428571429 0.020089285714285716
0 0.48214285714285715 0.13392857142857142 0.020089285714285716 0.026785714285714284
0 0.5602678571428571 0.14285714285714285 0.024553571428571428 0.022321428571428572
0 0.7433035714285714 0.140625 0.020089285714285716 0.022321428571428572
0 0.8191964285714286 0.14285714285714285 0.020089285714285716 0.022321428571428572
0 0.8348214285714286 0.13839285714285715 0.020089285714285716 0.017857142857142856
0 0.8616071428571429 0.17633928571428573 0.049107142857142856 0.024553571428571428
0 0.8928571428571429 0.140625 0.017857142857142856 0.03125
0 0.9129464285714286 0.13169642857142858 0.020089285714285716 0.024553571428571428