0 0.9196428571428571 0.296875 0.022321428571428572 0.03125
0 0.7901785714285714 0.234375 0.04017857142857143 0.024553571428571428
0 0.7834821428571429 0.2767857142857143 0.03794642857142857 0.020089285714285716
0 0.7321428571428571 0.29017857142857145 0.04241071428571429 0.024553571428571428
0 0.6227678571428571 0.22321428571428573 0.024553571428571428 0.029017857142857144
0 0.5758928571428571 0.25892857142857145 0.049107142857142856 0.024553571428571428
0 0.4888392857142857 0.28348214285714285 0.022321428571428572 0.03794642857142857
0 0.3236607142857143 0.21205357142857142 0.024553571428571428 0.03571428571428571
0 0.28125 0.21875 0.015625 0.026785714285714284
0 0.21428571428571427 0.22098214285714285 0.029017857142857144 0.03125
0 0.25892857142857145 0.27232142857142855 0.044642857142857144 0.017857142857142856
0 0.020089285714285716 0.30357142857142855 0.03125 0.020089285714285716