0 0.9866071428571429 0.203125 0.017857142857142856 0.03125
0 0.9308035714285714 0.21205357142857142 0.049107142857142856 0.020089285714285716
0 0.859375 0.19866071428571427 0.020089285714285716 0.026785714285714284
0 0.8236607142857143 0.25 0.017857142857142856 0.024553571428571428
0 0.7924107142857143 0.21428571428571427 0.05133928571428571 0.022321428571428572
0 0.75 0.27232142857142855 0.024553571428571428 0.022321428571428572
0 0.6183035714285714 0.21651785714285715 0.017857142857142856 0.026785714285714284
0 0.5357142857142857 0.22098214285714285 0.020089285714285716 0.022321428571428572
0 0.4174107142857143 0.22767857142857142 0.046875 0.015625
0 0.28348214285714285 0.27232142857142855 0.026785714285714284 0.046875
0 0.20982142857142858 0.22321428571428573 0.017857142857142856 0.024553571428571428
0 0.12053571428571429 0.20758928571428573 0.020089285714285716 0.024553571428571428
0 0.125 0.2611607142857143 0.07142857142857142 0.020089285714285716