0 0.9776785714285714 0.19866071428571427 0.03571428571428571 0.03125
0 0.9129464285714286 0.18080357142857142 0.022321428571428572 0.026785714285714284
0 0.8772321428571429 0.234375 0.020089285714285716 0.024553571428571428
0 0.84375 0.19642857142857142 0.05357142857142857 0.024553571428571428
0 0.7991071428571429 0.25892857142857145 0.026785714285714284 0.024553571428571428
0 0.6607142857142857 0.19866071428571427 0.020089285714285716 0.029017857142857144
0 0.5758928571428571 0.203125 0.020089285714285716 0.024553571428571428
0 0.45089285714285715 0.20982142857142858 0.049107142857142856 0.015625
0 0.31026785714285715 0.25669642857142855 0.029017857142857144 0.049107142857142856
0 0.234375 0.20758928571428573 0.020089285714285716 0.024553571428571428
0 0.140625 0.19196428571428573 0.020089285714285716 0.026785714285714284
0 0.14508928571428573 0.24776785714285715 0.07366071428571429 0.020089285714285716