0 0.07589285714285714 0.4330357142857143 0.06473214285714286 0.024553571428571428
0 0.17857142857142858 0.34598214285714285 0.03571428571428571 0.020089285714285716
0 0.22991071428571427 0.26785714285714285 0.020089285714285716 0.026785714285714284
0 0.4263392857142857 0.265625 0.017857142857142856 0.033482142857142856
0 0.6138392857142857 0.265625 0.022321428571428572 0.03794642857142857
0 0.6808035714285714 0.2544642857142857 0.017857142857142856 0.03125
0 0.7834821428571429 0.234375 0.017857142857142856 0.033482142857142856
0 0.8638392857142857 0.26785714285714285 0.03794642857142857 0.022321428571428572
0 0.9866071428571429 0.22544642857142858 0.020089285714285716 0.03125
0 0.9910714285714286 0.29464285714285715 0.008928571428571428 0.026785714285714284
0 0.6116071428571429 0.5535714285714286 0.06696428571428571 0.026785714285714284
0 0.44642857142857145 0.8058035714285714 0.0625 0.04241071428571429