0 0.033482142857142856 0.27232142857142855 0.05580357142857143 0.022321428571428572
0 0.022321428571428572 0.20982142857142858 0.044642857142857144 0.022321428571428572
0 0.002232142857142857 0.18080357142857142 0.002232142857142857 0.03571428571428571
0 0.13392857142857142 0.18973214285714285 0.06473214285714286 0.020089285714285716
0 0.08928571428571429 0.23214285714285715 0.017857142857142856 0.024553571428571428
0 0.19196428571428573 0.203125 0.017857142857142856 0.026785714285714284
0 0.22321428571428573 0.22544642857142858 0.04017857142857143 0.017857142857142856
0 0.3013392857142857 0.22767857142857142 0.022321428571428572 0.029017857142857144
0 0.27232142857142855 0.17633928571428573 0.04017857142857143 0.017857142857142856
0 0.47767857142857145 0.203125 0.015625 0.03571428571428571
0 0.5357142857142857 0.22098214285714285 0.020089285714285716 0.024553571428571428
0 0.5736607142857143 0.24107142857142858 0.05133928571428571 0.020089285714285716
0 0.7053571428571429 0.22098214285714285 0.013392857142857142 0.022321428571428572
0 0.9375 0.24776785714285715 0.05133928571428571 0.017857142857142856