0 0.078125 0.026785714285714284 0.026785714285714284 0.026785714285714284
0 0.20089285714285715 0.049107142857142856 0.05357142857142857 0.024553571428571428
0 0.3080357142857143 0.03125 0.017857142857142856 0.024553571428571428
0 0.40625 0.03794642857142857 0.03794642857142857 0.020089285714285716
0 0.5736607142857143 0.03125 0.049107142857142856 0.020089285714285716
0 0.4955357142857143 0.04241071428571429 0.05357142857142857 0.029017857142857144
0 0.47544642857142855 0.029017857142857144 0.022321428571428572 0.026785714285714284
0 0.6629464285714286 0.049107142857142856 0.05133928571428571 0.026785714285714284
0 0.6852678571428571 0.03571428571428571 0.03794642857142857 0.024553571428571428
0 0.5200892857142857 0.21651785714285715 0.033482142857142856 0.029017857142857144
0 0.9441964285714286 0.022321428571428572 0.04241071428571429 0.020089285714285716