0 0.10491071428571429 0.28348214285714285 0.020089285714285716 0.026785714285714284
0 0.22098214285714285 0.22767857142857142 0.03571428571428571 0.022321428571428572
0 0.22544642857142858 0.265625 0.033482142857142856 0.017857142857142856
0 0.27232142857142855 0.2767857142857143 0.03794642857142857 0.022321428571428572
0 0.3705357142857143 0.21651785714285715 0.022321428571428572 0.026785714285714284
0 0.41294642857142855 0.24776785714285715 0.04241071428571429 0.022321428571428572
0 0.49107142857142855 0.2700892857142857 0.020089285714285716 0.03571428571428571
0 0.640625 0.20758928571428573 0.022321428571428572 0.03125
0 0.6785714285714286 0.21205357142857142 0.013392857142857142 0.024553571428571428
0 0.7388392857142857 0.21428571428571427 0.026785714285714284 0.029017857142857144
0 0.6986607142857143 0.2611607142857143 0.04017857142857143 0.015625
0 0.9129464285714286 0.29017857142857145 0.029017857142857144 0.017857142857142856