0 0.9732142857142857 0.16517857142857142 0.020089285714285716 0.03125
0 0.8504464285714286 0.171875 0.020089285714285716 0.026785714285714284
0 0.7232142857142857 0.14955357142857142 0.020089285714285716 0.022321428571428572
0 0.6160714285714286 0.18080357142857142 0.017857142857142856 0.033482142857142856
0 0.6227678571428571 0.12276785714285714 0.013392857142857142 0.024553571428571428
0 0.515625 0.12053571428571429 0.015625 0.024553571428571428
0 0.45535714285714285 0.1875 0.029017857142857144 0.015625
0 0.40848214285714285 0.171875 0.013392857142857142 0.026785714285714284
0 0.38392857142857145 0.1875 0.03571428571428571 0.017857142857142856
0 0.4375 0.125 0.015625 0.022321428571428572
0 0.3705357142857143 0.13392857142857142 0.020089285714285716 0.017857142857142856
0 0.21651785714285715 0.13169642857142858 0.017857142857142856 0.020089285714285716
0 0.15401785714285715 0.13392857142857142 0.017857142857142856 0.017857142857142856
0 0.140625 0.12946428571428573 0.015625 0.015625
0 0.11830357142857142 0.16294642857142858 0.04241071428571429 0.020089285714285716
0 0.08928571428571429 0.13169642857142858 0.015625 0.026785714285714284
0 0.07366071428571429 0.125 0.017857142857142856 0.022321428571428572