0 0.011160714285714286 0.21428571428571427 0.022321428571428572 0.03571428571428571
0 0.15848214285714285 0.19866071428571427 0.033482142857142856 0.029017857142857144
0 0.44419642857142855 0.16964285714285715 0.015625 0.026785714285714284
0 0.5915178571428571 0.21875 0.017857142857142856 0.020089285714285716
0 0.6495535714285714 0.1875 0.013392857142857142 0.015625
0 0.6830357142857143 0.17633928571428573 0.015625 0.029017857142857144
0 0.6986607142857143 0.18973214285714285 0.013392857142857142 0.013392857142857142
0 0.9084821428571429 0.140625 0.013392857142857142 0.020089285714285716
0 0.921875 0.16517857142857142 0.015625 0.029017857142857144
0 0.9799107142857143 0.171875 0.03125 0.020089285714285716
0 0.9486607142857143 0.18526785714285715 0.04017857142857143 0.011160714285714286