0 0.9040178571428571 0.09151785714285714 0.024553571428571428 0.022321428571428572
0 0.8482142857142857 0.08258928571428571 0.0625 0.022321428571428572
0 0.8415178571428571 0.15848214285714285 0.049107142857142856 0.017857142857142856
0 0.7477678571428571 0.09598214285714286 0.020089285714285716 0.017857142857142856
0 0.7098214285714286 0.10044642857142858 0.022321428571428572 0.017857142857142856
0 0.6071428571428571 0.13169642857142858 0.046875 0.022321428571428572
0 0.5066964285714286 0.17410714285714285 0.03794642857142857 0.022321428571428572
0 0.43973214285714285 0.09151785714285714 0.029017857142857144 0.017857142857142856
0 0.36830357142857145 0.08928571428571429 0.015625 0.024553571428571428
0 0.2924107142857143 0.08705357142857142 0.029017857142857144 0.03125
0 0.14285714285714285 0.08928571428571429 0.024553571428571428 0.017857142857142856