0 0.7700892857142857 0.07589285714285714 0.026785714285714284 0.029017857142857144
0 0.6517857142857143 0.03571428571428571 0.029017857142857144 0.017857142857142856
0 0.5602678571428571 0.0625 0.029017857142857144 0.017857142857142856
0 0.5602678571428571 0.08705357142857142 0.044642857142857144 0.015625
0 0.5178571428571429 0.06919642857142858 0.020089285714285716 0.03125
0 0.41964285714285715 0.049107142857142856 0.015625 0.029017857142857144
0 0.42410714285714285 0.017857142857142856 0.020089285714285716 0.026785714285714284
0 0.32142857142857145 0.04241071428571429 0.017857142857142856 0.033482142857142856
0 0.29017857142857145 0.020089285714285716 0.017857142857142856 0.015625
0 0.26785714285714285 0.017857142857142856 0.017857142857142856 0.026785714285714284
0 0.11830357142857142 0.05357142857142857 0.022321428571428572 0.029017857142857144
0 0.024553571428571428 0.024553571428571428 0.026785714285714284 0.017857142857142856