0 0.9709821428571429 0.17410714285714285 0.044642857142857144 0.015625
0 0.8415178571428571 0.16964285714285715 0.020089285714285716 0.03571428571428571
0 0.6741071428571429 0.12053571428571429 0.020089285714285716 0.024553571428571428
0 0.5424107142857143 0.14508928571428573 0.017857142857142856 0.03125
0 0.5334821428571429 0.19866071428571427 0.05803571428571429 0.017857142857142856
0 0.36607142857142855 0.13169642857142858 0.015625 0.020089285714285716
0 0.3169642857142857 0.13392857142857142 0.013392857142857142 0.022321428571428572
0 0.3325892857142857 0.16741071428571427 0.013392857142857142 0.024553571428571428
0 0.29017857142857145 0.15625 0.024553571428571428 0.024553571428571428
0 0.23214285714285715 0.13616071428571427 0.049107142857142856 0.015625
0 0.16517857142857142 0.14285714285714285 0.017857142857142856 0.024553571428571428
0 0.16517857142857142 0.20089285714285715 0.05133928571428571 0.017857142857142856
0 0.12723214285714285 0.18303571428571427 0.044642857142857144 0.020089285714285716
0 0.06919642857142858 0.13839285714285715 0.011160714285714286 0.015625
0 0.022321428571428572 0.140625 0.011160714285714286 0.015625