0 0.859375 0.2544642857142857 0.046875 0.013392857142857142
0 0.7678571428571429 0.38392857142857145 0.026785714285714284 0.03571428571428571
0 0.6852678571428571 0.17633928571428573 0.026785714285714284 0.013392857142857142
0 0.49107142857142855 0.17857142857142858 0.017857142857142856 0.024553571428571428
0 0.4107142857142857 0.18303571428571427 0.04241071428571429 0.015625
0 0.4263392857142857 0.14732142857142858 0.015625 0.024553571428571428
0 0.4174107142857143 0.14732142857142858 0.017857142857142856 0.024553571428571428
0 0.3482142857142857 0.17633928571428573 0.015625 0.020089285714285716
0 0.32589285714285715 0.18080357142857142 0.017857142857142856 0.024553571428571428
0 0.31473214285714285 0.14955357142857142 0.049107142857142856 0.015625
0 0.21205357142857142 0.14508928571428573 0.020089285714285716 0.03125
0 0.22321428571428573 0.19196428571428573 0.020089285714285716 0.022321428571428572
0 0.15848214285714285 0.18080357142857142 0.013392857142857142 0.017857142857142856
0 0.07142857142857142 0.14955357142857142 0.03794642857142857 0.017857142857142856