0 0.8169642857142857 0.17410714285714285 0.08035714285714286 0.026785714285714284
0 0.7254464285714286 0.16294642857142858 0.046875 0.015625
0 0.6830357142857143 0.20758928571428573 0.024553571428571428 0.026785714285714284
0 0.4888392857142857 0.171875 0.044642857142857144 0.020089285714285716
0 0.39732142857142855 0.16741071428571427 0.03125 0.017857142857142856
0 0.36160714285714285 0.18973214285714285 0.020089285714285716 0.033482142857142856
0 0.34151785714285715 0.14285714285714285 0.015625 0.022321428571428572
0 0.19866071428571427 0.15848214285714285 0.020089285714285716 0.022321428571428572
0 0.10714285714285714 0.13616071428571427 0.015625 0.026785714285714284
0 0.11383928571428571 0.16071428571428573 0.029017857142857144 0.013392857142857142
0 0.07366071428571429 0.16741071428571427 0.015625 0.020089285714285716
0 0.06473214285714286 0.14508928571428573 0.026785714285714284 0.020089285714285716
0 0.024553571428571428 0.13392857142857142 0.024553571428571428 0.024553571428571428
0 0.015625 0.16294642857142858 0.022321428571428572 0.017857142857142856
0 0.05580357142857143 0.16071428571428573 0.020089285714285716 0.024553571428571428