0 0.017857142857142856 0.24553571428571427 0.03571428571428571 0.020089285714285716
0 0.17857142857142858 0.22321428571428573 0.013392857142857142 0.026785714285714284
0 0.19866071428571427 0.24776785714285715 0.024553571428571428 0.015625
0 0.390625 0.22767857142857142 0.026785714285714284 0.024553571428571428
0 0.4263392857142857 0.234375 0.013392857142857142 0.022321428571428572
0 0.5200892857142857 0.20089285714285715 0.013392857142857142 0.020089285714285716
0 0.6450892857142857 0.21205357142857142 0.017857142857142856 0.011160714285714286
0 0.7075892857142857 0.20535714285714285 0.013392857142857142 0.017857142857142856
0 0.6919642857142857 0.22767857142857142 0.022321428571428572 0.013392857142857142
0 0.828125 0.20982142857142858 0.049107142857142856 0.013392857142857142
0 0.8415178571428571 0.22544642857142858 0.026785714285714284 0.013392857142857142
0 0.8660714285714286 0.17410714285714285 0.017857142857142856 0.011160714285714286
0 0.9732142857142857 0.15848214285714285 0.011160714285714286 0.022321428571428572
0 0.9665178571428571 0.24330357142857142 0.022321428571428572 0.011160714285714286