0 0.044642857142857144 0.33482142857142855 0.0625 0.017857142857142856
0 0.05133928571428571 0.359375 0.05803571428571429 0.022321428571428572
0 0.09375 0.3125 0.029017857142857144 0.03794642857142857
0 0.13616071428571427 0.27455357142857145 0.04241071428571429 0.017857142857142856
0 0.25892857142857145 0.22767857142857142 0.017857142857142856 0.03125
0 0.2767857142857143 0.32142857142857145 0.04017857142857143 0.022321428571428572
0 0.3236607142857143 0.28794642857142855 0.020089285714285716 0.03125
0 0.5245535714285714 0.23214285714285715 0.022321428571428572 0.029017857142857144
0 0.734375 0.24776785714285715 0.026785714285714284 0.033482142857142856
0 0.7991071428571429 0.22098214285714285 0.022321428571428572 0.026785714285714284
0 0.9352678571428571 0.22767857142857142 0.022321428571428572 0.024553571428571428
0 0.9709821428571429 0.25 0.015625 0.03125