0 0.9598214285714286 0.203125 0.017857142857142856 0.03125
0 0.9464285714285714 0.22767857142857142 0.017857142857142856 0.024553571428571428
0 0.9017857142857143 0.20758928571428573 0.020089285714285716 0.03125
0 0.8258928571428571 0.19866071428571427 0.015625 0.026785714285714284
0 0.8058035714285714 0.19866071428571427 0.017857142857142856 0.03125
0 0.75 0.20758928571428573 0.026785714285714284 0.03125
0 0.6361607142857143 0.21651785714285715 0.020089285714285716 0.022321428571428572
0 0.5758928571428571 0.19419642857142858 0.026785714285714284 0.033482142857142856
0 0.15848214285714285 0.4419642857142857 0.04241071428571429 0.046875
0 0.30580357142857145 0.4486607142857143 0.026785714285714284 0.026785714285714284
0 0.46651785714285715 0.15401785714285715 0.015625 0.024553571428571428
0 0.4419642857142857 0.20089285714285715 0.024553571428571428 0.017857142857142856
0 0.38839285714285715 0.16294642857142858 0.03125 0.022321428571428572
0 0.35267857142857145 0.15625 0.022321428571428572 0.026785714285714284
0 0.24330357142857142 0.16071428571428573 0.04017857142857143 0.024553571428571428
0 0.19196428571428573 0.16071428571428573 0.015625 0.015625
0 0.16071428571428573 0.16294642857142858 0.017857142857142856 0.015625
0 0.11160714285714286 0.16071428571428573 0.011160714285714286 0.017857142857142856
0 0.14955357142857142 0.21428571428571427 0.013392857142857142 0.017857142857142856
0 0.0625 0.21875 0.024553571428571428 0.017857142857142856