0 0.13616071428571427 0.1875 0.017857142857142856 0.026785714285714284
0 0.421875 0.2700892857142857 0.033482142857142856 0.033482142857142856
0 0.4375 0.19196428571428573 0.015625 0.026785714285714284
0 0.640625 0.18303571428571427 0.046875 0.022321428571428572
0 0.6763392857142857 0.22544642857142858 0.03571428571428571 0.015625
0 0.7745535714285714 0.16964285714285715 0.011160714285714286 0.013392857142857142
0 0.8080357142857143 0.171875 0.020089285714285716 0.022321428571428572
0 0.8348214285714286 0.16517857142857142 0.020089285714285716 0.020089285714285716
0 0.875 0.17633928571428573 0.017857142857142856 0.022321428571428572
0 0.9151785714285714 0.17633928571428573 0.015625 0.029017857142857144
0 0.9866071428571429 0.1875 0.022321428571428572 0.022321428571428572
0 0.9866071428571429 0.16517857142857142 0.011160714285714286 0.015625
0 0.9955357142857143 0.21651785714285715 0.002232142857142857 0.015625