0 0.9330357142857143 0.328125 0.024553571428571428 0.04241071428571429
0 0.8839285714285714 0.45089285714285715 0.08482142857142858 0.024553571428571428
0 0.7544642857142857 0.32589285714285715 0.024553571428571428 0.03794642857142857
0 0.7388392857142857 0.28348214285714285 0.026785714285714284 0.024553571428571428
0 0.4330357142857143 0.31026785714285715 0.060267857142857144 0.022321428571428572
0 0.36607142857142855 0.2767857142857143 0.022321428571428572 0.033482142857142856
0 0.30580357142857145 0.2767857142857143 0.022321428571428572 0.04017857142857143
0 0.24330357142857142 0.45982142857142855 0.04241071428571429 0.03794642857142857
0 0.21205357142857142 0.30580357142857145 0.026785714285714284 0.026785714285714284
0 0.20535714285714285 0.25223214285714285 0.03571428571428571 0.022321428571428572
0 0.022321428571428572 0.28794642857142855 0.03794642857142857 0.06473214285714286
0 0.10267857142857142 0.2544642857142857 0.020089285714285716 0.03125
0 0.03125 0.21205357142857142 0.029017857142857144 0.029017857142857144