0 0.9508928571428571 0.15625 0.013392857142857142 0.022321428571428572
0 0.9375 0.16071428571428573 0.015625 0.024553571428571428
0 0.859375 0.17410714285714285 0.015625 0.015625
0 0.8861607142857143 0.1875 0.022321428571428572 0.011160714285714286
0 0.8973214285714286 0.16071428571428573 0.015625 0.020089285714285716
0 0.8214285714285714 0.15848214285714285 0.013392857142857142 0.020089285714285716
0 0.8035714285714286 0.16071428571428573 0.013392857142857142 0.020089285714285716
0 0.8035714285714286 0.17410714285714285 0.011160714285714286 0.011160714285714286
0 0.7678571428571429 0.18526785714285715 0.013392857142857142 0.022321428571428572
0 0.6607142857142857 0.20535714285714285 0.03125 0.020089285714285716
0 0.9866071428571429 0.18526785714285715 0.024553571428571428 0.015625
0 0.4330357142857143 0.4799107142857143 0.0625 0.029017857142857144
0 0.9508928571428571 0.18303571428571427 0.029017857142857144 0.015625