0 0.011160714285714286 0.05357142857142857 0.022321428571428572 0.044642857142857144
0 0.06919642857142858 0.05357142857142857 0.022321428571428572 0.03125
0 0.20758928571428573 0.05580357142857143 0.022321428571428572 0.03125
0 0.3950892857142857 0.05357142857142857 0.026785714285714284 0.020089285714285716
0 0.4330357142857143 0.07589285714285714 0.03794642857142857 0.017857142857142856
0 0.5379464285714286 0.024553571428571428 0.03125 0.03125
0 0.5959821428571429 0.033482142857142856 0.026785714285714284 0.022321428571428572
0 0.7053571428571429 0.022321428571428572 0.020089285714285716 0.022321428571428572
0 0.7723214285714286 0.03125 0.020089285714285716 0.024553571428571428
0 0.7834821428571429 0.011160714285714286 0.020089285714285716 0.022321428571428572
0 0.8526785714285714 0.015625 0.020089285714285716 0.024553571428571428
0 0.8683035714285714 0.013392857142857142 0.03125 0.026785714285714284
0 0.9910714285714286 0.020089285714285716 0.008928571428571428 0.022321428571428572