0 0.7767857142857143 0.20535714285714285 0.024553571428571428 0.013392857142857142
0 0.5602678571428571 0.203125 0.022321428571428572 0.020089285714285716
0 0.5602678571428571 0.17410714285714285 0.015625 0.020089285714285716
0 0.40848214285714285 0.17410714285714285 0.015625 0.022321428571428572
0 0.33035714285714285 0.19642857142857142 0.017857142857142856 0.026785714285714284
0 0.24776785714285715 0.19419642857142858 0.015625 0.020089285714285716
0 0.359375 0.19196428571428573 0.015625 0.020089285714285716
0 0.11607142857142858 0.16517857142857142 0.024553571428571428 0.026785714285714284
0 0.10044642857142858 0.17410714285714285 0.015625 0.026785714285714284
0 0.011160714285714286 0.16741071428571427 0.015625 0.015625
0 0.03794642857142857 0.17410714285714285 0.03571428571428571 0.020089285714285716