0 0.11383928571428571 0.2924107142857143 0.026785714285714284 0.03125
0 0.09598214285714286 0.2611607142857143 0.05803571428571429 0.022321428571428572
0 0.13392857142857142 0.22321428571428573 0.020089285714285716 0.029017857142857144
0 0.16294642857142858 0.21875 0.024553571428571428 0.03571428571428571
0 0.2544642857142857 0.22767857142857142 0.024553571428571428 0.03794642857142857
0 0.2924107142857143 0.26339285714285715 0.026785714285714284 0.033482142857142856
0 0.5625 0.3392857142857143 0.0625 0.024553571428571428
0 0.65625 0.22321428571428573 0.029017857142857144 0.03571428571428571
0 0.7008928571428571 0.23883928571428573 0.04241071428571429 0.029017857142857144
0 0.7924107142857143 0.17410714285714285 0.029017857142857144 0.029017857142857144
0 0.9575892857142857 0.18080357142857142 0.046875 0.022321428571428572
0 0.9620535714285714 0.21651785714285715 0.020089285714285716 0.029017857142857144
0 0.9776785714285714 0.24330357142857142 0.017857142857142856 0.04241071428571429