0 0.046875 0.4888392857142857 0.09375 0.029017857142857144
0 0.1875 0.3482142857142857 0.029017857142857144 0.04241071428571429
0 0.20535714285714285 0.3013392857142857 0.029017857142857144 0.026785714285714284
0 0.5446428571428571 0.3325892857142857 0.06696428571428571 0.024553571428571428
0 0.6205357142857143 0.29464285714285715 0.024553571428571428 0.03571428571428571
0 0.6875 0.29464285714285715 0.024553571428571428 0.044642857142857144
0 0.7566964285714286 0.5 0.046875 0.04241071428571429
0 0.7924107142857143 0.328125 0.03125 0.029017857142857144
0 0.8013392857142857 0.26785714285714285 0.04017857142857143 0.024553571428571428
0 0.9888392857142857 0.30580357142857145 0.013392857142857142 0.07142857142857142
0 0.9129464285714286 0.2700892857142857 0.022321428571428572 0.03571428571428571
0 0.9866071428571429 0.22098214285714285 0.017857142857142856 0.033482142857142856