0 0.9129464285714286 0.13169642857142858 0.022321428571428572 0.024553571428571428
0 0.9263392857142857 0.1875 0.03794642857142857 0.015625
0 0.6607142857142857 0.13616071428571427 0.049107142857142856 0.017857142857142856
0 0.6004464285714286 0.125 0.022321428571428572 0.029017857142857144
0 0.5133928571428571 0.16071428571428573 0.03571428571428571 0.017857142857142856
0 0.7433035714285714 0.109375 0.026785714285714284 0.017857142857142856
0 0.47544642857142855 0.08258928571428571 0.017857142857142856 0.03794642857142857
0 0.45982142857142855 0.0625 0.017857142857142856 0.029017857142857144
0 0.44642857142857145 0.11160714285714286 0.017857142857142856 0.024553571428571428
0 0.3549107142857143 0.10267857142857142 0.022321428571428572 0.022321428571428572
0 0.32589285714285715 0.06473214285714286 0.022321428571428572 0.017857142857142856
0 0.2857142857142857 0.07142857142857142 0.022321428571428572 0.033482142857142856
0 0.2857142857142857 0.10714285714285714 0.049107142857142856 0.015625
0 0.11160714285714286 0.11160714285714286 0.022321428571428572 0.024553571428571428