0 0.8683035714285714 0.17633928571428573 0.024553571428571428 0.03794642857142857
0 0.8325892857142857 0.20089285714285715 0.03571428571428571 0.024553571428571428
0 0.7723214285714286 0.16741071428571427 0.05803571428571429 0.015625
0 0.671875 0.22991071428571427 0.03794642857142857 0.03794642857142857
0 0.5669642857142857 0.234375 0.026785714285714284 0.03571428571428571
0 0.5736607142857143 0.18080357142857142 0.044642857142857144 0.022321428571428572
0 0.35714285714285715 0.16294642857142858 0.049107142857142856 0.015625
0 0.3169642857142857 0.17410714285714285 0.024553571428571428 0.03125
0 0.23660714285714285 0.18080357142857142 0.06696428571428571 0.020089285714285716
0 0.033482142857142856 0.17857142857142858 0.049107142857142856 0.017857142857142856
0 0.006696428571428571 0.16517857142857142 0.006696428571428571 0.024553571428571428