0 0.9263392857142857 0.06473214285714286 0.017857142857142856 0.029017857142857144
0 0.8526785714285714 0.06473214285714286 0.033482142857142856 0.022321428571428572
0 0.8125 0.06696428571428571 0.020089285714285716 0.03571428571428571
0 0.65625 0.044642857142857144 0.015625 0.022321428571428572
0 0.6696428571428571 0.05803571428571429 0.05803571428571429 0.024553571428571428
0 0.6227678571428571 0.046875 0.013392857142857142 0.026785714285714284
0 0.6852678571428571 0.08258928571428571 0.03571428571428571 0.017857142857142856
0 0.5647321428571429 0.04241071428571429 0.017857142857142856 0.029017857142857144
0 0.41294642857142855 0.09375 0.029017857142857144 0.015625
0 0.2924107142857143 0.044642857142857144 0.015625 0.020089285714285716
0 0.3861607142857143 0.04241071428571429 0.06473214285714286 0.024553571428571428
0 0.18080357142857142 0.04017857142857143 0.015625 0.026785714285714284
0 0.08705357142857142 0.06919642857142858 0.04017857142857143 0.024553571428571428
0 0.15178571428571427 0.07142857142857142 0.03571428571428571 0.020089285714285716
0 0.22321428571428573 0.044642857142857144 0.015625 0.020089285714285716
0 0.20758928571428573 0.046875 0.015625 0.017857142857142856
0 0.5044642857142857 0.3169642857142857 0.046875 0.026785714285714284
0 0.33035714285714285 0.28794642857142855 0.03794642857142857 0.022321428571428572