0 0.9799107142857143 0.19419642857142858 0.020089285714285716 0.03125
0 0.8571428571428571 0.203125 0.020089285714285716 0.026785714285714284
0 0.7254464285714286 0.17857142857142858 0.022321428571428572 0.022321428571428572
0 0.6183035714285714 0.21205357142857142 0.017857142857142856 0.033482142857142856
0 0.6227678571428571 0.15178571428571427 0.013392857142857142 0.024553571428571428
0 0.515625 0.14955357142857142 0.015625 0.024553571428571428
0 0.45535714285714285 0.21651785714285715 0.029017857142857144 0.015625
0 0.40848214285714285 0.20089285714285715 0.013392857142857142 0.026785714285714284
0 0.38169642857142855 0.21651785714285715 0.03794642857142857 0.017857142857142856
0 0.4375 0.15625 0.017857142857142856 0.022321428571428572
0 0.3705357142857143 0.16294642857142858 0.020089285714285716 0.017857142857142856
0 0.21428571428571427 0.16071428571428573 0.017857142857142856 0.020089285714285716
0 0.14955357142857142 0.16294642857142858 0.017857142857142856 0.020089285714285716
0 0.13616071428571427 0.15848214285714285 0.015625 0.015625
0 0.11160714285714286 0.19196428571428573 0.04241071428571429 0.020089285714285716
0 0.08482142857142858 0.16071428571428573 0.015625 0.026785714285714284
0 0.06696428571428571 0.15401785714285715 0.017857142857142856 0.022321428571428572