0 0.8638392857142857 0.18973214285714285 0.05803571428571429 0.022321428571428572
0 0.7857142857142857 0.16964285714285715 0.022321428571428572 0.024553571428571428
0 0.6964285714285714 0.18973214285714285 0.020089285714285716 0.03571428571428571
0 0.6674107142857143 0.20758928571428573 0.03794642857142857 0.015625
0 0.47098214285714285 0.20089285714285715 0.033482142857142856 0.017857142857142856
0 0.375 0.21875 0.03125 0.015625
0 0.32142857142857145 0.18526785714285715 0.015625 0.029017857142857144
0 0.25223214285714285 0.15848214285714285 0.022321428571428572 0.033482142857142856
0 0.20758928571428573 0.21651785714285715 0.046875 0.017857142857142856
0 0.15625 0.16741071428571427 0.022321428571428572 0.026785714285714284
0 0.008928571428571428 0.15625 0.011160714285714286 0.022321428571428572
0 0.04241071428571429 0.16071428571428573 0.04241071428571429 0.022321428571428572
0 0.21205357142857142 0.14732142857142858 0.04017857142857143 0.024553571428571428