0 0.9888392857142857 0.20089285714285715 0.013392857142857142 0.017857142857142856
0 0.9107142857142857 0.21428571428571427 0.033482142857142856 0.015625
0 0.7678571428571429 0.22098214285714285 0.03125 0.015625
0 0.6674107142857143 0.21875 0.015625 0.013392857142857142
0 0.5245535714285714 0.20982142857142858 0.033482142857142856 0.015625
0 0.4107142857142857 0.16517857142857142 0.015625 0.020089285714285716
0 0.3705357142857143 0.20089285714285715 0.020089285714285716 0.024553571428571428
0 0.20758928571428573 0.18080357142857142 0.011160714285714286 0.020089285714285716
0 0.20535714285714285 0.19642857142857142 0.03571428571428571 0.011160714285714286
0 0.16964285714285715 0.16294642857142858 0.011160714285714286 0.022321428571428572
0 0.109375 0.1875 0.017857142857142856 0.013392857142857142
0 0.08482142857142858 0.16741071428571427 0.011160714285714286 0.022321428571428572
0 0.06696428571428571 0.17857142857142858 0.013392857142857142 0.024553571428571428
0 0.04241071428571429 0.18973214285714285 0.033482142857142856 0.015625