0 0.004464285714285714 0.25892857142857145 0.008928571428571428 0.026785714285714284
0 0.04241071428571429 0.20535714285714285 0.020089285714285716 0.024553571428571428
0 0.29464285714285715 0.19866071428571427 0.05133928571428571 0.013392857142857142
0 0.30357142857142855 0.25 0.03571428571428571 0.020089285714285716
0 0.3794642857142857 0.18303571428571427 0.017857142857142856 0.022321428571428572
0 0.42857142857142855 0.19196428571428573 0.022321428571428572 0.026785714285714284
0 0.6272321428571429 0.20535714285714285 0.020089285714285716 0.022321428571428572
0 0.6986607142857143 0.18973214285714285 0.020089285714285716 0.024553571428571428
0 0.7388392857142857 0.19196428571428573 0.020089285714285716 0.020089285714285716
0 0.7790178571428571 0.17633928571428573 0.015625 0.020089285714285716
0 0.7366071428571429 0.234375 0.026785714285714284 0.015625
0 0.7008928571428571 0.21651785714285715 0.03794642857142857 0.013392857142857142
0 0.8772321428571429 0.22321428571428573 0.022321428571428572 0.013392857142857142
0 0.9866071428571429 0.21428571428571427 0.017857142857142856 0.015625