0 0.03571428571428571 0.6964285714285714 0.015625 0.011160714285714286
0 0.390625 0.8459821428571429 0.008928571428571428 0.015625
0 0.38392857142857145 0.703125 0.020089285714285716 0.013392857142857142
0 0.5290178571428571 0.7075892857142857 0.015625 0.013392857142857142
0 0.5491071428571429 0.6919642857142857 0.013392857142857142 0.013392857142857142
0 0.5691964285714286 0.7477678571428571 0.020089285714285716 0.008928571428571428
0 0.6138392857142857 0.7232142857142857 0.013392857142857142 0.013392857142857142
0 0.8392857142857143 0.7678571428571429 0.011160714285714286 0.017857142857142856
0 0.9196428571428571 0.796875 0.022321428571428572 0.013392857142857142
0 0.9910714285714286 0.8058035714285714 0.011160714285714286 0.013392857142857142
0 0.6741071428571429 0.7790178571428571 0.015625 0.008928571428571428
0 0.8928571428571429 0.7700892857142857 0.015625 0.015625