0 0.008928571428571428 0.8816964285714286 0.017857142857142856 0.017857142857142856
0 0.19419642857142858 0.8392857142857143 0.033482142857142856 0.013392857142857142
0 0.26339285714285715 0.8861607142857143 0.013392857142857142 0.011160714285714286
0 0.024553571428571428 0.8482142857142857 0.013392857142857142 0.015625
0 0.34375 0.7946428571428571 0.011160714285714286 0.015625
0 0.27455357142857145 0.8191964285714286 0.011160714285714286 0.015625
0 0.390625 0.8080357142857143 0.013392857142857142 0.015625
0 0.6450892857142857 0.8303571428571429 0.015625 0.013392857142857142
0 0.640625 0.7700892857142857 0.011160714285714286 0.020089285714285716
0 0.6941964285714286 0.7276785714285714 0.013392857142857142 0.013392857142857142
0 0.7388392857142857 0.7321428571428571 0.015625 0.013392857142857142
0 0.8459821428571429 0.7410714285714286 0.011160714285714286 0.017857142857142856