0 0.27901785714285715 0.9419642857142857 0.020089285714285716 0.017857142857142856
0 0.4955357142857143 0.9107142857142857 0.011160714285714286 0.013392857142857142
0 0.5334821428571429 0.9084821428571429 0.015625 0.008928571428571428
0 0.5178571428571429 0.8571428571428571 0.011160714285714286 0.020089285714285716
0 0.5758928571428571 0.8683035714285714 0.011160714285714286 0.015625
0 0.6674107142857143 0.8683035714285714 0.017857142857142856 0.013392857142857142
0 0.7991071428571429 0.8816964285714286 0.026785714285714284 0.013392857142857142
0 0.8147321428571429 0.8504464285714286 0.011160714285714286 0.013392857142857142
0 0.7633928571428571 0.8303571428571429 0.022321428571428572 0.013392857142857142
0 0.90625 0.8325892857142857 0.011160714285714286 0.015625
0 0.7120535714285714 0.8415178571428571 0.015625 0.013392857142857142