0 0.9464285714285714 0.7098214285714286 0.013392857142857142 0.011160714285714286
0 0.6071428571428571 0.8526785714285714 0.008928571428571428 0.015625
0 0.6138392857142857 0.7165178571428571 0.017857142857142856 0.011160714285714286
0 0.47544642857142855 0.7209821428571429 0.015625 0.013392857142857142
0 0.45535714285714285 0.7053571428571429 0.013392857142857142 0.013392857142857142
0 0.4375 0.7589285714285714 0.020089285714285716 0.008928571428571428
0 0.39285714285714285 0.7366071428571429 0.013392857142857142 0.011160714285714286
0 0.17857142857142858 0.7790178571428571 0.008928571428571428 0.017857142857142856
0 0.10267857142857142 0.8058035714285714 0.022321428571428572 0.013392857142857142
0 0.033482142857142856 0.8147321428571429 0.011160714285714286 0.013392857142857142
0 0.33705357142857145 0.7879464285714286 0.013392857142857142 0.008928571428571428
0 0.12723214285714285 0.78125 0.015625 0.013392857142857142