0 0.08035714285714286 0.8616071428571429 0.017857142857142856 0.013392857142857142
0 0.03125 0.84375 0.022321428571428572 0.008928571428571428
0 0.8549107142857143 0.9821428571428571 0.020089285714285716 0.015625
0 0.7522321428571429 0.8794642857142857 0.015625 0.015625
0 0.7008928571428571 0.9419642857142857 0.024553571428571428 0.013392857142857142
0 0.5558035714285714 0.9241071428571429 0.020089285714285716 0.013392857142857142
0 0.5089285714285714 0.9151785714285714 0.03571428571428571 0.015625
0 0.3125 0.9017857142857143 0.03125 0.013392857142857142
0 0.2767857142857143 0.8660714285714286 0.026785714285714284 0.015625
0 0.43080357142857145 0.8928571428571429 0.013392857142857142 0.015625
0 0.18526785714285715 0.9017857142857143 0.03571428571428571 0.013392857142857142