0 0.015625 0.40848214285714285 0.03125 0.046875
0 0.08258928571428571 0.40401785714285715 0.07142857142857142 0.03125
0 0.05580357142857143 0.31473214285714285 0.020089285714285716 0.022321428571428572
0 0.05803571428571429 0.22544642857142858 0.046875 0.04241071428571429
0 0.14508928571428573 0.30580357142857145 0.03571428571428571 0.026785714285714284
0 0.25223214285714285 0.4174107142857143 0.06473214285714286 0.026785714285714284
0 0.40625 0.38839285714285715 0.09598214285714286 0.029017857142857144
0 0.4330357142857143 0.234375 0.033482142857142856 0.05580357142857143
0 0.5870535714285714 0.3125 0.05133928571428571 0.026785714285714284
0 0.8950892857142857 0.21875 0.03571428571428571 0.03125
0 0.40625 0.4017857142857143 0.08482142857142858 0.020089285714285716