0 0.11160714285714286 0.45982142857142855 0.04017857142857143 0.08258928571428571
0 0.24776785714285715 0.49330357142857145 0.07589285714285714 0.022321428571428572
0 0.24107142857142858 0.43526785714285715 0.022321428571428572 0.033482142857142856
0 0.18080357142857142 0.35267857142857145 0.026785714285714284 0.024553571428571428
0 0.24553571428571427 0.3482142857142857 0.03125 0.04241071428571429
0 0.359375 0.33035714285714285 0.029017857142857144 0.026785714285714284
0 0.42410714285714285 0.33705357142857145 0.029017857142857144 0.026785714285714284
0 0.5446428571428571 0.33035714285714285 0.024553571428571428 0.029017857142857144
0 0.6763392857142857 0.34151785714285715 0.020089285714285716 0.026785714285714284
0 0.7254464285714286 0.40848214285714285 0.03571428571428571 0.022321428571428572
0 0.6875 0.4375 0.022321428571428572 0.026785714285714284
0 0.7008928571428571 0.46205357142857145 0.09375 0.020089285714285716
0 0.828125 0.33035714285714285 0.03571428571428571 0.026785714285714284
0 0.8772321428571429 0.47767857142857145 0.024553571428571428 0.020089285714285716
0 0.47767857142857145 0.34375 0.020089285714285716 0.020089285714285716
0 0.4955357142857143 0.35267857142857145 0.017857142857142856 0.015625