0 0.6473214285714286 0.37276785714285715 0.026785714285714284 0.024553571428571428
0 0.6071428571428571 0.3236607142857143 0.029017857142857144 0.03794642857142857
0 0.7053571428571429 0.37276785714285715 0.020089285714285716 0.020089285714285716
0 0.8102678571428571 0.37723214285714285 0.022321428571428572 0.020089285714285716
0 0.9263392857142857 0.375 0.017857142857142856 0.015625
0 0.9107142857142857 0.5558035714285714 0.033482142857142856 0.022321428571428572
0 0.8616071428571429 0.5491071428571429 0.07366071428571429 0.029017857142857144
0 0.3482142857142857 0.37276785714285715 0.029017857142857144 0.033482142857142856
0 0.38169642857142855 0.35267857142857145 0.024553571428571428 0.022321428571428572
0 0.4486607142857143 0.38392857142857145 0.03794642857142857 0.03571428571428571
0 0.45982142857142855 0.46205357142857145 0.078125 0.026785714285714284
0 0.5334821428571429 0.36830357142857145 0.029017857142857144 0.033482142857142856
0 0.5691964285714286 0.37723214285714285 0.022321428571428572 0.017857142857142856