0 0.15848214285714285 0.49776785714285715 0.026785714285714284 0.04017857142857143
0 0.6651785714285714 0.5446428571428571 0.0625 0.029017857142857144
0 0.8303571428571429 0.515625 0.05803571428571429 0.029017857142857144
0 0.8035714285714286 0.39732142857142855 0.049107142857142856 0.026785714285714284
0 0.625 0.3861607142857143 0.046875 0.022321428571428572
0 0.5982142857142857 0.30580357142857145 0.026785714285714284 0.03794642857142857
0 0.9017857142857143 0.31473214285714285 0.0625 0.029017857142857144
0 0.375 0.38839285714285715 0.078125 0.017857142857142856
0 0.12053571428571429 0.3325892857142857 0.029017857142857144 0.026785714285714284
0 0.296875 0.5089285714285714 0.024553571428571428 0.020089285714285716
0 0.9933035714285714 0.5290178571428571 0.004464285714285714 0.03125
0 0.328125 0.3482142857142857 0.022321428571428572 0.03125