0 0.953125 0.484375 0.07366071428571429 0.026785714285714284
0 0.9017857142857143 0.4888392857142857 0.022321428571428572 0.020089285714285716
0 0.6361607142857143 0.35714285714285715 0.029017857142857144 0.020089285714285716
0 0.5446428571428571 0.38392857142857145 0.03125 0.020089285714285716
0 0.39285714285714285 0.3950892857142857 0.044642857142857144 0.022321428571428572
0 0.27901785714285715 0.38169642857142855 0.04241071428571429 0.024553571428571428
0 0.22544642857142858 0.35044642857142855 0.03125 0.024553571428571428
0 0.23660714285714285 0.4486607142857143 0.044642857142857144 0.024553571428571428
0 0.05357142857142857 0.5066964285714286 0.03125 0.044642857142857144
0 0.05803571428571429 0.43973214285714285 0.08258928571428571 0.026785714285714284
0 0.171875 0.390625 0.078125 0.022321428571428572
0 0.15848214285714285 0.37276785714285715 0.05580357142857143 0.026785714285714284