0 0.5379464285714286 0.47098214285714285 0.05133928571428571 0.06696428571428571
0 0.9575892857142857 0.3169642857142857 0.029017857142857144 0.03125
0 0.8861607142857143 0.43973214285714285 0.026785714285714284 0.020089285714285716
0 0.6785714285714286 0.36830357142857145 0.022321428571428572 0.017857142857142856
0 0.6116071428571429 0.3236607142857143 0.029017857142857144 0.03125
0 0.7366071428571429 0.3236607142857143 0.03125 0.029017857142857144
0 0.6049107142857143 0.35714285714285715 0.03125 0.024553571428571428
0 0.6272321428571429 0.42857142857142855 0.020089285714285716 0.033482142857142856
0 0.30357142857142855 0.4799107142857143 0.04241071428571429 0.024553571428571428
0 0.28794642857142855 0.36160714285714285 0.060267857142857144 0.022321428571428572
0 0.19642857142857142 0.3236607142857143 0.033482142857142856 0.026785714285714284
0 0.12723214285714285 0.35267857142857145 0.022321428571428572 0.020089285714285716
0 0.3705357142857143 0.4888392857142857 0.022321428571428572 0.020089285714285716