0 0.8638392857142857 0.47098214285714285 0.08482142857142858 0.026785714285714284
0 0.828125 0.4107142857142857 0.03125 0.026785714285714284
0 0.7566964285714286 0.49107142857142855 0.03794642857142857 0.05133928571428571
0 0.6986607142857143 0.5200892857142857 0.03794642857142857 0.04241071428571429
0 0.7165178571428571 0.4263392857142857 0.029017857142857144 0.03125
0 0.7410714285714286 0.40625 0.033482142857142856 0.029017857142857144
0 0.6361607142857143 0.33705357142857145 0.04241071428571429 0.033482142857142856
0 0.5602678571428571 0.4486607142857143 0.049107142857142856 0.026785714285714284
0 0.4107142857142857 0.49776785714285715 0.05133928571428571 0.024553571428571428
0 0.40401785714285715 0.46651785714285715 0.03571428571428571 0.024553571428571428
0 0.37276785714285715 0.359375 0.026785714285714284 0.026785714285714284
0 0.4107142857142857 0.33482142857142855 0.026785714285714284 0.03125
0 0.4732142857142857 0.31026785714285715 0.026785714285714284 0.022321428571428572
0 0.13616071428571427 0.5178571428571429 0.06473214285714286 0.029017857142857144
0 0.15178571428571427 0.3549107142857143 0.03794642857142857 0.024553571428571428
0 0.2544642857142857 0.30580357142857145 0.04017857142857143 0.020089285714285716
0 0.19419642857142858 0.32142857142857145 0.03125 0.026785714285714284