0 0.6897321428571429 0.39285714285714285 0.03125 0.029017857142857144
0 0.6428571428571429 0.33705357142857145 0.03571428571428571 0.044642857142857144
0 0.7589285714285714 0.3950892857142857 0.024553571428571428 0.022321428571428572
0 0.8839285714285714 0.39955357142857145 0.026785714285714284 0.024553571428571428
0 0.9910714285714286 0.6116071428571429 0.011160714285714286 0.026785714285714284
0 0.9441964285714286 0.6049107142857143 0.08705357142857142 0.03571428571428571
0 0.33482142857142855 0.3950892857142857 0.033482142857142856 0.04017857142857143
0 0.375 0.3705357142857143 0.029017857142857144 0.026785714285714284
0 0.45535714285714285 0.40625 0.046875 0.04241071428571429
0 0.46651785714285715 0.5 0.09151785714285714 0.03125
0 0.5535714285714286 0.38839285714285715 0.033482142857142856 0.04017857142857143
0 0.5959821428571429 0.39955357142857145 0.026785714285714284 0.020089285714285716