0 0.3950892857142857 0.38839285714285715 0.033482142857142856 0.03125
0 0.36830357142857145 0.29910714285714285 0.03571428571428571 0.026785714285714284
0 0.42410714285714285 0.30357142857142855 0.033482142857142856 0.026785714285714284
0 0.20758928571428573 0.296875 0.046875 0.029017857142857144
0 0.12276785714285714 0.43526785714285715 0.033482142857142856 0.024553571428571428
0 0.24553571428571427 0.44419642857142855 0.049107142857142856 0.03125
0 0.19196428571428573 0.421875 0.06473214285714286 0.024553571428571428
0 0.10714285714285714 0.27901785714285715 0.04017857142857143 0.046875
0 0.015625 0.28794642857142855 0.03125 0.033482142857142856
0 0.375 0.23660714285714285 0.04241071428571429 0.033482142857142856
0 0.9107142857142857 0.234375 0.03571428571428571 0.03571428571428571
0 0.9709821428571429 0.19196428571428573 0.04241071428571429 0.033482142857142856
0 0.39732142857142855 0.10491071428571429 0.044642857142857144 0.03571428571428571