0 0.9441964285714286 0.41294642857142855 0.029017857142857144 0.022321428571428572
0 0.8058035714285714 0.2857142857142857 0.03794642857142857 0.04241071428571429
0 0.8549107142857143 0.29017857142857145 0.024553571428571428 0.029017857142857144
0 0.625 0.2924107142857143 0.024553571428571428 0.026785714285714284
0 0.5580357142857143 0.4375 0.033482142857142856 0.044642857142857144
0 0.7254464285714286 0.41964285714285715 0.044642857142857144 0.024553571428571428
0 0.9017857142857143 0.3013392857142857 0.029017857142857144 0.022321428571428572
0 0.375 0.4174107142857143 0.026785714285714284 0.03794642857142857
0 0.29910714285714285 0.44419642857142855 0.060267857142857144 0.03125
0 0.11830357142857142 0.4174107142857143 0.03125 0.044642857142857144
0 0.06696428571428571 0.3169642857142857 0.017857142857142856 0.020089285714285716