0 0.020089285714285716 0.5111607142857143 0.033482142857142856 0.08705357142857142
0 0.9642857142857143 0.453125 0.0625 0.07589285714285714
0 0.828125 0.5178571428571429 0.044642857142857144 0.026785714285714284
0 0.7165178571428571 0.5290178571428571 0.044642857142857144 0.026785714285714284
0 0.71875 0.3392857142857143 0.026785714285714284 0.03794642857142857
0 0.46205357142857145 0.38169642857142855 0.022321428571428572 0.022321428571428572
0 0.4330357142857143 0.3482142857142857 0.020089285714285716 0.026785714285714284
0 0.26785714285714285 0.34151785714285715 0.024553571428571428 0.03571428571428571
0 0.15848214285714285 0.34151785714285715 0.029017857142857144 0.026785714285714284
0 0.11607142857142858 0.39732142857142855 0.024553571428571428 0.022321428571428572
0 0.03125 0.3794642857142857 0.024553571428571428 0.026785714285714284