0 0.18080357142857142 0.4888392857142857 0.08258928571428571 0.024553571428571428
0 0.21651785714285715 0.43080357142857145 0.029017857142857144 0.026785714285714284
0 0.2857142857142857 0.5089285714285714 0.03571428571428571 0.049107142857142856
0 0.34151785714285715 0.5379464285714286 0.03794642857142857 0.04017857142857143
0 0.32142857142857145 0.44642857142857145 0.029017857142857144 0.03125
0 0.3013392857142857 0.42857142857142855 0.033482142857142856 0.026785714285714284
0 0.39955357142857145 0.36160714285714285 0.04017857142857143 0.03125
0 0.4732142857142857 0.46875 0.046875 0.024553571428571428
0 0.6183035714285714 0.515625 0.049107142857142856 0.022321428571428572
0 0.6227678571428571 0.484375 0.033482142857142856 0.024553571428571428
0 0.6540178571428571 0.38169642857142855 0.024553571428571428 0.024553571428571428
0 0.6160714285714286 0.35714285714285715 0.026785714285714284 0.03125
0 0.5580357142857143 0.33482142857142855 0.024553571428571428 0.020089285714285716
0 0.8794642857142857 0.5357142857142857 0.0625 0.029017857142857144
0 0.8638392857142857 0.37723214285714285 0.03571428571428571 0.024553571428571428
0 0.765625 0.33035714285714285 0.03794642857142857 0.017857142857142856
0 0.8236607142857143 0.34598214285714285 0.03125 0.026785714285714284