0 0.515625 0.13839285714285715 0.020089285714285716 0.017857142857142856
0 0.453125 0.14955357142857142 0.020089285714285716 0.020089285714285716
0 0.43973214285714285 0.109375 0.017857142857142856 0.015625
0 0.38169642857142855 0.14285714285714285 0.022321428571428572 0.017857142857142856
0 0.33035714285714285 0.125 0.024553571428571428 0.020089285714285716
0 0.3794642857142857 0.11607142857142858 0.020089285714285716 0.015625
0 0.15401785714285715 0.125 0.022321428571428572 0.017857142857142856
0 0.6919642857142857 0.140625 0.020089285714285716 0.020089285714285716
0 0.5848214285714286 0.14285714285714285 0.017857142857142856 0.017857142857142856
0 0.5513392857142857 0.11383928571428571 0.020089285714285716 0.020089285714285716
0 0.6160714285714286 0.12053571428571429 0.026785714285714284 0.017857142857142856