0 0.6607142857142857 0.08035714285714286 0.022321428571428572 0.017857142857142856
0 0.703125 0.17633928571428573 0.05580357142857143 0.020089285714285716
0 0.6383928571428571 0.17410714285714285 0.046875 0.017857142857142856
0 0.6004464285714286 0.19642857142857142 0.024553571428571428 0.020089285714285716
0 0.546875 0.23660714285714285 0.03571428571428571 0.020089285714285716
0 0.49330357142857145 0.11607142857142858 0.020089285714285716 0.022321428571428572
0 0.28348214285714285 0.21651785714285715 0.029017857142857144 0.020089285714285716
0 0.14955357142857142 0.24553571428571427 0.029017857142857144 0.020089285714285716
0 0.25223214285714285 0.12946428571428573 0.026785714285714284 0.022321428571428572
0 0.18973214285714285 0.11160714285714286 0.022321428571428572 0.020089285714285716
0 0.109375 0.13392857142857142 0.015625 0.020089285714285716
0 0.09375 0.11383928571428571 0.024553571428571428 0.024553571428571428
0 0.07366071428571429 0.09598214285714286 0.024553571428571428 0.020089285714285716
0 0.03794642857142857 0.125 0.026785714285714284 0.017857142857142856