0 0.16741071428571427 0.14732142857142858 0.022321428571428572 0.029017857142857144
0 0.25669642857142855 0.12053571428571429 0.03794642857142857 0.017857142857142856
0 0.2700892857142857 0.09151785714285714 0.029017857142857144 0.026785714285714284
0 0.37276785714285715 0.17857142857142858 0.026785714285714284 0.024553571428571428
0 0.5089285714285714 0.1875 0.022321428571428572 0.017857142857142856
0 0.5223214285714286 0.20982142857142858 0.03125 0.017857142857142856
0 0.5245535714285714 0.16964285714285715 0.04017857142857143 0.026785714285714284
0 0.5803571428571429 0.13616071428571427 0.03571428571428571 0.017857142857142856
0 0.546875 0.3236607142857143 0.03125 0.03125
0 0.7790178571428571 0.109375 0.05133928571428571 0.024553571428571428
0 0.8571428571428571 0.13616071428571427 0.03125 0.024553571428571428
0 0.8526785714285714 0.18526785714285715 0.033482142857142856 0.017857142857142856
0 0.9866071428571429 0.14732142857142858 0.017857142857142856 0.026785714285714284
0 0.7410714285714286 0.10044642857142858 0.017857142857142856 0.017857142857142856