0 0.6852678571428571 0.11383928571428571 0.020089285714285716 0.022321428571428572
0 0.65625 0.08705357142857142 0.03571428571428571 0.024553571428571428
0 0.6160714285714286 0.17410714285714285 0.033482142857142856 0.022321428571428572
0 0.5625 0.14285714285714285 0.04017857142857143 0.022321428571428572
0 0.4955357142857143 0.140625 0.046875 0.026785714285714284
0 0.3950892857142857 0.09375 0.03571428571428571 0.020089285714285716
0 0.38392857142857145 0.12276785714285714 0.03125 0.03125
0 0.3169642857142857 0.15848214285714285 0.033482142857142856 0.029017857142857144
0 0.30580357142857145 0.12946428571428573 0.03125 0.022321428571428572
0 0.23660714285714285 0.08482142857142858 0.03571428571428571 0.024553571428571428
0 0.22098214285714285 0.15178571428571427 0.03571428571428571 0.026785714285714284
0 0.09598214285714286 0.17410714285714285 0.03125 0.03125
0 0.06696428571428571 0.109375 0.03125 0.029017857142857144