0 0.8125 0.2544642857142857 0.029017857142857144 0.029017857142857144
0 0.65625 0.12946428571428573 0.022321428571428572 0.022321428571428572
0 0.5424107142857143 0.20089285714285715 0.024553571428571428 0.024553571428571428
0 0.5089285714285714 0.22321428571428573 0.022321428571428572 0.026785714285714284
0 0.4888392857142857 0.22098214285714285 0.020089285714285716 0.022321428571428572
0 0.421875 0.109375 0.033482142857142856 0.017857142857142856
0 0.33482142857142855 0.12946428571428573 0.029017857142857144 0.022321428571428572
0 0.34598214285714285 0.16741071428571427 0.029017857142857144 0.022321428571428572
0 0.31026785714285715 0.18303571428571427 0.020089285714285716 0.029017857142857144
0 0.27901785714285715 0.18303571428571427 0.026785714285714284 0.022321428571428572
0 0.6540178571428571 0.11160714285714286 0.0625 0.013392857142857142
0 0.39285714285714285 0.23214285714285715 0.024553571428571428 0.017857142857142856
0 0.42857142857142855 0.12946428571428573 0.03571428571428571 0.017857142857142856
0 0.17633928571428573 0.13392857142857142 0.029017857142857144 0.024553571428571428
0 0.12946428571428573 0.16964285714285715 0.029017857142857144 0.022321428571428572
0 0.060267857142857144 0.20089285714285715 0.024553571428571428 0.024553571428571428
0 0.013392857142857142 0.16741071428571427 0.026785714285714284 0.024553571428571428
0 0.013392857142857142 0.16741071428571427 0.026785714285714284 0.024553571428571428