0 0.06473214285714286 0.140625 0.020089285714285716 0.022321428571428572
0 0.21875 0.11160714285714286 0.026785714285714284 0.022321428571428572
0 0.20089285714285715 0.19866071428571427 0.022321428571428572 0.026785714285714284
0 0.24107142857142858 0.15848214285714285 0.024553571428571428 0.024553571428571428
0 0.27901785714285715 0.12946428571428573 0.024553571428571428 0.020089285714285716
0 0.3705357142857143 0.109375 0.026785714285714284 0.022321428571428572
0 0.375 0.203125 0.04017857142857143 0.022321428571428572
0 0.47767857142857145 0.18080357142857142 0.022321428571428572 0.022321428571428572
0 0.28794642857142855 0.16964285714285715 0.026785714285714284 0.033482142857142856
0 0.8794642857142857 0.109375 0.029017857142857144 0.020089285714285716
0 0.9419642857142857 0.09821428571428571 0.020089285714285716 0.020089285714285716