0 0.8638392857142857 0.140625 0.03571428571428571 0.017857142857142856
0 0.75 0.17633928571428573 0.022321428571428572 0.020089285714285716
0 0.6763392857142857 0.08928571428571429 0.029017857142857144 0.026785714285714284
0 0.6607142857142857 0.18080357142857142 0.022321428571428572 0.020089285714285716
0 0.5848214285714286 0.26339285714285715 0.026785714285714284 0.017857142857142856
0 0.5357142857142857 0.18303571428571427 0.033482142857142856 0.024553571428571428
0 0.5022321428571429 0.16294642857142858 0.029017857142857144 0.024553571428571428
0 0.5089285714285714 0.140625 0.017857142857142856 0.017857142857142856
0 0.43973214285714285 0.140625 0.022321428571428572 0.015625
0 0.4107142857142857 0.11607142857142858 0.026785714285714284 0.022321428571428572
0 0.35044642857142855 0.140625 0.022321428571428572 0.026785714285714284
0 0.42410714285714285 0.19642857142857142 0.026785714285714284 0.026785714285714284
0 0.17857142857142858 0.1875 0.03571428571428571 0.024553571428571428