0 0.8303571428571429 0.024553571428571428 0.026785714285714284 0.022321428571428572
0 0.7745535714285714 0.017857142857142856 0.03794642857142857 0.022321428571428572
0 0.7589285714285714 0.15848214285714285 0.03571428571428571 0.022321428571428572
0 0.5401785714285714 0.004464285714285714 0.03571428571428571 0.006696428571428571
0 0.49776785714285715 0.020089285714285716 0.024553571428571428 0.017857142857142856
0 0.49107142857142855 0.04017857142857143 0.03125 0.024553571428571428
0 0.4375 0.11607142857142858 0.04017857142857143 0.022321428571428572
0 0.45089285714285715 0.06696428571428571 0.03125 0.020089285714285716
0 0.33035714285714285 0.078125 0.026785714285714284 0.033482142857142856
0 0.328125 0.03571428571428571 0.022321428571428572 0.022321428571428572
0 0.24330357142857142 0.07366071428571429 0.04017857142857143 0.033482142857142856
0 0.13169642857142858 0.020089285714285716 0.029017857142857144 0.024553571428571428