0 0.8214285714285714 0.18973214285714285 0.03125 0.013392857142857142
0 0.7544642857142857 0.15401785714285715 0.029017857142857144 0.022321428571428572
0 0.71875 0.044642857142857144 0.026785714285714284 0.026785714285714284
0 0.6160714285714286 0.06473214285714286 0.024553571428571428 0.024553571428571428
0 0.5647321428571429 0.2924107142857143 0.03794642857142857 0.020089285714285716
0 0.390625 0.12946428571428573 0.024553571428571428 0.022321428571428572
0 0.234375 0.06696428571428571 0.026785714285714284 0.015625
0 0.203125 0.16294642857142858 0.06473214285714286 0.020089285714285716
0 0.109375 0.18526785714285715 0.022321428571428572 0.024553571428571428
0 0.05580357142857143 0.19866071428571427 0.05803571428571429 0.022321428571428572
0 0.06919642857142858 0.07589285714285714 0.03571428571428571 0.020089285714285716