0 0.84375 0.10267857142857142 0.022321428571428572 0.017857142857142856
0 0.8883928571428571 0.21651785714285715 0.026785714285714284 0.017857142857142856
0 0.8169642857142857 0.21875 0.03125 0.020089285714285716
0 0.7879464285714286 0.2611607142857143 0.03125 0.024553571428571428
0 0.6964285714285714 0.23214285714285715 0.033482142857142856 0.029017857142857144
0 0.6339285714285714 0.2700892857142857 0.03125 0.020089285714285716
0 0.7008928571428571 0.11160714285714286 0.026785714285714284 0.017857142857142856
0 0.6049107142857143 0.11607142857142858 0.03125 0.022321428571428572
0 0.5691964285714286 0.16071428571428573 0.024553571428571428 0.017857142857142856
0 0.5513392857142857 0.12723214285714285 0.020089285714285716 0.017857142857142856
0 0.49776785714285715 0.21428571428571427 0.03571428571428571 0.022321428571428572
0 0.39955357142857145 0.24553571428571427 0.044642857142857144 0.022321428571428572
0 0.3169642857142857 0.23883928571428573 0.029017857142857144 0.022321428571428572
0 0.28348214285714285 0.23883928571428573 0.020089285714285716 0.022321428571428572
0 0.21428571428571427 0.15401785714285715 0.026785714285714284 0.024553571428571428
0 0.18080357142857142 0.18973214285714285 0.049107142857142856 0.024553571428571428
0 0.15848214285714285 0.24330357142857142 0.033482142857142856 0.026785714285714284
0 0.046875 0.2611607142857143 0.04017857142857143 0.020089285714285716