0 0.8035714285714286 0.14508928571428573 0.024553571428571428 0.03125
0 0.7075892857142857 0.11383928571428571 0.04017857142857143 0.020089285714285716
0 0.6919642857142857 0.08258928571428571 0.03125 0.029017857142857144
0 0.5848214285714286 0.17633928571428573 0.029017857142857144 0.026785714285714284
0 0.43973214285714285 0.1875 0.024553571428571428 0.017857142857142856
0 0.42410714285714285 0.20982142857142858 0.033482142857142856 0.017857142857142856
0 0.41964285714285715 0.16741071428571427 0.04241071428571429 0.029017857142857144
0 0.3638392857142857 0.13169642857142858 0.03794642857142857 0.020089285714285716
0 0.39732142857142855 0.3325892857142857 0.033482142857142856 0.033482142857142856
0 0.14955357142857142 0.10267857142857142 0.05357142857142857 0.026785714285714284
0 0.06473214285714286 0.13169642857142858 0.033482142857142856 0.026785714285714284
0 0.06919642857142858 0.18303571428571427 0.03571428571428571 0.020089285714285716
0 0.18973214285714285 0.09375 0.020089285714285716 0.020089285714285716