0 0.017857142857142856 0.08705357142857142 0.024553571428571428 0.020089285714285716
0 0.22098214285714285 0.07142857142857142 0.022321428571428572 0.024553571428571428
0 0.07589285714285714 0.09375 0.033482142857142856 0.022321428571428572
0 0.3325892857142857 0.17633928571428573 0.022321428571428572 0.022321428571428572
0 0.4732142857142857 0.12276785714285714 0.017857142857142856 0.024553571428571428
0 0.6138392857142857 0.18303571428571427 0.04241071428571429 0.020089285714285716
0 0.6629464285714286 0.14508928571428573 0.03125 0.029017857142857144
0 0.6696428571428571 0.10714285714285714 0.026785714285714284 0.022321428571428572
0 0.7008928571428571 0.09375 0.024553571428571428 0.022321428571428572
0 0.7633928571428571 0.13169642857142858 0.024553571428571428 0.020089285714285716
0 0.8571428571428571 0.17410714285714285 0.024553571428571428 0.026785714285714284
0 0.8638392857142857 0.13392857142857142 0.03125 0.022321428571428572
0 0.9107142857142857 0.15625 0.026785714285714284 0.024553571428571428
0 0.9776785714285714 0.14285714285714285 0.03125 0.024553571428571428
0 0.9665178571428571 0.11607142857142858 0.033482142857142856 0.024553571428571428