0 0.9441964285714286 0.2700892857142857 0.03571428571428571 0.024553571428571428
0 0.8839285714285714 0.13839285714285715 0.026785714285714284 0.024553571428571428
0 0.8392857142857143 0.20535714285714285 0.020089285714285716 0.024553571428571428
0 0.7924107142857143 0.20535714285714285 0.029017857142857144 0.024553571428571428
0 0.7522321428571429 0.20758928571428573 0.03571428571428571 0.020089285714285716
0 0.7276785714285714 0.21651785714285715 0.020089285714285716 0.020089285714285716
0 0.6651785714285714 0.19419642857142858 0.020089285714285716 0.017857142857142856
0 0.5446428571428571 0.19419642857142858 0.03571428571428571 0.020089285714285716
0 0.49330357142857145 0.22321428571428573 0.024553571428571428 0.026785714285714284
0 0.47098214285714285 0.16071428571428573 0.024553571428571428 0.024553571428571428
0 0.31919642857142855 0.20535714285714285 0.020089285714285716 0.024553571428571428
0 0.41964285714285715 0.15848214285714285 0.026785714285714284 0.020089285714285716
0 0.43080357142857145 0.19196428571428573 0.03125 0.017857142857142856
0 0.34598214285714285 0.19866071428571427 0.033482142857142856 0.017857142857142856