0 0.12053571428571429 0.18973214285714285 0.044642857142857144 0.046875
0 0.37276785714285715 0.28794642857142855 0.044642857142857144 0.029017857142857144
0 0.578125 0.21428571428571427 0.05133928571428571 0.03571428571428571
0 0.5892857142857143 0.26785714285714285 0.03125 0.026785714285714284
0 0.38839285714285715 0.18303571428571427 0.029017857142857144 0.026785714285714284
0 0.7299107142857143 0.2924107142857143 0.03125 0.03794642857142857
0 0.796875 0.25223214285714285 0.03794642857142857 0.03571428571428571
0 0.859375 0.18303571428571427 0.044642857142857144 0.026785714285714284
0 0.8214285714285714 0.203125 0.03571428571428571 0.022321428571428572
0 0.7611607142857143 0.18526785714285715 0.04017857142857143 0.024553571428571428
0 0.7544642857142857 0.22321428571428573 0.03125 0.024553571428571428
0 0.65625 0.17410714285714285 0.026785714285714284 0.026785714285714284