0 0.38392857142857145 0.140625 0.033482142857142856 0.020089285714285716
0 0.43526785714285715 0.16294642857142858 0.026785714285714284 0.017857142857142856
0 0.48660714285714285 0.22321428571428573 0.026785714285714284 0.022321428571428572
0 0.5982142857142857 0.265625 0.033482142857142856 0.024553571428571428
0 0.9866071428571429 0.26785714285714285 0.017857142857142856 0.03571428571428571
0 0.765625 0.171875 0.026785714285714284 0.020089285714285716
0 0.7589285714285714 0.11160714285714286 0.024553571428571428 0.017857142857142856
0 0.6450892857142857 0.14955357142857142 0.03125 0.015625
0 0.6741071428571429 0.15625 0.022321428571428572 0.022321428571428572
0 0.7165178571428571 0.18526785714285715 0.022321428571428572 0.013392857142857142
0 0.6383928571428571 0.17857142857142858 0.03571428571428571 0.015625
0 0.5870535714285714 0.20089285714285715 0.024553571428571428 0.017857142857142856
0 0.9598214285714286 0.26785714285714285 0.04017857142857143 0.022321428571428572
0 0.6116071428571429 0.16741071428571427 0.05803571428571429 0.015625