0 0.002232142857142857 0.15848214285714285 0 0.033482142857142856
0 0.11160714285714286 0.15178571428571427 0.026785714285714284 0.029017857142857144
0 0.5491071428571429 0.359375 0.026785714285714284 0.024553571428571428
0 0.5379464285714286 0.265625 0.03125 0.017857142857142856
0 0.5111607142857143 0.18303571428571427 0.029017857142857144 0.015625
0 0.6540178571428571 0.19419642857142858 0.033482142857142856 0.020089285714285716
0 0.6138392857142857 0.15401785714285715 0.020089285714285716 0.017857142857142856
0 0.7232142857142857 0.15625 0.04017857142857143 0.020089285714285716
0 0.7299107142857143 0.12053571428571429 0.020089285714285716 0.015625
0 0.8080357142857143 0.13392857142857142 0.029017857142857144 0.022321428571428572
0 0.8370535714285714 0.18080357142857142 0.033482142857142856 0.017857142857142856
0 0.796875 0.20535714285714285 0.033482142857142856 0.017857142857142856
0 0.71875 0.18303571428571427 0.03125 0.015625
0 0.7053571428571429 0.12053571428571429 0.022321428571428572 0.015625
0 0.26785714285714285 0.11830357142857142 0.020089285714285716 0.017857142857142856
0 0.484375 0.17857142857142858 0.017857142857142856 0.015625