0 0.09375 0.12723214285714285 0.03571428571428571 0.026785714285714284
0 0.27455357142857145 0.14508928571428573 0.03794642857142857 0.03125
0 0.25223214285714285 0.234375 0.03571428571428571 0.022321428571428572
0 0.41294642857142855 0.10267857142857142 0.04017857142857143 0.022321428571428572
0 0.43526785714285715 0.17857142857142858 0.033482142857142856 0.022321428571428572
0 0.49107142857142855 0.13839285714285715 0.03794642857142857 0.024553571428571428
0 0.7924107142857143 0.15625 0.03794642857142857 0.03125
0 0.8258928571428571 0.203125 0.03571428571428571 0.03571428571428571
0 0.8526785714285714 0.16071428571428573 0.022321428571428572 0.026785714285714284
0 0.9508928571428571 0.18080357142857142 0.033482142857142856 0.03125
0 0.9888392857142857 0.203125 0.013392857142857142 0.03125
0 0.9598214285714286 0.13392857142857142 0.03571428571428571 0.022321428571428572