0 0.07142857142857142 0.171875 0.044642857142857144 0.017857142857142856
0 0.11607142857142858 0.16517857142857142 0.024553571428571428 0.024553571428571428
0 0.11607142857142858 0.12053571428571429 0.04017857142857143 0.017857142857142856
0 0.18973214285714285 0.25 0.03125 0.020089285714285716
0 0.3236607142857143 0.20982142857142858 0.04017857142857143 0.024553571428571428
0 0.32142857142857145 0.14508928571428573 0.022321428571428572 0.026785714285714284
0 0.48214285714285715 0.13169642857142858 0.029017857142857144 0.022321428571428572
0 0.5223214285714286 0.14285714285714285 0.03125 0.022321428571428572
0 0.6316964285714286 0.16071428571428573 0.029017857142857144 0.024553571428571428
0 0.6294642857142857 0.19642857142857142 0.026785714285714284 0.017857142857142856
0 0.7589285714285714 0.14285714285714285 0.029017857142857144 0.022321428571428572
0 0.9553571428571429 0.14508928571428573 0.03571428571428571 0.029017857142857144
0 0.9776785714285714 0.11383928571428571 0.029017857142857144 0.020089285714285716