0 0.9642857142857143 0.13169642857142858 0.049107142857142856 0.026785714285714284
0 0.8839285714285714 0.14955357142857142 0.044642857142857144 0.022321428571428572
0 0.734375 0.171875 0.026785714285714284 0.022321428571428572
0 0.7053571428571429 0.10044642857142858 0.029017857142857144 0.020089285714285716
0 0.6629464285714286 0.140625 0.026785714285714284 0.022321428571428572
0 0.7522321428571429 0.12276785714285714 0.04241071428571429 0.022321428571428572
0 0.42410714285714285 0.04017857142857143 0.024553571428571428 0.026785714285714284
0 0.35044642857142855 0.05803571428571429 0.026785714285714284 0.022321428571428572
0 0.35044642857142855 0.09821428571428571 0.026785714285714284 0.020089285714285716
0 0.37723214285714285 0.14285714285714285 0.03125 0.026785714285714284
0 0.4799107142857143 0.16294642857142858 0.04017857142857143 0.03125
0 0.46875 0.08258928571428571 0.033482142857142856 0.022321428571428572