0 0.796875 0.10491071428571429 0.020089285714285716 0.020089285714285716
0 0.5446428571428571 0.09821428571428571 0.020089285714285716 0.017857142857142856
0 0.43973214285714285 0.17410714285714285 0.026785714285714284 0.026785714285714284
0 0.4107142857142857 0.265625 0.029017857142857144 0.015625
0 0.4799107142857143 0.29464285714285715 0.026785714285714284 0.020089285714285716
0 0.49330357142857145 0.22321428571428573 0.05803571428571429 0.017857142857142856
0 0.20758928571428573 0.17633928571428573 0.022321428571428572 0.017857142857142856
0 0.08705357142857142 0.18973214285714285 0.017857142857142856 0.017857142857142856
0 0.0625 0.22321428571428573 0.022321428571428572 0.024553571428571428
0 0.03571428571428571 0.17857142857142858 0.03125 0.022321428571428572
0 0.23214285714285715 0.13839285714285715 0.017857142857142856 0.024553571428571428