0 0.9776785714285714 0.08928571428571429 0.03125 0.022321428571428572
0 0.8727678571428571 0.09151785714285714 0.017857142857142856 0.015625
0 0.6584821428571429 0.14732142857142858 0.060267857142857144 0.022321428571428572
0 0.5714285714285714 0.265625 0.033482142857142856 0.022321428571428572
0 0.45089285714285715 0.10714285714285714 0.024553571428571428 0.020089285714285716
0 0.38169642857142855 0.12053571428571429 0.029017857142857144 0.017857142857142856
0 0.3482142857142857 0.140625 0.03571428571428571 0.033482142857142856
0 0.16294642857142858 0.24330357142857142 0.022321428571428572 0.024553571428571428
0 0.11160714285714286 0.25 0.022321428571428572 0.020089285714285716
0 0.03794642857142857 0.25223214285714285 0.033482142857142856 0.022321428571428572
0 0.19196428571428573 0.203125 0.04017857142857143 0.020089285714285716
0 0.14285714285714285 0.20758928571428573 0.04017857142857143 0.020089285714285716