0 0.19642857142857142 0.20535714285714285 0.03125 0.03125
0 0.10491071428571429 0.5022321428571429 0.024553571428571428 0.020089285714285716
0 0.1875 0.03125 0.03571428571428571 0.020089285714285716
0 0.24553571428571427 0.04017857142857143 0.024553571428571428 0.020089285714285716
0 0.32142857142857145 0.049107142857142856 0.026785714285714284 0.022321428571428572
0 0.40848214285714285 0.08482142857142858 0.029017857142857144 0.024553571428571428
0 0.43973214285714285 0.029017857142857144 0.03125 0.022321428571428572
0 0.515625 0.03794642857142857 0.03571428571428571 0.024553571428571428
0 0.5022321428571429 0.06919642857142858 0.046875 0.024553571428571428
0 0.7433035714285714 0.05357142857142857 0.04017857142857143 0.026785714285714284
0 0.7232142857142857 0.11830357142857142 0.026785714285714284 0.024553571428571428
0 0.8705357142857143 0.15178571428571427 0.03125 0.03125
0 0.7254464285714286 0.2700892857142857 0.03125 0.022321428571428572
0 0.9263392857142857 0.14955357142857142 0.024553571428571428 0.029017857142857144
0 0.9888392857142857 0.14732142857142858 0.013392857142857142 0.026785714285714284