0 0.2767857142857143 0.05580357142857143 0.029017857142857144 0.024553571428571428
0 0.4732142857142857 0.109375 0.024553571428571428 0.026785714285714284
0 0.5736607142857143 0.09821428571428571 0.024553571428571428 0.024553571428571428
0 0.421875 0.11830357142857142 0.026785714285714284 0.022321428571428572
0 0.7522321428571429 0.05803571428571429 0.026785714285714284 0.026785714285714284
0 0.7723214285714286 0.13616071428571427 0.03125 0.026785714285714284
0 0.8482142857142857 0.13616071428571427 0.024553571428571428 0.022321428571428572
0 0.90625 0.14732142857142858 0.029017857142857144 0.022321428571428572
0 0.5223214285714286 0.09821428571428571 0.024553571428571428 0.022321428571428572
0 0.5357142857142857 0.07366071428571429 0.024553571428571428 0.024553571428571428
0 0.39285714285714285 0.125 0.033482142857142856 0.020089285714285716