0 0.12946428571428573 0.25669642857142855 0.04241071428571429 0.029017857142857144
0 0.029017857142857144 0.38392857142857145 0.044642857142857144 0.022321428571428572
0 0.19196428571428573 0.11383928571428571 0.026785714285714284 0.020089285714285716
0 0.4107142857142857 0.11383928571428571 0.03571428571428571 0.03125
0 0.5223214285714286 0.234375 0.04241071428571429 0.024553571428571428
0 0.515625 0.12946428571428573 0.03125 0.022321428571428572
0 0.6116071428571429 0.15848214285714285 0.03125 0.024553571428571428
0 0.6428571428571429 0.12723214285714285 0.033482142857142856 0.024553571428571428
0 0.8816964285714286 0.17633928571428573 0.03125 0.026785714285714284
0 0.8325892857142857 0.18526785714285715 0.024553571428571428 0.020089285714285716
0 0.8683035714285714 0.21205357142857142 0.04241071428571429 0.022321428571428572
0 0.8660714285714286 0.25 0.060267857142857144 0.024553571428571428
0 0.9553571428571429 0.2611607142857143 0.03125 0.033482142857142856