0 0.006696428571428571 0.13839285714285715 0.006696428571428571 0.022321428571428572
0 0.19196428571428573 0.12276785714285714 0.022321428571428572 0.024553571428571428
0 0.05357142857142857 0.14285714285714285 0.03125 0.020089285714285716
0 0.3013392857142857 0.22321428571428573 0.022321428571428572 0.020089285714285716
0 0.4375 0.171875 0.017857142857142856 0.024553571428571428
0 0.5736607142857143 0.22991071428571427 0.04017857142857143 0.020089285714285716
0 0.6227678571428571 0.19419642857142858 0.029017857142857144 0.029017857142857144
0 0.6272321428571429 0.15848214285714285 0.024553571428571428 0.022321428571428572
0 0.6584821428571429 0.14508928571428573 0.024553571428571428 0.022321428571428572
0 0.71875 0.18080357142857142 0.022321428571428572 0.020089285714285716
0 0.8080357142857143 0.22321428571428573 0.024553571428571428 0.024553571428571428
0 0.8147321428571429 0.18303571428571427 0.029017857142857144 0.020089285714285716
0 0.859375 0.20535714285714285 0.026785714285714284 0.024553571428571428
0 0.9263392857142857 0.19196428571428573 0.029017857142857144 0.024553571428571428
0 0.9129464285714286 0.16517857142857142 0.033482142857142856 0.024553571428571428