0 0.05803571428571429 0.19642857142857142 0.03125 0.024553571428571428
0 0.24553571428571427 0.20758928571428573 0.024553571428571428 0.020089285714285716
0 0.29910714285714285 0.18080357142857142 0.026785714285714284 0.017857142857142856
0 0.265625 0.14285714285714285 0.024553571428571428 0.022321428571428572
0 0.23214285714285715 0.12276785714285714 0.026785714285714284 0.020089285714285716
0 0.16294642857142858 0.08705357142857142 0.015625 0.015625
0 0.40625 0.17633928571428573 0.020089285714285716 0.020089285714285716
0 0.4419642857142857 0.17633928571428573 0.029017857142857144 0.022321428571428572
0 0.5602678571428571 0.13839285714285715 0.033482142857142856 0.020089285714285716
0 0.5044642857142857 0.13169642857142858 0.022321428571428572 0.017857142857142856
0 0.46651785714285715 0.10491071428571429 0.03125 0.020089285714285716
0 0.41517857142857145 0.11830357142857142 0.029017857142857144 0.024553571428571428
0 0.34375 0.09821428571428571 0.029017857142857144 0.03125
0 0.3861607142857143 0.13616071428571427 0.022321428571428572 0.020089285714285716