0 0.8683035714285714 0.2924107142857143 0.029017857142857144 0.029017857142857144
0 0.9553571428571429 0.5758928571428571 0.024553571428571428 0.020089285714285716
0 0.8772321428571429 0.12723214285714285 0.033482142857142856 0.020089285714285716
0 0.8214285714285714 0.13392857142857142 0.024553571428571428 0.020089285714285716
0 0.75 0.14285714285714285 0.024553571428571428 0.022321428571428572
0 0.6651785714285714 0.17857142857142858 0.026785714285714284 0.022321428571428572
0 0.6361607142857143 0.125 0.029017857142857144 0.022321428571428572
0 0.5669642857142857 0.13169642857142858 0.03571428571428571 0.022321428571428572
0 0.578125 0.16294642857142858 0.044642857142857144 0.022321428571428572
0 0.3482142857142857 0.14732142857142858 0.03794642857142857 0.024553571428571428
0 0.36607142857142855 0.20982142857142858 0.024553571428571428 0.024553571428571428
0 0.22544642857142858 0.24107142857142858 0.029017857142857144 0.03125
0 0.36607142857142855 0.3549107142857143 0.03125 0.020089285714285716
0 0.17410714285714285 0.23883928571428573 0.024553571428571428 0.029017857142857144
0 0.10491071428571429 0.23883928571428573 0.029017857142857144 0.024553571428571428
0 0.020089285714285716 0.25 0.03125 0.026785714285714284
0 0.006696428571428571 0.15401785714285715 0.013392857142857142 0.03125