0 0.22321428571428573 0.08482142857142858 0.0625 0.022321428571428572
0 0.296875 0.08258928571428571 0.05133928571428571 0.020089285714285716
0 0.3392857142857143 0.10714285714285714 0.026785714285714284 0.022321428571428572
0 0.39955357142857145 0.15401785714285715 0.04017857142857143 0.022321428571428572
0 0.46205357142857145 0.017857142857142856 0.022321428571428572 0.026785714285714284
0 0.6986607142857143 0.13169642857142858 0.03125 0.022321428571428572
0 0.8526785714285714 0.16517857142857142 0.03125 0.022321428571428572
0 0.734375 0.03125 0.03125 0.024553571428571428
0 0.8058035714285714 0.013392857142857142 0.03125 0.026785714285714284
0 0.8973214285714286 0.03794642857142857 0.017857142857142856 0.022321428571428572
0 0.9174107142857143 0.013392857142857142 0.026785714285714284 0.026785714285714284
0 0.9375 0.004464285714285714 0.03125 0.006696428571428571
0 0.9799107142857143 0.026785714285714284 0.03125 0.022321428571428572