0 0.04241071428571429 0.14732142857142858 0.029017857142857144 0.022321428571428572
0 0.13616071428571427 0.171875 0.03571428571428571 0.024553571428571428
0 0.21428571428571427 0.1875 0.024553571428571428 0.022321428571428572
0 0.17857142857142858 0.2611607142857143 0.022321428571428572 0.024553571428571428
0 0.16964285714285715 0.24107142857142858 0.024553571428571428 0.022321428571428572
0 0.3549107142857143 0.20535714285714285 0.024553571428571428 0.024553571428571428
0 0.39285714285714285 0.20535714285714285 0.026785714285714284 0.026785714285714284
0 0.5736607142857143 0.15401785714285715 0.026785714285714284 0.020089285714285716
0 0.5803571428571429 0.13392857142857142 0.026785714285714284 0.020089285714285716
0 0.7276785714285714 0.203125 0.029017857142857144 0.026785714285714284
0 0.7700892857142857 0.15625 0.026785714285714284 0.017857142857142856
0 0.8571428571428571 0.20535714285714285 0.03125 0.024553571428571428
0 0.5044642857142857 0.18526785714285715 0.033482142857142856 0.022321428571428572
0 0.46205357142857145 0.20089285714285715 0.029017857142857144 0.017857142857142856
0 0.38392857142857145 0.16071428571428573 0.029017857142857144 0.029017857142857144
0 0.35044642857142855 0.13839285714285715 0.026785714285714284 0.020089285714285716