0 0.9419642857142857 0.25892857142857145 0.029017857142857144 0.020089285714285716
0 0.9107142857142857 0.20089285714285715 0.026785714285714284 0.022321428571428572
0 0.7745535714285714 0.19642857142857142 0.026785714285714284 0.020089285714285716
0 0.6875 0.21651785714285715 0.026785714285714284 0.024553571428571428
0 0.875 0.13839285714285715 0.024553571428571428 0.017857142857142856
0 0.8392857142857143 0.12276785714285714 0.026785714285714284 0.022321428571428572
0 0.7299107142857143 0.11383928571428571 0.029017857142857144 0.020089285714285716
0 0.6272321428571429 0.14285714285714285 0.029017857142857144 0.026785714285714284
0 0.3236607142857143 0.16294642857142858 0.024553571428571428 0.024553571428571428
0 0.2767857142857143 0.15848214285714285 0.03125 0.024553571428571428
0 0.37276785714285715 0.16741071428571427 0.033482142857142856 0.024553571428571428