0 0.18526785714285715 0.08035714285714286 0.022321428571428572 0.024553571428571428
0 0.044642857142857144 0.10267857142857142 0.03125 0.020089285714285716
0 0.296875 0.18303571428571427 0.022321428571428572 0.022321428571428572
0 0.4330357142857143 0.13169642857142858 0.017857142857142856 0.024553571428571428
0 0.5714285714285714 0.18973214285714285 0.04017857142857143 0.020089285714285716
0 0.6205357142857143 0.15401785714285715 0.03125 0.029017857142857144
0 0.625 0.11607142857142858 0.026785714285714284 0.022321428571428572
0 0.65625 0.10267857142857142 0.024553571428571428 0.022321428571428572
0 0.71875 0.13839285714285715 0.024553571428571428 0.020089285714285716
0 0.8080357142857143 0.18080357142857142 0.024553571428571428 0.024553571428571428
0 0.8169642857142857 0.14285714285714285 0.029017857142857144 0.022321428571428572
0 0.8616071428571429 0.16294642857142858 0.026785714285714284 0.024553571428571428
0 0.9285714285714286 0.14955357142857142 0.029017857142857144 0.024553571428571428
0 0.9151785714285714 0.12276785714285714 0.033482142857142856 0.024553571428571428