0 0.8772321428571429 0.20535714285714285 0.04017857142857143 0.024553571428571428
0 0.7857142857142857 0.13839285714285715 0.026785714285714284 0.022321428571428572
0 0.6450892857142857 0.08482142857142858 0.03571428571428571 0.022321428571428572
0 0.47544642857142855 0.09375 0.029017857142857144 0.026785714285714284
0 0.39955357142857145 0.11607142857142858 0.024553571428571428 0.033482142857142856
0 0.25 0.140625 0.024553571428571428 0.026785714285714284
0 0.14508928571428573 0.09151785714285714 0.026785714285714284 0.022321428571428572
0 0.26785714285714285 0.171875 0.03125 0.022321428571428572
0 0.125 0.18303571428571427 0.029017857142857144 0.024553571428571428
0 0.08482142857142858 0.18303571428571427 0.024553571428571428 0.022321428571428572
0 0.046875 0.16517857142857142 0.026785714285714284 0.026785714285714284
0 0.011160714285714286 0.16964285714285715 0.022321428571428572 0.033482142857142856