0 0.4888392857142857 0.15848214285714285 0.05357142857142857 0.03571428571428571
0 0.3013392857142857 0.13616071428571427 0.03571428571428571 0.024553571428571428
0 0.609375 0.16741071428571427 0.03125 0.029017857142857144
0 0.4888392857142857 0.12276785714285714 0.03125 0.029017857142857144
0 0.5535714285714286 0.125 0.03794642857142857 0.022321428571428572
0 0.38392857142857145 0.04017857142857143 0.03125 0.024553571428571428
0 0.6919642857142857 0.05133928571428571 0.033482142857142856 0.022321428571428572
0 0.7544642857142857 0.008928571428571428 0.049107142857142856 0.015625
0 0.8013392857142857 0.05133928571428571 0.05133928571428571 0.03794642857142857
0 0.875 0.13169642857142858 0.046875 0.026785714285714284
0 0.9553571428571429 0.15848214285714285 0.03125 0.026785714285714284
0 0.9821428571428571 0.09151785714285714 0.033482142857142856 0.022321428571428572
0 0.9375 0.07366071428571429 0.033482142857142856 0.024553571428571428
0 0.8928571428571429 0.09598214285714286 0.03794642857142857 0.022321428571428572