0 0.9910714285714286 0.25223214285714285 0.013392857142857142 0.026785714285714284
0 0.9107142857142857 0.25892857142857145 0.026785714285714284 0.022321428571428572
0 0.875 0.36160714285714285 0.026785714285714284 0.020089285714285716
0 0.7611607142857143 0.24776785714285715 0.022321428571428572 0.029017857142857144
0 0.8526785714285714 0.22098214285714285 0.05357142857142857 0.022321428571428572
0 0.6450892857142857 0.08928571428571429 0.026785714285714284 0.024553571428571428
0 0.6517857142857143 0.24776785714285715 0.03571428571428571 0.03571428571428571
0 0.6964285714285714 0.11383928571428571 0.024553571428571428 0.022321428571428572
0 0.8861607142857143 0.13616071428571427 0.022321428571428572 0.017857142857142856
0 0.19642857142857142 0.10267857142857142 0.024553571428571428 0.022321428571428572
0 0.15178571428571427 0.11607142857142858 0.026785714285714284 0.022321428571428572
0 0.10714285714285714 0.13839285714285715 0.03125 0.020089285714285716
0 0.13616071428571427 0.18526785714285715 0.024553571428571428 0.026785714285714284
0 0.2857142857142857 0.125 0.026785714285714284 0.024553571428571428
0 0.24107142857142858 0.16071428571428573 0.033482142857142856 0.020089285714285716
0 0.31026785714285715 0.1875 0.04241071428571429 0.020089285714285716
0 0.35044642857142855 0.140625 0.033482142857142856 0.015625
0 0.017857142857142856 0.109375 0.029017857142857144 0.020089285714285716
0 0.049107142857142856 0.13839285714285715 0.033482142857142856 0.022321428571428572
0 0.004464285714285714 0.16071428571428573 0.008928571428571428 0.026785714285714284
0 0.015625 0.14732142857142858 0.024553571428571428 0.024553571428571428
0 0.375 0.14955357142857142 0.03794642857142857 0.024553571428571428