0 0.03571428571428571 0.11607142857142858 0.026785714285714284 0.020089285714285716
0 0.22321428571428573 0.25223214285714285 0.049107142857142856 0.022321428571428572
0 0.2700892857142857 0.16294642857142858 0.029017857142857144 0.024553571428571428
0 0.4107142857142857 0.17857142857142858 0.022321428571428572 0.020089285714285716
0 0.4174107142857143 0.20982142857142858 0.020089285714285716 0.022321428571428572
0 0.46651785714285715 0.23214285714285715 0.03125 0.020089285714285716
0 0.4799107142857143 0.18303571428571427 0.022321428571428572 0.020089285714285716
0 0.5758928571428571 0.20758928571428573 0.017857142857142856 0.020089285714285716
0 0.6205357142857143 0.20089285714285715 0.020089285714285716 0.022321428571428572
0 0.6674107142857143 0.171875 0.026785714285714284 0.017857142857142856
0 0.6138392857142857 0.13392857142857142 0.022321428571428572 0.022321428571428572
0 0.6919642857142857 0.22767857142857142 0.024553571428571428 0.020089285714285716
0 0.71875 0.2700892857142857 0.026785714285714284 0.022321428571428572