0 0.9508928571428571 0.011160714285714286 0.04017857142857143 0.020089285714285716
0 0.8191964285714286 0.05133928571428571 0.024553571428571428 0.022321428571428572
0 0.7209821428571429 0.05580357142857143 0.024553571428571428 0.024553571428571428
0 0.6339285714285714 0.15178571428571427 0.03125 0.020089285714285716
0 0.578125 0.05803571428571429 0.03794642857142857 0.029017857142857144
0 0.5401785714285714 0.03571428571428571 0.033482142857142856 0.026785714285714284
0 0.546875 0.011160714285714286 0.022321428571428572 0.022321428571428572
0 0.46875 0.011160714285714286 0.024553571428571428 0.015625
0 0.3705357142857143 0.015625 0.029017857142857144 0.029017857142857144
0 0.453125 0.07366071428571429 0.029017857142857144 0.029017857142857144
0 0.171875 0.06473214285714286 0.04017857142857143 0.026785714285714284