0 0.013392857142857142 0.33035714285714285 0.017857142857142856 0.03125
0 0.19866071428571427 0.10714285714285714 0.017857142857142856 0.020089285714285716
0 0.19419642857142858 0.19419642857142858 0.029017857142857144 0.017857142857142856
0 0.30580357142857145 0.21205357142857142 0.03125 0.022321428571428572
0 0.45982142857142855 0.24553571428571427 0.029017857142857144 0.017857142857142856
0 0.49776785714285715 0.21651785714285715 0.024553571428571428 0.020089285714285716
0 0.42857142857142855 0.16294642857142858 0.017857142857142856 0.022321428571428572
0 0.5245535714285714 0.14285714285714285 0.024553571428571428 0.020089285714285716
0 0.5691964285714286 0.16517857142857142 0.033482142857142856 0.020089285714285716
0 0.6227678571428571 0.19419642857142858 0.029017857142857144 0.022321428571428572
0 0.65625 0.16517857142857142 0.020089285714285716 0.020089285714285716
0 0.7410714285714286 0.16741071428571427 0.022321428571428572 0.020089285714285716
0 0.8258928571428571 0.21428571428571427 0.022321428571428572 0.024553571428571428
0 0.8214285714285714 0.19419642857142858 0.03125 0.022321428571428572
0 0.84375 0.15625 0.022321428571428572 0.022321428571428572
0 0.8794642857142857 0.16294642857142858 0.020089285714285716 0.022321428571428572
0 0.921875 0.16741071428571427 0.024553571428571428 0.022321428571428572