0 0.9040178571428571 0.10267857142857142 0.03125 0.022321428571428572
0 0.8303571428571429 0.08482142857142858 0.024553571428571428 0.022321428571428572
0 0.6584821428571429 0.13616071428571427 0.020089285714285716 0.020089285714285716
0 0.5357142857142857 0.11830357142857142 0.029017857142857144 0.026785714285714284
0 0.42410714285714285 0.14732142857142858 0.024553571428571428 0.020089285714285716
0 0.3638392857142857 0.10491071428571429 0.022321428571428572 0.022321428571428572
0 0.29910714285714285 0.13616071428571427 0.024553571428571428 0.026785714285714284
0 0.265625 0.16741071428571427 0.026785714285714284 0.026785714285714284
0 0.234375 0.20982142857142858 0.029017857142857144 0.020089285714285716
0 0.21428571428571427 0.15178571428571427 0.03794642857142857 0.017857142857142856
0 0.22321428571428573 0.12946428571428573 0.024553571428571428 0.020089285714285716
0 0.13392857142857142 0.11607142857142858 0.022321428571428572 0.022321428571428572
0 0.044642857142857144 0.16517857142857142 0.04017857142857143 0.022321428571428572
0 0.03571428571428571 0.23883928571428573 0.03571428571428571 0.022321428571428572
0 0.13839285714285715 0.23883928571428573 0.024553571428571428 0.020089285714285716
0 0.5 0.25223214285714285 0.04241071428571429 0.020089285714285716