0 0.8348214285714286 0.10491071428571429 0.022321428571428572 0.017857142857142856
0 0.8794642857142857 0.21875 0.026785714285714284 0.015625
0 0.8080357142857143 0.22098214285714285 0.03125 0.020089285714285716
0 0.78125 0.26339285714285715 0.03125 0.024553571428571428
0 0.6897321428571429 0.234375 0.033482142857142856 0.029017857142857144
0 0.6272321428571429 0.27232142857142855 0.029017857142857144 0.020089285714285716
0 0.6941964285714286 0.11383928571428571 0.024553571428571428 0.017857142857142856
0 0.5982142857142857 0.11830357142857142 0.03125 0.022321428571428572
0 0.5625 0.16294642857142858 0.024553571428571428 0.017857142857142856
0 0.5446428571428571 0.12946428571428573 0.020089285714285716 0.017857142857142856
0 0.49107142857142855 0.21428571428571427 0.03571428571428571 0.022321428571428572
0 0.3950892857142857 0.24553571428571427 0.044642857142857144 0.022321428571428572
0 0.31026785714285715 0.24107142857142858 0.029017857142857144 0.022321428571428572
0 0.27901785714285715 0.24107142857142858 0.020089285714285716 0.022321428571428572
0 0.20982142857142858 0.15625 0.026785714285714284 0.024553571428571428
0 0.17857142857142858 0.18973214285714285 0.049107142857142856 0.024553571428571428
0 0.15401785714285715 0.24553571428571427 0.033482142857142856 0.026785714285714284
0 0.04241071428571429 0.2611607142857143 0.04017857142857143 0.020089285714285716