0 0.006696428571428571 0.18973214285714285 0.006696428571428571 0.022321428571428572
0 0.08258928571428571 0.24107142857142858 0.024553571428571428 0.017857142857142856
0 0.11607142857142858 0.22767857142857142 0.03125 0.022321428571428572
0 0.22321428571428573 0.18080357142857142 0.024553571428571428 0.020089285714285716
0 0.36160714285714285 0.16964285714285715 0.026785714285714284 0.017857142857142856
0 0.390625 0.18303571428571427 0.024553571428571428 0.017857142857142856
0 0.4575892857142857 0.24776785714285715 0.026785714285714284 0.024553571428571428
0 0.46651785714285715 0.17857142857142858 0.033482142857142856 0.020089285714285716
0 0.5223214285714286 0.20982142857142858 0.026785714285714284 0.026785714285714284
0 0.5491071428571429 0.18526785714285715 0.029017857142857144 0.017857142857142856
0 0.5647321428571429 0.171875 0.03125 0.022321428571428572
0 0.8303571428571429 0.13616071428571427 0.033482142857142856 0.022321428571428572
0 0.59375 0.25223214285714285 0.03125 0.020089285714285716
0 0.6294642857142857 0.2611607142857143 0.024553571428571428 0.024553571428571428
0 0.6696428571428571 0.23214285714285715 0.029017857142857144 0.024553571428571428
0 0.671875 0.20982142857142858 0.029017857142857144 0.033482142857142856
0 0.6339285714285714 0.203125 0.020089285714285716 0.022321428571428572
0 0.6964285714285714 0.1875 0.026785714285714284 0.022321428571428572