0 0.9821428571428571 0.13169642857142858 0.026785714285714284 0.020089285714285716
0 0.9508928571428571 0.14732142857142858 0.03571428571428571 0.017857142857142856
0 0.921875 0.171875 0.033482142857142856 0.017857142857142856
0 0.9464285714285714 0.09375 0.022321428571428572 0.020089285714285716
0 0.8125 0.17633928571428573 0.029017857142857144 0.022321428571428572
0 0.8794642857142857 0.22991071428571427 0.03794642857142857 0.020089285714285716
0 0.8526785714285714 0.24330357142857142 0.022321428571428572 0.026785714285714284
0 0.8147321428571429 0.24330357142857142 0.022321428571428572 0.022321428571428572
0 0.7477678571428571 0.24776785714285715 0.03794642857142857 0.020089285714285716
0 0.6428571428571429 0.125 0.024553571428571428 0.022321428571428572
0 0.5602678571428571 0.12276785714285714 0.024553571428571428 0.022321428571428572
0 0.38839285714285715 0.24553571428571427 0.04241071428571429 0.024553571428571428
0 0.3549107142857143 0.1875 0.04241071428571429 0.017857142857142856
0 0.29017857142857145 0.21651785714285715 0.024553571428571428 0.022321428571428572
0 0.36160714285714285 0.11383928571428571 0.022321428571428572 0.020089285714285716
0 0.1875 0.16294642857142858 0.029017857142857144 0.020089285714285716
0 0.06473214285714286 0.19866071428571427 0.026785714285714284 0.024553571428571428
0 0.05357142857142857 0.125 0.04017857142857143 0.020089285714285716
0 0.31473214285714285 0.1875 0.04017857142857143 0.022321428571428572