0 0.03794642857142857 0.3169642857142857 0.03125 0.029017857142857144
0 0.033482142857142856 0.22321428571428573 0.03794642857142857 0.022321428571428572
0 0.18973214285714285 0.29017857142857145 0.03125 0.026785714285714284
0 0.20758928571428573 0.32589285714285715 0.033482142857142856 0.03125
0 0.19866071428571427 0.41964285714285715 0.03571428571428571 0.024553571428571428
0 0.20982142857142858 0.16964285714285715 0.029017857142857144 0.024553571428571428
0 0.171875 0.14508928571428573 0.022321428571428572 0.022321428571428572
0 0.2544642857142857 0.13839285714285715 0.029017857142857144 0.022321428571428572
0 0.5111607142857143 0.19866071428571427 0.03125 0.024553571428571428
0 0.6495535714285714 0.16517857142857142 0.026785714285714284 0.022321428571428572
0 0.7388392857142857 0.15625 0.020089285714285716 0.022321428571428572
0 0.7946428571428571 0.16741071428571427 0.029017857142857144 0.022321428571428572
0 0.8303571428571429 0.17633928571428573 0.03125 0.026785714285714284
0 0.9754464285714286 0.16071428571428573 0.03571428571428571 0.024553571428571428
0 0.9888392857142857 0.19642857142857142 0.013392857142857142 0.03571428571428571
0 0.9263392857142857 0.22767857142857142 0.04241071428571429 0.024553571428571428
0 0.8861607142857143 0.21428571428571427 0.033482142857142856 0.03125
0 0.7366071428571429 0.23214285714285715 0.033482142857142856 0.024553571428571428
0 0.7366071428571429 0.20535714285714285 0.033482142857142856 0.022321428571428572
0 0.6071428571428571 0.20758928571428573 0.04017857142857143 0.020089285714285716
0 0.578125 0.22767857142857142 0.05357142857142857 0.020089285714285716