0 0.006696428571428571 0.11607142857142858 0.006696428571428571 0.026785714285714284
0 0.04017857142857143 0.12946428571428573 0.033482142857142856 0.020089285714285716
0 0.18303571428571427 0.125 0.026785714285714284 0.017857142857142856
0 0.16517857142857142 0.19419642857142858 0.024553571428571428 0.020089285714285716
0 0.15401785714285715 0.26339285714285715 0.03125 0.022321428571428572
0 0.42410714285714285 0.10714285714285714 0.033482142857142856 0.026785714285714284
0 0.3861607142857143 0.13169642857142858 0.026785714285714284 0.017857142857142856
0 0.39955357142857145 0.16071428571428573 0.029017857142857144 0.026785714285714284
0 0.4017857142857143 0.19866071428571427 0.022321428571428572 0.022321428571428572
0 0.49776785714285715 0.18080357142857142 0.020089285714285716 0.022321428571428572
0 0.5401785714285714 0.18303571428571427 0.022321428571428572 0.024553571428571428
0 0.5401785714285714 0.13392857142857142 0.024553571428571428 0.022321428571428572
0 0.5558035714285714 0.22098214285714285 0.029017857142857144 0.022321428571428572
0 0.6339285714285714 0.20535714285714285 0.026785714285714284 0.022321428571428572
0 0.6674107142857143 0.13616071428571427 0.026785714285714284 0.020089285714285716
0 0.8459821428571429 0.13616071428571427 0.04017857142857143 0.017857142857142856
0 0.8258928571428571 0.20535714285714285 0.029017857142857144 0.020089285714285716