0 0.10714285714285714 0.09375 0.03794642857142857 0.017857142857142856
0 0.22767857142857142 0.13392857142857142 0.022321428571428572 0.020089285714285716
0 0.3013392857142857 0.04017857142857143 0.029017857142857144 0.026785714285714284
0 0.31919642857142855 0.13616071428571427 0.022321428571428572 0.022321428571428572
0 0.39732142857142855 0.22321428571428573 0.029017857142857144 0.017857142857142856
0 0.4486607142857143 0.13839285714285715 0.033482142857142856 0.026785714285714284
0 0.484375 0.11830357142857142 0.03125 0.024553571428571428
0 0.47767857142857145 0.09375 0.020089285714285716 0.017857142857142856
0 0.5491071428571429 0.09598214285714286 0.022321428571428572 0.015625
0 0.578125 0.06919642857142858 0.026785714285714284 0.024553571428571428
0 0.640625 0.09598214285714286 0.024553571428571428 0.026785714285714284
0 0.5647321428571429 0.15401785714285715 0.026785714285714284 0.026785714285714284
0 0.8214285714285714 0.14508928571428573 0.03794642857142857 0.024553571428571428