0 0.017857142857142856 0.04017857142857143 0.03125 0.020089285714285716
0 0.03125 0.0625 0.04017857142857143 0.022321428571428572
0 0.11160714285714286 0.05357142857142857 0.020089285714285716 0.029017857142857144
0 0.13616071428571427 0.12723214285714285 0.03571428571428571 0.026785714285714284
0 0.17410714285714285 0.004464285714285714 0.026785714285714284 0.006696428571428571
0 0.41294642857142855 0.006696428571428571 0.04017857142857143 0.013392857142857142
0 0.5446428571428571 0.04241071428571429 0.03125 0.024553571428571428
0 0.515625 0.07589285714285714 0.033482142857142856 0.022321428571428572
0 0.6473214285714286 0.006696428571428571 0.03571428571428571 0.013392857142857142
0 0.6897321428571429 0.029017857142857144 0.024553571428571428 0.022321428571428572
0 0.7589285714285714 0.08928571428571429 0.024553571428571428 0.026785714285714284
0 0.7209821428571429 0.03571428571428571 0.03794642857142857 0.017857142857142856
0 0.8147321428571429 0.09598214285714286 0.024553571428571428 0.022321428571428572