0 0.05133928571428571 0.25669642857142855 0.04241071428571429 0.024553571428571428
0 0.14508928571428573 0.18973214285714285 0.026785714285714284 0.024553571428571428
0 0.29017857142857145 0.13169642857142858 0.03794642857142857 0.022321428571428572
0 0.46651785714285715 0.14285714285714285 0.03125 0.029017857142857144
0 0.5446428571428571 0.16517857142857142 0.024553571428571428 0.03571428571428571
0 0.6986607142857143 0.18973214285714285 0.024553571428571428 0.026785714285714284
0 0.8058035714285714 0.13839285714285715 0.026785714285714284 0.022321428571428572
0 0.6785714285714286 0.22321428571428573 0.03125 0.022321428571428572
0 0.828125 0.234375 0.029017857142857144 0.024553571428571428
0 0.8660714285714286 0.23214285714285715 0.026785714285714284 0.022321428571428572
0 0.90625 0.21651785714285715 0.029017857142857144 0.026785714285714284
0 0.953125 0.21875 0.03571428571428571 0.03125