0 0.140625 0.16517857142857142 0.03571428571428571 0.020089285714285716
0 0.15401785714285715 0.234375 0.03794642857142857 0.022321428571428572
0 0.23214285714285715 0.28348214285714285 0.03794642857142857 0.024553571428571428
0 0.21428571428571427 0.14732142857142858 0.03571428571428571 0.022321428571428572
0 0.39732142857142855 0.11830357142857142 0.05357142857142857 0.026785714285714284
0 0.40401785714285715 0.14285714285714285 0.044642857142857144 0.022321428571428572
0 0.42857142857142855 0.19196428571428573 0.03125 0.04017857142857143
0 0.59375 0.203125 0.03571428571428571 0.022321428571428572
0 0.6116071428571429 0.15848214285714285 0.03125 0.024553571428571428
0 0.5669642857142857 0.13169642857142858 0.03794642857142857 0.020089285714285716
0 0.6227678571428571 0.21205357142857142 0.022321428571428572 0.020089285714285716
0 0.9933035714285714 0.171875 0.011160714285714286 0.029017857142857144