0 0.9910714285714286 0.10714285714285714 0.011160714285714286 0.026785714285714284
0 0.8348214285714286 0.10044642857142858 0.03125 0.020089285714285716
0 0.8571428571428571 0.18080357142857142 0.029017857142857144 0.024553571428571428
0 0.8705357142857143 0.26339285714285715 0.03571428571428571 0.024553571428571428
0 0.5535714285714286 0.078125 0.03794642857142857 0.03125
0 0.5982142857142857 0.109375 0.033482142857142856 0.022321428571428572
0 0.5825892857142857 0.140625 0.033482142857142856 0.03125
0 0.5803571428571429 0.18526785714285715 0.026785714285714284 0.026785714285714284
0 0.46875 0.16517857142857142 0.022321428571428572 0.026785714285714284
0 0.41964285714285715 0.16741071428571427 0.024553571428571428 0.029017857142857144
0 0.4174107142857143 0.11160714285714286 0.029017857142857144 0.026785714285714284
0 0.39955357142857145 0.21205357142857142 0.033482142857142856 0.026785714285714284
0 0.3080357142857143 0.19419642857142858 0.03125 0.026785714285714284
0 0.2700892857142857 0.11383928571428571 0.03125 0.024553571428571428
0 0.060267857142857144 0.11160714285714286 0.049107142857142856 0.022321428571428572
0 0.08258928571428571 0.19419642857142858 0.033482142857142856 0.022321428571428572