0 0.8883928571428571 0.11160714285714286 0.022321428571428572 0.017857142857142856
0 0.9285714285714286 0.10267857142857142 0.022321428571428572 0.017857142857142856
0 0.953125 0.12276785714285714 0.03125 0.022321428571428572
0 0.7633928571428571 0.13616071428571427 0.03125 0.026785714285714284
0 0.7053571428571429 0.14285714285714285 0.026785714285714284 0.024553571428571428
0 0.6919642857142857 0.11160714285714286 0.026785714285714284 0.029017857142857144
0 0.5267857142857143 0.03794642857142857 0.024553571428571428 0.024553571428571428
0 0.47544642857142855 0.05133928571428571 0.033482142857142856 0.017857142857142856
0 0.44419642857142855 0.13169642857142858 0.026785714285714284 0.024553571428571428
0 0.37723214285714285 0.10267857142857142 0.029017857142857144 0.022321428571428572
0 0.36830357142857145 0.07142857142857142 0.029017857142857144 0.026785714285714284
0 0.328125 0.060267857142857144 0.033482142857142856 0.022321428571428572
0 0.20982142857142858 0.06696428571428571 0.04241071428571429 0.022321428571428572