0 0.9285714285714286 0.11830357142857142 0.04017857142857143 0.04241071428571429
0 0.7053571428571429 0.20535714285714285 0.04017857142857143 0.026785714285714284
0 0.5267857142857143 0.140625 0.044642857142857144 0.03125
0 0.5178571428571429 0.1875 0.026785714285714284 0.022321428571428572
0 0.6919642857142857 0.11383928571428571 0.024553571428571428 0.024553571428571428
0 0.39285714285714285 0.20982142857142858 0.026785714285714284 0.033482142857142856
0 0.33482142857142855 0.17410714285714285 0.033482142857142856 0.03125
0 0.27901785714285715 0.11383928571428571 0.03794642857142857 0.024553571428571428
0 0.3125 0.13169642857142858 0.03125 0.020089285714285716
0 0.36607142857142855 0.11607142857142858 0.03571428571428571 0.022321428571428572
0 0.37276785714285715 0.14955357142857142 0.026785714285714284 0.020089285714285716
0 0.4575892857142857 0.10714285714285714 0.024553571428571428 0.024553571428571428
0 0.026785714285714284 0.2544642857142857 0.04017857142857143 0.024553571428571428
0 0.05133928571428571 0.14285714285714285 0.026785714285714284 0.022321428571428572
0 0.05133928571428571 0.10491071428571429 0.029017857142857144 0.022321428571428572