0 0.90625 0.18526785714285715 0.029017857142857144 0.024553571428571428
0 0.84375 0.15401785714285715 0.03125 0.022321428571428572
0 0.8839285714285714 0.109375 0.029017857142857144 0.024553571428571428
0 0.921875 0.08482142857142858 0.03125 0.022321428571428572
0 0.9933035714285714 0.044642857142857144 0.004464285714285714 0.020089285714285716
0 0.7165178571428571 0.14732142857142858 0.024553571428571428 0.022321428571428572
0 0.6763392857142857 0.14955357142857142 0.03571428571428571 0.026785714285714284
0 0.5379464285714286 0.10491071428571429 0.03794642857142857 0.022321428571428572
0 0.6026785714285714 0.09598214285714286 0.026785714285714284 0.022321428571428572
0 0.6473214285714286 0.06696428571428571 0.03794642857142857 0.022321428571428572
0 0.7075892857142857 0.08035714285714286 0.03571428571428571 0.029017857142857144
0 0.7924107142857143 0.05803571428571429 0.03571428571428571 0.03571428571428571
0 0.7433035714285714 0.10044642857142858 0.026785714285714284 0.024553571428571428