0 0.9308035714285714 0.12946428571428573 0.033482142857142856 0.026785714285714284
0 0.8950892857142857 0.21875 0.026785714285714284 0.022321428571428572
0 0.7901785714285714 0.21205357142857142 0.046875 0.026785714285714284
0 0.6808035714285714 0.21205357142857142 0.03571428571428571 0.022321428571428572
0 0.6004464285714286 0.20535714285714285 0.033482142857142856 0.022321428571428572
0 0.7142857142857143 0.12053571428571429 0.046875 0.017857142857142856
0 0.49330357142857145 0.19866071428571427 0.06696428571428571 0.022321428571428572
0 0.42410714285714285 0.125 0.026785714285714284 0.03571428571428571
0 0.24330357142857142 0.16294642857142858 0.033482142857142856 0.029017857142857144
0 0.16517857142857142 0.22544642857142858 0.03571428571428571 0.026785714285714284
0 0.07589285714285714 0.22991071428571427 0.03125 0.022321428571428572