0 0.9151785714285714 0.19419642857142858 0.05580357142857143 0.024553571428571428
0 0.8482142857142857 0.026785714285714284 0.03794642857142857 0.022321428571428572
0 0.7522321428571429 0.03125 0.03571428571428571 0.026785714285714284
0 0.65625 0.04241071428571429 0.033482142857142856 0.024553571428571428
0 0.734375 0.16964285714285715 0.03794642857142857 0.020089285714285716
0 0.609375 0.23883928571428573 0.03794642857142857 0.03794642857142857
0 0.38169642857142855 0.04241071428571429 0.03125 0.022321428571428572
0 0.31473214285714285 0.046875 0.022321428571428572 0.024553571428571428
0 0.2544642857142857 0.05133928571428571 0.046875 0.029017857142857144
0 0.17410714285714285 0.04017857142857143 0.03125 0.022321428571428572
0 0.06473214285714286 0.044642857142857144 0.03794642857142857 0.022321428571428572
0 0.017857142857142856 0.049107142857142856 0.026785714285714284 0.022321428571428572