0 0.046875 0.03125 0.024553571428571428 0.026785714285714284
0 0.078125 0.04017857142857143 0.03125 0.026785714285714284
0 0.15401785714285715 0.09598214285714286 0.020089285714285716 0.020089285714285716
0 0.2544642857142857 0.09821428571428571 0.020089285714285716 0.024553571428571428
0 0.27901785714285715 0.10044642857142858 0.017857142857142856 0.020089285714285716
0 0.34151785714285715 0.10044642857142858 0.026785714285714284 0.029017857142857144
0 0.41294642857142855 0.026785714285714284 0.029017857142857144 0.026785714285714284
0 0.34375 0.20535714285714285 0.029017857142857144 0.022321428571428572
0 0.5892857142857143 0.049107142857142856 0.029017857142857144 0.022321428571428572
0 0.7276785714285714 0.0625 0.024553571428571428 0.029017857142857144
0 0.7276785714285714 0.09375 0.024553571428571428 0.022321428571428572