0 0.6607142857142857 0.09598214285714286 0.029017857142857144 0.026785714285714284
0 0.65625 0.16071428571428573 0.026785714285714284 0.024553571428571428
0 0.7991071428571429 0.14285714285714285 0.022321428571428572 0.020089285714285716
0 0.6830357142857143 0.15401785714285715 0.024553571428571428 0.017857142857142856
0 0.609375 0.19642857142857142 0.029017857142857144 0.017857142857142856
0 0.5267857142857143 0.23214285714285715 0.03125 0.026785714285714284
0 0.3013392857142857 0.24776785714285715 0.046875 0.022321428571428572
0 0.4486607142857143 0.33705357142857145 0.029017857142857144 0.029017857142857144
0 0.18973214285714285 0.11160714285714286 0.03125 0.022321428571428572
0 0.03794642857142857 0.12276785714285714 0.029017857142857144 0.022321428571428572
0 0.015625 0.26785714285714285 0.03125 0.020089285714285716