0 0.10491071428571429 0.15401785714285715 0.03794642857142857 0.024553571428571428
0 0.16741071428571427 0.006696428571428571 0.024553571428571428 0.013392857142857142
0 0.38839285714285715 0.09151785714285714 0.05803571428571429 0.024553571428571428
0 0.5892857142857143 0.12276785714285714 0.03125 0.020089285714285716
0 0.6629464285714286 0.13839285714285715 0.033482142857142856 0.024553571428571428
0 0.796875 0.10267857142857142 0.03794642857142857 0.022321428571428572
0 0.8102678571428571 0.044642857142857144 0.024553571428571428 0.024553571428571428
0 0.7433035714285714 0.024553571428571428 0.026785714285714284 0.020089285714285716
0 0.9553571428571429 0.006696428571428571 0.033482142857142856 0.013392857142857142
0 0.8973214285714286 0.09598214285714286 0.026785714285714284 0.020089285714285716
0 0.8325892857142857 0.13839285714285715 0.03794642857142857 0.022321428571428572