0 0.679927 0.568481 0.011927 0.009778
0 0.100242 0.671218 0.008693 0.019880
0 0.246802 0.648370 0.007531 0.011741
0 0.561172 0.600949 0.006427 0.009769
0 0.571237 0.599213 0.009224 0.017222
0 0.707320 0.568815 0.010995 0.010759
0 0.769375 0.579167 0.012490 0.010926
0 0.782648 0.506352 0.007984 0.013130
0 0.761404 0.512681 0.007766 0.011213
0 0.719424 0.508417 0.010943 0.014185
0 0.693570 0.510759 0.006359 0.011981
0 0.678904 0.499977 0.009380 0.009398
0 0.661219 0.495764 0.010354 0.009009
0 0.643044 0.514454 0.010891 0.009204
0 0.633661 0.499597 0.008302 0.009009
0 0.616138 0.496574 0.008734 0.010259
0 0.592872 0.477306 0.006953 0.014667
0 0.581927 0.466856 0.004583 0.007194
0 0.561273 0.468681 0.005880 0.011787
0 0.550839 0.466574 0.007333 0.011981
0 0.509211 0.468681 0.005609 0.006046
0 0.536714 0.468731 0.004854 0.007093
0 0.550487 0.504625 0.010839 0.010065
0 0.555693 0.510718 0.010354 0.009583
0 0.579581 0.486074 0.012297 0.009778
0 0.584245 0.489722 0.009979 0.011315
0 0.488049 0.514213 0.006307 0.008722
0 0.480930 0.470213 0.003182 0.006426
0 0.451057 0.468634 0.003937 0.011120
0 0.444479 0.470838 0.006417 0.009009
0 0.412021 0.462977 0.004906 0.012083
0 0.376510 0.465514 0.013802 0.012750
0 0.348203 0.468343 0.010573 0.008630
0 0.308193 0.478505 0.010135 0.008824
0 0.309503 0.532861 0.013589 0.012759
