0 0.549839 0.484500 0.009323 0.011481
0 0.083544 0.661843 0.006380 0.011889
0 0.147490 0.652824 0.006990 0.012167
0 0.559331 0.650269 0.011901 0.026556
0 0.778099 0.667537 0.011510 0.017519
0 0.862320 0.674620 0.011068 0.015537
0 0.868073 0.497741 0.013771 0.025852
0 0.709445 0.522028 0.009661 0.022778
0 0.667174 0.557847 0.010297 0.008250
0 0.621232 0.498144 0.008807 0.009491
0 0.595146 0.556625 0.006615 0.012898
0 0.575208 0.561273 0.006885 0.015750
0 0.582443 0.497556 0.007792 0.008444
0 0.584766 0.491245 0.007208 0.007972
0 0.546193 0.504824 0.008177 0.009167
0 0.354260 0.486593 0.006563 0.009333
0 0.355948 0.460370 0.006313 0.010444
0 0.387729 0.460597 0.007000 0.012657
0 0.390635 0.471204 0.004562 0.011222
0 0.414042 0.469370 0.005375 0.011111
0 0.422167 0.462153 0.007250 0.011565
0 0.442479 0.474042 0.006375 0.012009
0 0.452323 0.479426 0.006688 0.011222
0 0.458604 0.479597 0.007250 0.013565
0 0.472073 0.477435 0.011563 0.008333
0 0.482260 0.483486 0.003188 0.013120
0 0.495854 0.472042 0.005125 0.012454
0 0.495698 0.483875 0.006062 0.010343
0 0.501042 0.483648 0.004500 0.011889
