0 0.465266 0.489704 0.005833 0.011852
0 0.340477 0.953023 0.015026 0.041028
0 0.199672 0.680500 0.010615 0.014611
0 0.291859 0.467231 0.006958 0.012463
0 0.371995 0.462630 0.005177 0.010926
0 0.422469 0.462343 0.004271 0.009667
0 0.429779 0.469245 0.006078 0.011731
0 0.430685 0.507148 0.006859 0.008630
0 0.430232 0.518537 0.005953 0.015537
0 0.446229 0.458778 0.004219 0.010556
0 0.458909 0.468926 0.005932 0.012519
0 0.473193 0.509787 0.008646 0.010093
0 0.492177 0.467843 0.008073 0.016759
0 0.510510 0.456593 0.005156 0.009630
0 0.496115 0.559944 0.006875 0.010000
0 0.437958 0.587333 0.007187 0.013000
0 0.521914 0.562028 0.008057 0.010556
0 0.528667 0.520750 0.008812 0.009778
0 0.548354 0.494694 0.005563 0.010333
0 0.552602 0.501750 0.006193 0.007556
0 0.559945 0.489417 0.005995 0.010667
0 0.564320 0.502028 0.004745 0.007222
0 0.579352 0.492472 0.005443 0.009889
0 0.578539 0.501861 0.005818 0.009556
0 0.594260 0.507583 0.004625 0.008333
0 0.604354 0.507194 0.004687 0.010000
0 0.596508 0.561417 0.007380 0.014667
0 0.611070 0.562972 0.006120 0.012222
0 0.631198 0.508583 0.007750 0.009444
0 0.615917 0.514639 0.005688 0.010000
0 0.621039 0.511972 0.005432 0.008222
0 0.668323 0.509486 0.012000 0.012269
0 0.682008 0.558954 0.006828 0.013593
0 0.696070 0.555551 0.005849 0.009731
0 0.833539 0.508148 0.010443 0.011037
