0 0.504208 0.468898 0.004583 0.007778
0 0.490380 0.460389 0.004115 0.007778
0 0.447745 0.464454 0.005250 0.007074
0 0.439680 0.459653 0.006224 0.010806
0 0.430831 0.467190 0.007724 0.007731
0 0.418419 0.462255 0.007651 0.017602
0 0.344732 0.481921 0.008026 0.009472
0 0.393370 0.462056 0.012750 0.010000
0 0.457776 0.466662 0.005417 0.008991
0 0.465016 0.467870 0.005104 0.006574
0 0.505641 0.476153 0.010000 0.009065
0 0.517203 0.503333 0.007083 0.008056
0 0.552750 0.475921 0.007552 0.006398
0 0.534495 0.475741 0.013333 0.008981
0 0.589789 0.541917 0.006224 0.009833
0 0.581372 0.515407 0.006766 0.009019
0 0.648156 0.472620 0.007896 0.011296
0 0.637240 0.489792 0.007312 0.008065
0 0.665982 0.492690 0.008859 0.009306
0 0.675750 0.499472 0.006937 0.009963
0 0.684693 0.512093 0.005708 0.007870
0 0.673828 0.517074 0.007688 0.009111
0 0.700143 0.540421 0.010995 0.012713
0 0.722773 0.513329 0.006193 0.009009
0 0.730966 0.500852 0.005922 0.009111
0 0.497177 0.476315 0.007188 0.007037
0 0.737878 0.509014 0.005766 0.013472
0 0.759281 0.509153 0.007687 0.007491
0 0.802781 0.522435 0.011208 0.022870
0 0.876448 0.606935 0.006365 0.010333
0 0.852698 0.673667 0.015125 0.012944
0 0.821661 0.679731 0.006917 0.010000
0 0.470357 0.732958 0.007839 0.013528
0 0.162247 0.653579 0.008609 0.011750
