0 0.337672 0.953130 0.014198 0.050093
0 0.242042 0.680560 0.008802 0.014269
0 0.292698 0.479755 0.006604 0.013250
0 0.373878 0.473060 0.008849 0.013120
0 0.395193 0.467333 0.008156 0.012426
0 0.430680 0.501926 0.005984 0.012074
0 0.435021 0.512949 0.005177 0.011120
0 0.432055 0.476523 0.004099 0.012269
0 0.436992 0.465162 0.003828 0.009306
0 0.442057 0.476856 0.005125 0.010824
0 0.466781 0.504995 0.005177 0.008435
0 0.469237 0.475468 0.005339 0.011120
0 0.444971 0.596014 0.007536 0.011454
0 0.487484 0.573667 0.006854 0.009778
0 0.531622 0.575106 0.006901 0.007287
0 0.519914 0.522426 0.006901 0.008148
0 0.503987 0.475023 0.008255 0.017065
0 0.513878 0.469130 0.007005 0.008333
0 0.514284 0.485329 0.009661 0.007769
0 0.829107 0.509343 0.010286 0.012722
0 0.694128 0.560532 0.005589 0.011769
0 0.683878 0.566079 0.006526 0.013583
0 0.605143 0.570801 0.005401 0.013083
0 0.594195 0.570222 0.007922 0.012926
0 0.643669 0.503884 0.007734 0.016065
0 0.622891 0.506806 0.006198 0.008056
0 0.614099 0.502343 0.005552 0.007000
0 0.606148 0.499324 0.005609 0.010352
0 0.596872 0.500046 0.004641 0.011019
0 0.591992 0.513560 0.006630 0.009102
0 0.591292 0.489069 0.007708 0.008620
0 0.579240 0.498560 0.004312 0.006898
0 0.567810 0.498657 0.005932 0.004796
0 0.561206 0.498032 0.007068 0.006046
0 0.562633 0.491417 0.005932 0.007574
0 0.568539 0.485139 0.005661 0.009778
