0 0.342302 0.951722 0.022365 0.047907
0 0.309096 0.677870 0.008995 0.013111
0 0.295417 0.477426 0.005833 0.010000
0 0.444753 0.606194 0.008099 0.012130
0 0.438529 0.506324 0.005849 0.013204
0 0.447190 0.514792 0.006526 0.013861
0 0.436542 0.474856 0.004427 0.011065
0 0.443578 0.476829 0.007083 0.010380
0 0.399151 0.464694 0.007083 0.011852
0 0.377979 0.470255 0.005781 0.017954
0 0.448414 0.462454 0.005203 0.009815
0 0.470547 0.475931 0.006458 0.012694
0 0.493177 0.512917 0.008490 0.008148
0 0.509208 0.473741 0.007125 0.016333
0 0.510052 0.462685 0.005062 0.008444
0 0.518271 0.487185 0.009500 0.008778
0 0.562443 0.585185 0.009125 0.008000
0 0.502318 0.583685 0.007500 0.009000
0 0.597354 0.568657 0.007865 0.012500
0 0.607953 0.570324 0.006146 0.013611
0 0.553865 0.488981 0.009010 0.007963
0 0.562224 0.496944 0.010208 0.006667
0 0.563734 0.503426 0.009062 0.007963
0 0.572380 0.504398 0.008646 0.006019
0 0.586104 0.503796 0.007344 0.009630
0 0.615948 0.517269 0.005469 0.007870
0 0.611286 0.505139 0.005417 0.008426
0 0.618422 0.497222 0.007708 0.007593
0 0.621833 0.505324 0.003177 0.008796
0 0.623396 0.511806 0.007656 0.007315
0 0.642536 0.512639 0.004896 0.006944
0 0.680068 0.563278 0.006510 0.011111
0 0.684833 0.559713 0.005625 0.011944
0 0.664104 0.508463 0.007396 0.015741
0 0.855701 0.514259 0.012078 0.010259
