0 0.682672 0.531125 0.009000 0.009435
0 0.554661 0.601556 0.007344 0.017037
0 0.546016 0.602898 0.009427 0.008796
0 0.777320 0.546495 0.013932 0.019398
0 0.791302 0.508486 0.005219 0.012157
0 0.745669 0.508486 0.007380 0.009917
0 0.736130 0.516968 0.008458 0.011843
0 0.690859 0.571685 0.009000 0.011833
0 0.097089 0.667657 0.010521 0.020278
0 0.211906 0.656037 0.011094 0.011296
0 0.281497 0.539926 0.009630 0.010074
0 0.238747 0.480005 0.015568 0.008954
0 0.313763 0.464801 0.006120 0.013120
0 0.341437 0.462569 0.014490 0.010880
0 0.382385 0.461208 0.006031 0.011361
0 0.427385 0.474167 0.009094 0.012000
0 0.443044 0.468167 0.005849 0.012481
0 0.460909 0.472727 0.013859 0.009435
0 0.493536 0.518486 0.008552 0.008157
0 0.499206 0.471685 0.006391 0.012167
0 0.508747 0.514088 0.010891 0.009602
0 0.528276 0.509444 0.014125 0.010556
0 0.539393 0.479606 0.004859 0.010398
0 0.545555 0.468167 0.005672 0.014074
0 0.554466 0.481204 0.007651 0.007204
0 0.563826 0.481125 0.006391 0.009602
0 0.569315 0.480806 0.005307 0.010556
0 0.576336 0.482083 0.007651 0.011204
0 0.599375 0.469926 0.006031 0.009278
0 0.602120 0.479602 0.005219 0.007519
0 0.610268 0.519926 0.011609 0.009759
0 0.615396 0.488968 0.010708 0.008639
0 0.619221 0.479847 0.007380 0.010880
0 0.644240 0.492806 0.012958 0.012167
0 0.633352 0.569685 0.011161 0.011037
0 0.679880 0.500162 0.012781 0.011843
0 0.688656 0.514884 0.006750 0.009917
