0 0.222701 0.669088 0.010714 0.010769
0 0.351469 0.953111 0.018781 0.031407
0 0.984760 0.532884 0.006792 0.007361
0 0.915849 0.511773 0.007958 0.007935
0 0.787604 0.570472 0.009937 0.020981
0 0.648297 0.564551 0.006365 0.011046
0 0.666932 0.522935 0.010094 0.010907
0 0.684326 0.506579 0.007141 0.007176
0 0.694458 0.556819 0.008000 0.007176
0 0.725828 0.508231 0.009708 0.006907
0 0.473286 0.580157 0.008156 0.010352
0 0.540969 0.559051 0.005698 0.008861
0 0.547115 0.548583 0.007375 0.008167
0 0.409146 0.524949 0.005406 0.013417
0 0.326154 0.480532 0.012745 0.009546
0 0.397070 0.471273 0.007828 0.011731
0 0.437510 0.473801 0.008865 0.008287
0 0.455370 0.467995 0.005115 0.009546
0 0.460839 0.498417 0.005823 0.012648
0 0.503104 0.518611 0.007552 0.007315
0 0.515552 0.508657 0.013073 0.012778
0 0.560646 0.514583 0.005417 0.008148
0 0.582443 0.511435 0.006198 0.008148
0 0.597443 0.509769 0.007552 0.007407
0 0.564370 0.498194 0.005156 0.010185
0 0.560099 0.477593 0.005781 0.010833
0 0.554083 0.464120 0.004375 0.006296
0 0.583198 0.463102 0.007708 0.012963
0 0.573146 0.496620 0.008542 0.007222
0 0.624268 0.461481 0.007349 0.011204
0 0.617495 0.472778 0.007240 0.012130
