0 0.516802 0.477694 0.004583 0.008796
0 0.878346 0.512106 0.009828 0.013250
0 0.840112 0.539088 0.014578 0.013824
0 0.826612 0.516139 0.010474 0.012481
0 0.780659 0.507792 0.015984 0.019583
0 0.720193 0.483736 0.005938 0.008954
0 0.707729 0.516935 0.013771 0.010074
0 0.693510 0.539093 0.010531 0.010241
0 0.672628 0.542537 0.006391 0.012963
0 0.644549 0.543657 0.004047 0.012963
0 0.640320 0.548694 0.008370 0.016000
0 0.611294 0.534856 0.009182 0.009769
0 0.638115 0.484616 0.007198 0.010398
0 0.620563 0.485495 0.005219 0.010880
0 0.598964 0.520218 0.006302 0.011843
0 0.605534 0.551815 0.005943 0.012000
0 0.452669 0.604616 0.008547 0.015528
0 0.421258 0.607338 0.007286 0.017435
0 0.581464 0.480472 0.005781 0.011019
0 0.565943 0.482093 0.007344 0.009630
0 0.557089 0.482093 0.005156 0.010185
0 0.536307 0.478296 0.004635 0.010370
0 0.530708 0.467972 0.004792 0.015833
0 0.512583 0.484500 0.013750 0.008519
0 0.513190 0.475519 0.004151 0.009704
0 0.508310 0.473403 0.005151 0.012565
0 0.496677 0.471333 0.006021 0.013074
0 0.491440 0.478255 0.007839 0.010528
0 0.477297 0.460421 0.005844 0.011472
0 0.473646 0.468958 0.005615 0.014620
0 0.439714 0.468894 0.005531 0.012028
0 0.432451 0.463292 0.004995 0.011472
0 0.421344 0.462333 0.004917 0.010389
0 0.409125 0.486046 0.007687 0.014074
0 0.261286 0.636273 0.010833 0.015028
