0 0.055281 0.560347 0.008792 0.012583
0 0.024917 0.565523 0.007875 0.011972
0 0.011276 0.567759 0.007760 0.015222
0 0.087016 0.578815 0.010615 0.010963
0 0.090727 0.559333 0.006391 0.012981
0 0.105052 0.555884 0.007417 0.014213
0 0.116297 0.557611 0.013469 0.013185
0 0.129310 0.551625 0.008672 0.011769
0 0.135818 0.576787 0.013469 0.015019
0 0.115828 0.672171 0.010271 0.009806
0 0.182560 0.644352 0.007516 0.007944
0 0.201299 0.586509 0.011318 0.014037
0 0.228318 0.604352 0.007896 0.010481
0 0.233453 0.575435 0.006948 0.010481
0 0.364042 0.585880 0.006500 0.017333
0 0.397177 0.580880 0.008562 0.008741
0 0.556531 0.577565 0.006937 0.010074
0 0.900727 0.585597 0.010557 0.023509
0 0.084047 0.610171 0.009021 0.011972
