0 0.116208 0.557560 0.008177 0.015731
0 0.118109 0.571764 0.005135 0.013028
0 0.790872 0.685907 0.017234 0.035111
0 0.889044 0.586468 0.010849 0.024157
0 0.502594 0.558505 0.013427 0.017287
0 0.426039 0.577426 0.014464 0.017926
0 0.324826 0.566606 0.010464 0.010824
0 0.263656 0.560264 0.004948 0.006602
0 0.241966 0.574301 0.005516 0.011676
0 0.129859 0.615903 0.011125 0.012009
0 0.085195 0.570412 0.005328 0.013694
0 0.073831 0.570579 0.007516 0.017083
0 0.058990 0.579375 0.005615 0.010991
0 0.035513 0.657782 0.006578 0.009157
0 0.228755 0.656931 0.010844 0.013361
0 0.215760 0.570833 0.005802 0.012852
0 0.180326 0.593324 0.007609 0.014204
0 0.145602 0.574894 0.006849 0.010824
