0 0.334276 0.579134 0.005156 0.009861
0 0.347318 0.577866 0.005708 0.009583
0 0.357979 0.571593 0.005312 0.013389
0 0.396625 0.596759 0.009417 0.010148
0 0.620727 0.580338 0.008943 0.007954
0 0.543828 0.569218 0.004896 0.006750
0 0.534883 0.569315 0.007266 0.007926
0 0.725586 0.684630 0.009036 0.008796
0 0.126753 0.575977 0.006016 0.014935
0 0.046208 0.581755 0.007604 0.013806
0 0.068089 0.615014 0.009521 0.010991
0 0.105312 0.626500 0.009115 0.011981
0 0.015768 0.587676 0.006828 0.011556
0 0.146096 0.554769 0.008401 0.019870
0 0.169365 0.577310 0.006260 0.008880
0 0.207057 0.612194 0.007292 0.008463
0 0.270659 0.567505 0.005078 0.011972
0 0.264633 0.575398 0.005234 0.007185
0 0.313823 0.570255 0.004521 0.012398
0 0.312833 0.580542 0.005865 0.010991
