0 0.619263 0.694528 0.017786 0.014370
0 0.713440 0.692667 0.014932 0.021481
0 0.071266 0.581444 0.006938 0.015148
0 0.056763 0.575343 0.005286 0.007630
0 0.040411 0.588435 0.006937 0.015741
0 0.003648 0.564361 0.005026 0.011741
0 0.716625 0.583079 0.009896 0.012343
0 0.295151 0.577509 0.007698 0.009444
0 0.313823 0.581597 0.008406 0.011139
0 0.250599 0.568139 0.010073 0.006759
0 0.182583 0.584769 0.006573 0.013537
0 0.165935 0.576736 0.008630 0.009583
0 0.102974 0.641815 0.010240 0.012093
0 0.066839 0.639463 0.010104 0.010926
