0 0.239005 0.585574 0.006187 0.008037
0 0.067385 0.578676 0.009115 0.010444
0 0.113167 0.572921 0.010177 0.011398
0 0.146828 0.587954 0.006281 0.010444
0 0.163180 0.588894 0.008984 0.010694
0 0.009997 0.571412 0.008849 0.018435
0 0.035737 0.697028 0.004911 0.008315
0 0.290091 0.578597 0.005234 0.009972
0 0.754388 0.600287 0.010276 0.010556
0 0.920255 0.599069 0.008219 0.010954
0 0.525409 0.598685 0.007651 0.011167
0 0.521070 0.577074 0.003766 0.008926
0 0.556057 0.648505 0.008219 0.010546
0 0.451924 0.578301 0.009589 0.014935
0 0.351474 0.578245 0.005594 0.016435
0 0.272102 0.581694 0.005943 0.008741
0 0.262391 0.581694 0.004917 0.007889
0 0.257159 0.583458 0.004755 0.008028
0 0.060745 0.617611 0.017375 0.034056
