0 0.179107 0.580861 0.008849 0.012852
0 0.290557 0.579231 0.005615 0.014019
0 0.246268 0.588727 0.008464 0.010991
0 0.235896 0.580611 0.007896 0.009981
0 0.229763 0.602935 0.010276 0.009981
0 0.217586 0.565222 0.009318 0.008963
0 0.203888 0.574097 0.007609 0.017583
0 0.193328 0.617898 0.010083 0.011833
0 0.424107 0.579949 0.008401 0.010843
0 0.557117 0.574306 0.009130 0.011500
0 0.441060 0.580560 0.008755 0.009472
0 0.677930 0.570051 0.009589 0.008528
0 0.766398 0.683384 0.019182 0.035065
0 0.047594 0.684782 0.010844 0.012009
0 0.056867 0.573171 0.011130 0.010991
0 0.088260 0.575537 0.006750 0.010315
0 0.102815 0.580523 0.008464 0.011157
0 0.119320 0.543995 0.009516 0.015213
0 0.137583 0.574440 0.007990 0.009806
0 0.143242 0.580611 0.005995 0.008963
0 0.157086 0.596421 0.013130 0.009806
0 0.168643 0.582806 0.008464 0.009981
