0 0.769341 0.687356 0.023151 0.040417
0 0.049266 0.678171 0.014365 0.010991
0 0.061969 0.569602 0.007990 0.015389
0 0.082846 0.581097 0.009609 0.010657
0 0.091219 0.570023 0.012656 0.009139
0 0.109435 0.553616 0.005901 0.015898
0 0.134979 0.625236 0.013604 0.019787
0 0.133313 0.576532 0.011417 0.012009
0 0.184539 0.600718 0.008276 0.024528
0 0.213935 0.571375 0.006943 0.013528
0 0.226917 0.585750 0.005708 0.010481
0 0.253935 0.584481 0.010651 0.008630
0 0.250510 0.557935 0.005896 0.008963
0 0.252151 0.575162 0.005708 0.008528
0 0.242560 0.576079 0.003422 0.003454
0 0.387565 0.576551 0.020464 0.020287
0 0.460404 0.566356 0.006745 0.010343
