0 0.242440 0.584806 0.003901 0.017148
0 0.241937 0.639968 0.010146 0.011417
0 0.316891 0.584023 0.009271 0.012546
0 0.403180 0.587852 0.007422 0.014037
0 0.421823 0.585139 0.007229 0.011667
0 0.490435 0.596444 0.009380 0.010574
0 0.717529 0.592676 0.009828 0.013389
0 0.029198 0.642468 0.008094 0.018009
0 0.053547 0.573699 0.007792 0.013620
0 0.072737 0.576810 0.006807 0.015861
0 0.073432 0.559310 0.006208 0.014917
0 0.085057 0.572111 0.009781 0.013037
0 0.102630 0.572227 0.006604 0.013269
0 0.112109 0.570940 0.006937 0.012565
0 0.134966 0.556611 0.008391 0.017259
0 0.196497 0.605005 0.008589 0.010806
0 0.210138 0.617162 0.005349 0.009991
0 0.217503 0.606884 0.007526 0.013861
