0 0.086008 0.564972 0.006297 0.015204
0 0.773305 0.594667 0.009589 0.013389
0 0.838201 0.614657 0.005589 0.011167
0 0.451130 0.578759 0.010042 0.019481
0 0.407979 0.569625 0.005708 0.012176
0 0.380245 0.589546 0.009906 0.012111
0 0.270677 0.650282 0.011510 0.013361
0 0.288646 0.580542 0.004896 0.011065
0 0.257294 0.576727 0.005505 0.014972
0 0.247523 0.568894 0.005005 0.013213
0 0.236979 0.587148 0.007156 0.011352
0 0.185047 0.605398 0.003385 0.009630
0 0.148333 0.562435 0.007948 0.015463
0 0.127221 0.574505 0.007276 0.014269
0 0.122497 0.578769 0.006224 0.012130
0 0.098195 0.576171 0.009828 0.019194
0 0.083307 0.573102 0.005552 0.012537
0 0.077310 0.584301 0.006599 0.012269
0 0.065232 0.573903 0.006901 0.017065
0 0.019107 0.633171 0.006599 0.015861
