0 0.843776 0.582509 0.010458 0.009296
0 0.009503 0.699597 0.013984 0.014713
0 0.017495 0.625778 0.010750 0.019278
0 0.021458 0.565648 0.011010 0.012037
0 0.030240 0.560750 0.014479 0.007722
0 0.051076 0.590505 0.006714 0.015565
0 0.063708 0.565056 0.007875 0.007537
0 0.083388 0.562463 0.005505 0.009389
0 0.087406 0.583116 0.011781 0.010176
0 0.112367 0.605528 0.010901 0.009593
0 0.140057 0.565644 0.006167 0.009880
0 0.219487 0.567671 0.011651 0.010991
0 0.345161 0.611778 0.006948 0.011500
0 0.376193 0.600056 0.007490 0.011148
0 0.552378 0.616514 0.007380 0.009102
0 0.851677 0.581778 0.005667 0.009981
