0 0.434096 0.584648 0.011693 0.009759
0 0.317831 0.577315 0.010172 0.013630
0 0.253023 0.603514 0.009120 0.008806
0 0.245690 0.577384 0.009516 0.011972
0 0.240836 0.591421 0.007995 0.013269
0 0.228057 0.580319 0.008198 0.010565
0 0.192214 0.583551 0.009052 0.010694
0 0.175898 0.570398 0.006672 0.013741
0 0.164667 0.594472 0.009052 0.011389
0 0.196310 0.665231 0.009974 0.009389
0 0.124411 0.606741 0.008698 0.010759
0 0.113404 0.587852 0.006276 0.009593
0 0.132919 0.559718 0.008974 0.011843
0 0.111091 0.565634 0.003307 0.006454
0 0.110375 0.575028 0.005729 0.016833
0 0.071195 0.568745 0.005516 0.007120
0 0.045367 0.566968 0.008464 0.008269
0 0.085417 0.593597 0.008844 0.010491
0 0.016115 0.578551 0.008375 0.019602
0 0.010549 0.568907 0.008276 0.011833
