0 0.721961 0.588500 0.010130 0.008907
0 0.965987 0.589532 0.007766 0.011972
0 0.627135 0.565310 0.007156 0.011157
0 0.464154 0.598194 0.009578 0.009389
0 0.282409 0.671611 0.006818 0.011278
0 0.230049 0.619963 0.008641 0.008315
0 0.138005 0.643296 0.011417 0.010000
0 0.022326 0.731444 0.010370 0.031111
0 0.021138 0.607736 0.004943 0.010324
0 0.034122 0.570194 0.008276 0.016741
0 0.125732 0.564611 0.006182 0.014370
0 0.151177 0.553111 0.007042 0.013704
0 0.186182 0.567148 0.005708 0.017426
0 0.268630 0.560569 0.005865 0.010713
0 0.296771 0.582838 0.005073 0.009306
0 0.310169 0.586218 0.003328 0.005639
0 0.318253 0.564796 0.004599 0.012685
0 0.354836 0.572694 0.004661 0.015389
0 0.605081 0.664481 0.010859 0.019870
