0 0.15848214285714285 0.9441964285714286 0.015625 0.015625
0 0.15625 0.8950892857142857 0.015625 0.020089285714285716
0 0.20089285714285715 0.8839285714285714 0.020089285714285716 0.022321428571428572
0 0.24553571428571427 0.9486607142857143 0.020089285714285716 0.022321428571428572
0 0.3705357142857143 0.9821428571428571 0.017857142857142856 0.022321428571428572
0 0.42410714285714285 0.9508928571428571 0.017857142857142856 0.020089285714285716
0 0.5892857142857143 0.9910714285714286 0.017857142857142856 0.011160714285714286
0 0.8504464285714286 0.9821428571428571 0.015625 0.020089285714285716
0 0.8683035714285714 0.9754464285714286 0.024553571428571428 0.020089285714285716
0 0.9285714285714286 0.9888392857142857 0.020089285714285716 0.013392857142857142
0 0.9441964285714286 0.9888392857142857 0.022321428571428572 0.020089285714285716