0 0.004464285714285714 0.9866071428571429 0.002232142857142857 0.020089285714285716
0 0.15178571428571427 0.9933035714285714 0.04241071428571429 0.006696428571428571
0 0.10044642857142858 0.9330357142857143 0.022321428571428572 0.013392857142857142
0 0.18303571428571427 0.9129464285714286 0.015625 0.015625
0 0.23214285714285715 0.9352678571428571 0.013392857142857142 0.015625
0 0.265625 0.9285714285714286 0.017857142857142856 0.017857142857142856
0 0.41964285714285715 0.9040178571428571 0.03571428571428571 0.013392857142857142
0 0.44642857142857145 0.953125 0.017857142857142856 0.017857142857142856
0 0.7209821428571429 0.9464285714285714 0.04241071428571429 0.013392857142857142
0 0.6339285714285714 0.9464285714285714 0.017857142857142856 0.013392857142857142
0 0.8571428571428571 0.9285714285714286 0.03125 0.011160714285714286
0 0.9263392857142857 0.9151785714285714 0.015625 0.013392857142857142