0 0.921875 0.9575892857142857 0.022321428571428572 0.013392857142857142
0 0.8995535714285714 0.9419642857142857 0.017857142857142856 0.015625
0 0.8794642857142857 0.96875 0.015625 0.015625
0 0.9709821428571429 0.953125 0.011160714285714286 0.015625
0 0.9375 0.9754464285714286 0.013392857142857142 0.013392857142857142
0 0.7790178571428571 0.921875 0.020089285714285716 0.017857142857142856
0 0.5424107142857143 0.9508928571428571 0.020089285714285716 0.020089285714285716
0 0.4575892857142857 0.9620535714285714 0.013392857142857142 0.020089285714285716
0 0.32589285714285715 0.9174107142857143 0.017857142857142856 0.017857142857142856
0 0.2611607142857143 0.9821428571428571 0.013392857142857142 0.013392857142857142
0 0.5424107142857143 0.6517857142857143 0.013392857142857142 0.013392857142857142