0 0.011160714285714286 0.9017857142857143 0.022321428571428572 0.017857142857142856
0 0.05133928571428571 0.8928571428571429 0.033482142857142856 0.013392857142857142
0 0.07366071428571429 0.9419642857142857 0.026785714285714284 0.015625
0 0.31919642857142855 0.9129464285714286 0.033482142857142856 0.013392857142857142
0 0.41517857142857145 0.8950892857142857 0.017857142857142856 0.015625
0 0.5982142857142857 0.9151785714285714 0.013392857142857142 0.013392857142857142
0 0.34598214285714285 0.9040178571428571 0.017857142857142856 0.013392857142857142
0 0.6875 0.9352678571428571 0.015625 0.013392857142857142
0 0.8392857142857143 0.9285714285714286 0.015625 0.020089285714285716
0 0.8928571428571429 0.9196428571428571 0.017857142857142856 0.020089285714285716
0 0.9241071428571429 0.9375 0.017857142857142856 0.017857142857142856
0 0.6964285714285714 0.9620535714285714 0.04241071428571429 0.015625
0 0.6785714285714286 0.90625 0.03794642857142857 0.013392857142857142