0 0.9620535714285714 0.8660714285714286 0.013392857142857142 0.015625
0 0.9776785714285714 0.8839285714285714 0.020089285714285716 0.015625
0 0.8616071428571429 0.9352678571428571 0.029017857142857144 0.015625
0 0.7723214285714286 0.875 0.015625 0.013392857142857142
0 0.6316964285714286 0.8772321428571429 0.013392857142857142 0.024553571428571428
0 0.5111607142857143 0.8839285714285714 0.013392857142857142 0.017857142857142856
0 0.484375 0.8727678571428571 0.013392857142857142 0.015625
0 0.46205357142857145 0.9040178571428571 0.015625 0.017857142857142856
0 0.25669642857142855 0.921875 0.013392857142857142 0.017857142857142856
0 0.22544642857142858 0.9263392857142857 0.04017857142857143 0.017857142857142856
0 0.013392857142857142 0.9397321428571429 0.015625 0.015625