0 0.14508928571428573 0.9910714285714286 0.03794642857142857 0.013392857142857142
0 0.09375 0.9285714285714286 0.022321428571428572 0.013392857142857142
0 0.17633928571428573 0.90625 0.015625 0.015625
0 0.22321428571428573 0.9285714285714286 0.013392857142857142 0.015625
0 0.25669642857142855 0.9241071428571429 0.017857142857142856 0.017857142857142856
0 0.4107142857142857 0.8995535714285714 0.033482142857142856 0.013392857142857142
0 0.4375 0.9486607142857143 0.017857142857142856 0.015625
0 0.7098214285714286 0.9397321428571429 0.04241071428571429 0.013392857142857142
0 0.625 0.9397321428571429 0.017857142857142856 0.013392857142857142
0 0.8459821428571429 0.9241071428571429 0.03125 0.011160714285714286
0 0.9129464285714286 0.9084821428571429 0.015625 0.013392857142857142