0 0.9888392857142857 0.8080357142857143 0.013392857142857142 0.03571428571428571
0 0.9151785714285714 0.875 0.03794642857142857 0.015625
0 0.7120535714285714 0.8839285714285714 0.033482142857142856 0.011160714285714286
0 0.46651785714285715 0.9084821428571429 0.020089285714285716 0.015625
0 0.3482142857142857 0.875 0.022321428571428572 0.017857142857142856
0 0.19866071428571427 0.921875 0.03571428571428571 0.011160714285714286
0 0.22991071428571427 0.90625 0.015625 0.011160714285714286
0 0.17410714285714285 0.890625 0.015625 0.017857142857142856
0 0.08482142857142858 0.90625 0.03571428571428571 0.013392857142857142
0 0.013392857142857142 0.875 0.022321428571428572 0.015625
0 0.015625 0.8772321428571429 0.020089285714285716 0.015625