0 0.09821428571428571 0.9776785714285714 0.017857142857142856 0.013392857142857142
0 0.3638392857142857 0.9910714285714286 0.020089285714285716 0.013392857142857142
0 0.33705357142857145 0.9352678571428571 0.015625 0.017857142857142856
0 0.33035714285714285 0.8973214285714286 0.026785714285714284 0.013392857142857142
0 0.4263392857142857 0.9196428571428571 0.015625 0.022321428571428572
0 0.40401785714285715 0.9084821428571429 0.022321428571428572 0.011160714285714286
0 0.796875 0.9375 0.017857142857142856 0.015625
0 0.6875 0.921875 0.011160714285714286 0.013392857142857142
0 0.8370535714285714 0.9263392857142857 0.015625 0.017857142857142856
0 0.8616071428571429 0.8995535714285714 0.015625 0.011160714285714286
0 0.9285714285714286 0.9040178571428571 0.011160714285714286 0.015625