0 0.9910714285714286 0.8705357142857143 0.008928571428571428 0.026785714285714284
0 0.984375 0.9107142857142857 0.022321428571428572 0.017857142857142856
0 0.8191964285714286 0.9040178571428571 0.022321428571428572 0.020089285714285716
0 0.7901785714285714 0.9263392857142857 0.04017857142857143 0.013392857142857142
0 0.5044642857142857 0.8794642857142857 0.017857142857142856 0.020089285714285716
0 0.46875 0.8638392857142857 0.015625 0.017857142857142856
0 0.45089285714285715 0.9017857142857143 0.017857142857142856 0.017857142857142856
0 0.6138392857142857 0.8839285714285714 0.017857142857142856 0.020089285714285716
0 0.6428571428571429 0.8683035714285714 0.015625 0.022321428571428572
0 0.2611607142857143 0.9174107142857143 0.017857142857142856 0.022321428571428572
0 0.16741071428571427 0.9241071428571429 0.013392857142857142 0.015625
0 0.9308035714285714 0.8973214285714286 0.020089285714285716 0.013392857142857142