0 0.8705357142857143 0.9129464285714286 0.017857142857142856 0.022321428571428572
0 0.8995535714285714 0.921875 0.013392857142857142 0.020089285714285716
0 0.9241071428571429 0.9642857142857143 0.020089285714285716 0.013392857142857142
0 0.5982142857142857 0.9910714285714286 0.020089285714285716 0.013392857142857142
0 0.6026785714285714 0.9330357142857143 0.015625 0.015625
0 0.53125 0.9486607142857143 0.015625 0.017857142857142856
0 0.4955357142857143 0.9441964285714286 0.015625 0.017857142857142856
0 0.5625 0.9620535714285714 0.015625 0.015625
0 0.5892857142857143 0.9553571428571429 0.015625 0.015625
0 0.6116071428571429 0.9419642857142857 0.015625 0.015625
0 0.36607142857142855 0.9709821428571429 0.033482142857142856 0.013392857142857142