0 0.015625 0.8236607142857143 0.017857142857142856 0.03125
0 0.18080357142857142 0.8973214285714286 0.015625 0.022321428571428572
0 0.22321428571428573 0.9129464285714286 0.013392857142857142 0.017857142857142856
0 0.25 0.9151785714285714 0.015625 0.017857142857142856
0 0.375 0.9821428571428571 0.04017857142857143 0.017857142857142856
0 0.5178571428571429 0.9196428571428571 0.022321428571428572 0.026785714285714284
0 0.7232142857142857 0.9486607142857143 0.017857142857142856 0.022321428571428572
0 0.3392857142857143 0.8928571428571429 0.015625 0.017857142857142856
0 0.7053571428571429 0.9486607142857143 0.017857142857142856 0.015625
0 0.7053571428571429 0.9486607142857143 0.017857142857142856 0.015625
0 0.7120535714285714 0.9642857142857143 0.017857142857142856 0.020089285714285716