0 0.9799107142857143 0.8303571428571429 0.015625 0.029017857142857144
0 0.828125 0.8995535714285714 0.013392857142857142 0.020089285714285716
0 0.7879464285714286 0.9129464285714286 0.011160714285714286 0.015625
0 0.765625 0.9174107142857143 0.013392857142857142 0.015625
0 0.6495535714285714 0.9754464285714286 0.03571428571428571 0.015625
0 0.5178571428571429 0.9196428571428571 0.020089285714285716 0.024553571428571428
0 0.33035714285714285 0.9464285714285714 0.015625 0.020089285714285716
0 0.6830357142857143 0.8950892857142857 0.013392857142857142 0.017857142857142856
0 0.34598214285714285 0.9464285714285714 0.015625 0.015625
0 0.34598214285714285 0.9464285714285714 0.015625 0.015625
0 0.3392857142857143 0.9620535714285714 0.015625 0.017857142857142856
0 0.029017857142857144 0.9754464285714286 0.033482142857142856 0.015625
0 0.013392857142857142 0.9910714285714286 0.020089285714285716 0.008928571428571428