0 0.06696428571428571 0.9575892857142857 0.015625 0.017857142857142856
0 0.22321428571428573 0.8950892857142857 0.017857142857142856 0.022321428571428572
0 0.37276785714285715 0.9441964285714286 0.015625 0.017857142857142856
0 0.29017857142857145 0.9308035714285714 0.017857142857142856 0.017857142857142856
0 0.39732142857142855 0.9776785714285714 0.017857142857142856 0.020089285714285716
0 0.47098214285714285 0.9241071428571429 0.03794642857142857 0.013392857142857142
0 0.20535714285714285 0.8973214285714286 0.020089285714285716 0.013392857142857142
0 0.625 0.9129464285714286 0.020089285714285716 0.013392857142857142
0 0.6183035714285714 0.9375 0.015625 0.017857142857142856
0 0.734375 0.8973214285714286 0.015625 0.015625
0 0.7723214285714286 0.9375 0.015625 0.013392857142857142
0 0.8191964285714286 0.9129464285714286 0.033482142857142856 0.011160714285714286
0 0.9910714285714286 0.9330357142857143 0.008928571428571428 0.017857142857142856