0 0.7879464285714286 0.9174107142857143 0.026785714285714284 0.015625
0 0.5915178571428571 0.9017857142857143 0.026785714285714284 0.015625
0 0.4263392857142857 0.8660714285714286 0.04017857142857143 0.013392857142857142
0 0.20535714285714285 0.8950892857142857 0.013392857142857142 0.020089285714285716
0 0.203125 0.8794642857142857 0.026785714285714284 0.022321428571428572
0 0.12053571428571429 0.9151785714285714 0.015625 0.024553571428571428
0 0.09151785714285714 0.8883928571428571 0.022321428571428572 0.015625
0 0.06919642857142858 0.9129464285714286 0.015625 0.017857142857142856
0 0.04241071428571429 0.9040178571428571 0.013392857142857142 0.017857142857142856
0 0.05133928571428571 0.9464285714285714 0.026785714285714284 0.015625
0 0.11830357142857142 0.9397321428571429 0.013392857142857142 0.013392857142857142
0 0.15178571428571427 0.9910714285714286 0.017857142857142856 0.015625