0 0.10714285714285714 0.9084821428571429 0.024553571428571428 0.017857142857142856
0 0.026785714285714284 0.8995535714285714 0.015625 0.022321428571428572
0 0.265625 0.8727678571428571 0.020089285714285716 0.017857142857142856
0 0.3169642857142857 0.9151785714285714 0.049107142857142856 0.015625
0 0.046875 0.9084821428571429 0.015625 0.020089285714285716
0 0.36830357142857145 0.8928571428571429 0.03125 0.013392857142857142
0 0.017857142857142856 0.9910714285714286 0.03571428571428571 0.008928571428571428
0 0.15401785714285715 0.9308035714285714 0.033482142857142856 0.015625
0 0.41294642857142855 0.921875 0.03125 0.015625
0 0.7321428571428571 0.9174107142857143 0.024553571428571428 0.017857142857142856
0 0.8214285714285714 0.9910714285714286 0.05133928571428571 0.008928571428571428
0 0.9553571428571429 0.9732142857142857 0.03125 0.015625