0 0.9888392857142857 0.9508928571428571 0.013392857142857142 0.026785714285714284
0 0.7209821428571429 0.9129464285714286 0.04017857142857143 0.015625
0 0.609375 0.8928571428571429 0.020089285714285716 0.017857142857142856
0 0.39732142857142855 0.9174107142857143 0.015625 0.015625
0 0.6897321428571429 0.9017857142857143 0.020089285714285716 0.015625
0 0.29464285714285715 0.9397321428571429 0.020089285714285716 0.015625
0 0.11830357142857142 0.9330357142857143 0.017857142857142856 0.022321428571428572
0 0.05803571428571429 0.921875 0.020089285714285716 0.022321428571428572
0 0.020089285714285716 0.9441964285714286 0.020089285714285716 0.022321428571428572
0 0.28348214285714285 0.9709821428571429 0.049107142857142856 0.017857142857142856
0 0.30580357142857145 0.90625 0.044642857142857144 0.015625