0 0.9866071428571429 0.8549107142857143 0.013392857142857142 0.015625
0 0.953125 0.8772321428571429 0.03125 0.011160714285714286
0 0.9419642857142857 0.8928571428571429 0.029017857142857144 0.013392857142857142
0 0.7901785714285714 0.8928571428571429 0.020089285714285716 0.015625
0 0.7232142857142857 0.8660714285714286 0.024553571428571428 0.015625
0 0.8191964285714286 0.9709821428571429 0.04017857142857143 0.013392857142857142
0 0.8459821428571429 0.9866071428571429 0.029017857142857144 0.013392857142857142
0 0.3638392857142857 0.8816964285714286 0.024553571428571428 0.020089285714285716
0 0.31026785714285715 0.8616071428571429 0.017857142857142856 0.022321428571428572
0 0.20535714285714285 0.8638392857142857 0.015625 0.015625
0 0.13169642857142858 0.8861607142857143 0.015625 0.013392857142857142
0 0.008928571428571428 0.8973214285714286 0.015625 0.020089285714285716