0 0.8973214285714286 0.8928571428571429 0.017857142857142856 0.024553571428571428
0 0.9263392857142857 0.9017857142857143 0.013392857142857142 0.020089285714285716
0 0.953125 0.9486607142857143 0.022321428571428572 0.015625
0 0.6026785714285714 0.9799107142857143 0.020089285714285716 0.022321428571428572
0 0.6071428571428571 0.9129464285714286 0.017857142857142856 0.015625
0 0.53125 0.9308035714285714 0.015625 0.020089285714285716
0 0.49107142857142855 0.9263392857142857 0.015625 0.020089285714285716
0 0.5647321428571429 0.9464285714285714 0.017857142857142856 0.017857142857142856
0 0.59375 0.9375 0.015625 0.015625
0 0.6183035714285714 0.9241071428571429 0.015625 0.015625
0 0.35267857142857145 0.9553571428571429 0.03794642857142857 0.015625