0 0.05357142857142857 0.9665178571428571 0.015625 0.017857142857142856
0 0.20982142857142858 0.9040178571428571 0.017857142857142856 0.022321428571428572
0 0.359375 0.953125 0.015625 0.017857142857142856
0 0.27901785714285715 0.9397321428571429 0.017857142857142856 0.017857142857142856
0 0.3861607142857143 0.9888392857142857 0.017857142857142856 0.020089285714285716
0 0.4575892857142857 0.9330357142857143 0.03794642857142857 0.013392857142857142
0 0.19196428571428573 0.90625 0.020089285714285716 0.013392857142857142
0 0.6116071428571429 0.9241071428571429 0.020089285714285716 0.013392857142857142
0 0.6049107142857143 0.9486607142857143 0.015625 0.017857142857142856
0 0.7209821428571429 0.9084821428571429 0.015625 0.015625
0 0.7611607142857143 0.9486607142857143 0.015625 0.013392857142857142
0 0.8058035714285714 0.921875 0.033482142857142856 0.011160714285714286
0 0.9866071428571429 0.9441964285714286 0.022321428571428572 0.015625