0 0.8236607142857143 0.30357142857142855 0.04017857142857143 0.022321428571428572
0 0.953125 0.27901785714285715 0.015625 0.03571428571428571
0 0.671875 0.2924107142857143 0.029017857142857144 0.024553571428571428
0 0.7209821428571429 0.36160714285714285 0.024553571428571428 0.020089285714285716
0 0.5446428571428571 0.38839285714285715 0.03571428571428571 0.020089285714285716
0 0.5 0.33705357142857145 0.04017857142857143 0.024553571428571428
0 0.3080357142857143 0.37723214285714285 0.026785714285714284 0.03571428571428571
0 0.5089285714285714 0.43973214285714285 0.03794642857142857 0.044642857142857144
0 0.59375 0.47767857142857145 0.024553571428571428 0.033482142857142856
0 0.12053571428571429 0.44642857142857145 0.024553571428571428 0.05580357142857143
0 0.029017857142857144 0.390625 0.022321428571428572 0.03125
0 0.23214285714285715 0.38169642857142855 0.022321428571428572 0.03125
0 0.2700892857142857 0.27901785714285715 0.015625 0.020089285714285716
0 0.35714285714285715 0.29464285714285715 0.029017857142857144 0.024553571428571428
0 0.11160714285714286 0.29017857142857145 0.020089285714285716 0.049107142857142856
0 0.0625 0.27455357142857145 0.015625 0.026785714285714284
0 0.008928571428571428 0.7165178571428571 0.011160714285714286 0.026785714285714284