0 0.9308035714285714 0.43080357142857145 0.020089285714285716 0.024553571428571428
0 0.9017857142857143 0.39732142857142855 0.015625 0.020089285714285716
0 0.9375 0.375 0.015625 0.029017857142857144
0 0.9888392857142857 0.3482142857142857 0.015625 0.024553571428571428
0 0.7008928571428571 0.3794642857142857 0.020089285714285716 0.022321428571428572
0 0.7767857142857143 0.3392857142857143 0.026785714285714284 0.015625
0 0.5379464285714286 0.47098214285714285 0.05580357142857143 0.013392857142857142
0 0.3950892857142857 0.3638392857142857 0.022321428571428572 0.020089285714285716
0 0.3861607142857143 0.4017857142857143 0.017857142857142856 0.029017857142857144
0 0.4017857142857143 0.4017857142857143 0.013392857142857142 0.024553571428571428
0 0.2544642857142857 0.39955357142857145 0.020089285714285716 0.026785714285714284
0 0.9776785714285714 0.8348214285714286 0.024553571428571428 0.024553571428571428