0 0.8861607142857143 0.4575892857142857 0.03571428571428571 0.020089285714285716
0 0.8995535714285714 0.42410714285714285 0.044642857142857144 0.015625
0 0.9107142857142857 0.3325892857142857 0.029017857142857144 0.011160714285714286
0 0.9174107142857143 0.45535714285714285 0.015625 0.03794642857142857
0 0.7053571428571429 0.45982142857142855 0.020089285714285716 0.024553571428571428
0 0.8683035714285714 0.36830357142857145 0.03794642857142857 0.020089285714285716
0 0.6160714285714286 0.3392857142857143 0.013392857142857142 0.024553571428571428
0 0.31473214285714285 0.35044642857142855 0.017857142857142856 0.022321428571428572
0 0.25892857142857145 0.33705357142857145 0.015625 0.024553571428571428
0 0.171875 0.32142857142857145 0.015625 0.024553571428571428
0 0.15848214285714285 0.35714285714285715 0.015625 0.029017857142857144
0 0.08482142857142858 0.36607142857142855 0.013392857142857142 0.017857142857142856