0 0.008928571428571428 0.30580357142857145 0.017857142857142856 0.022321428571428572
0 0.09151785714285714 0.30357142857142855 0.026785714285714284 0.022321428571428572
0 0.16741071428571427 0.4375 0.049107142857142856 0.022321428571428572
0 0.33482142857142855 0.3080357142857143 0.046875 0.022321428571428572
0 0.2857142857142857 0.328125 0.03794642857142857 0.022321428571428572
0 0.44642857142857145 0.26785714285714285 0.015625 0.024553571428571428
0 0.5825892857142857 0.4486607142857143 0.04241071428571429 0.022321428571428572
0 0.671875 0.421875 0.020089285714285716 0.04017857142857143
0 0.8883928571428571 0.29910714285714285 0.017857142857142856 0.033482142857142856
0 0.8102678571428571 0.26785714285714285 0.022321428571428572 0.017857142857142856
0 0.8348214285714286 0.25892857142857145 0.033482142857142856 0.015625
0 0.8214285714285714 0.19866071428571427 0.015625 0.026785714285714284