0 0.8482142857142857 0.22321428571428573 0.015625 0.022321428571428572
0 0.7678571428571429 0.30357142857142855 0.015625 0.024553571428571428
0 0.7142857142857143 0.3080357142857143 0.03125 0.020089285714285716
0 0.6897321428571429 0.2700892857142857 0.017857142857142856 0.029017857142857144
0 0.6361607142857143 0.2611607142857143 0.017857142857142856 0.024553571428571428
0 0.578125 0.2857142857142857 0.020089285714285716 0.017857142857142856
0 0.38392857142857145 0.23883928571428573 0.017857142857142856 0.024553571428571428
0 0.32142857142857145 0.23883928571428573 0.022321428571428572 0.024553571428571428
0 0.40625 0.28348214285714285 0.017857142857142856 0.033482142857142856
0 0.23660714285714285 0.38169642857142855 0.015625 0.026785714285714284
0 0.15178571428571427 0.25669642857142855 0.013392857142857142 0.017857142857142856
0 0.13616071428571427 0.24330357142857142 0.017857142857142856 0.026785714285714284
0 0.060267857142857144 0.25669642857142855 0.049107142857142856 0.015625
0 0.23214285714285715 0.5334821428571429 0.03125 0.026785714285714284