0 0.08928571428571429 0.42410714285714285 0.029017857142857144 0.017857142857142856
0 0.11830357142857142 0.4107142857142857 0.013392857142857142 0.015625
0 0.28794642857142855 0.40848214285714285 0.020089285714285716 0.020089285714285716
0 0.48660714285714285 0.5111607142857143 0.020089285714285716 0.026785714285714284
0 0.4375 0.36607142857142855 0.029017857142857144 0.022321428571428572
0 0.6473214285714286 0.5915178571428571 0.013392857142857142 0.013392857142857142
0 0.7254464285714286 0.3794642857142857 0.04017857142857143 0.015625
0 0.7767857142857143 0.4107142857142857 0.022321428571428572 0.017857142857142856
0 0.7455357142857143 0.39285714285714285 0.013392857142857142 0.026785714285714284
0 0.7991071428571429 0.36607142857142855 0.015625 0.029017857142857144
0 0.8950892857142857 0.34375 0.013392857142857142 0.026785714285714284
0 0.9397321428571429 0.36607142857142855 0.017857142857142856 0.029017857142857144