0 0.9888392857142857 0.35267857142857145 0.013392857142857142 0.026785714285714284
0 0.9888392857142857 0.42410714285714285 0.013392857142857142 0.026785714285714284
0 0.890625 0.3549107142857143 0.017857142857142856 0.022321428571428572
0 0.6205357142857143 0.45982142857142855 0.04241071428571429 0.022321428571428572
0 0.5892857142857143 0.4263392857142857 0.024553571428571428 0.020089285714285716
0 0.6473214285714286 0.36607142857142855 0.022321428571428572 0.022321428571428572
0 0.4375 0.37276785714285715 0.03571428571428571 0.015625
0 0.22767857142857142 0.38839285714285715 0.017857142857142856 0.026785714285714284
0 0.12053571428571429 0.46651785714285715 0.029017857142857144 0.020089285714285716
0 0.13839285714285715 0.43973214285714285 0.04017857142857143 0.015625
0 0.9553571428571429 0.5558035714285714 0.03571428571428571 0.017857142857142856