0 0.033482142857142856 0.35044642857142855 0.024553571428571428 0.029017857142857144
0 0.0625 0.40848214285714285 0.017857142857142856 0.011160714285714286
0 0.18303571428571427 0.35714285714285715 0.024553571428571428 0.03571428571428571
0 0.35714285714285715 0.421875 0.029017857142857144 0.022321428571428572
0 0.6316964285714286 0.46205357142857145 0.026785714285714284 0.03794642857142857
0 0.6116071428571429 0.41964285714285715 0.026785714285714284 0.020089285714285716
0 0.6941964285714286 0.35044642857142855 0.03125 0.022321428571428572
0 0.27232142857142855 0.7165178571428571 0.03571428571428571 0.044642857142857144
0 0.125 0.7098214285714286 0.03571428571428571 0.03794642857142857
0 0.8660714285714286 0.38839285714285715 0.024553571428571428 0.024553571428571428
0 0.9151785714285714 0.41964285714285715 0.04017857142857143 0.020089285714285716