0 0.19196428571428573 0.33705357142857145 0.022321428571428572 0.013392857142857142
0 0.234375 0.31026785714285715 0.020089285714285716 0.017857142857142856
0 0.28125 0.32589285714285715 0.017857142857142856 0.026785714285714284
0 0.38839285714285715 0.33482142857142855 0.020089285714285716 0.03125
0 0.44642857142857145 0.3482142857142857 0.022321428571428572 0.029017857142857144
0 0.40848214285714285 0.2544642857142857 0.013392857142857142 0.026785714285714284
0 0.5602678571428571 0.3169642857142857 0.015625 0.022321428571428572
0 0.6383928571428571 0.27901785714285715 0.020089285714285716 0.024553571428571428
0 0.6473214285714286 0.3080357142857143 0.017857142857142856 0.020089285714285716
0 0.6495535714285714 0.33705357142857145 0.026785714285714284 0.015625
0 0.7209821428571429 0.28794642857142855 0.015625 0.022321428571428572
0 0.7366071428571429 0.27455357142857145 0.013392857142857142 0.024553571428571428
0 0.8348214285714286 0.24776785714285715 0.029017857142857144 0.017857142857142856
0 0.859375 0.2924107142857143 0.017857142857142856 0.017857142857142856
0 0.8973214285714286 0.2924107142857143 0.015625 0.017857142857142856