0 0.9910714285714286 0.5022321428571429 0.008928571428571428 0.022321428571428572
0 0.953125 0.5491071428571429 0.03571428571428571 0.024553571428571428
0 0.84375 0.4330357142857143 0.03571428571428571 0.013392857142857142
0 0.9263392857142857 0.36160714285714285 0.013392857142857142 0.022321428571428572
0 0.6450892857142857 0.5022321428571429 0.020089285714285716 0.024553571428571428
0 0.5379464285714286 0.45982142857142855 0.020089285714285716 0.033482142857142856
0 0.6227678571428571 0.36160714285714285 0.013392857142857142 0.022321428571428572
0 0.6674107142857143 0.33482142857142855 0.013392857142857142 0.015625
0 0.6785714285714286 0.32589285714285715 0.008928571428571428 0.017857142857142856
0 0.49776785714285715 0.3325892857142857 0.013392857142857142 0.020089285714285716
0 0.40848214285714285 0.33482142857142855 0.013392857142857142 0.024553571428571428
0 0.37276785714285715 0.5044642857142857 0.013392857142857142 0.022321428571428572
0 0.32589285714285715 0.5200892857142857 0.024553571428571428 0.020089285714285716
0 0.28125 0.40625 0.033482142857142856 0.022321428571428572
0 0.22767857142857142 0.4017857142857143 0.015625 0.026785714285714284
0 0.21875 0.421875 0.03571428571428571 0.015625
0 0.20089285714285715 0.59375 0.04017857142857143 0.024553571428571428
0 0.008928571428571428 0.3236607142857143 0.008928571428571428 0.022321428571428572