0 0.008928571428571428 0.20982142857142858 0.017857142857142856 0.026785714285714284
0 0.024553571428571428 0.22098214285714285 0.015625 0.03125
0 0.18303571428571427 0.29017857142857145 0.03794642857142857 0.020089285714285716
0 0.16964285714285715 0.33482142857142855 0.044642857142857144 0.017857142857142856
0 0.5044642857142857 0.21205357142857142 0.03794642857142857 0.017857142857142856
0 0.6071428571428571 0.30580357142857145 0.024553571428571428 0.029017857142857144
0 0.44419642857142855 0.453125 0.026785714285714284 0.024553571428571428
0 0.6540178571428571 0.36607142857142855 0.07142857142857142 0.020089285714285716
0 0.8392857142857143 0.38169642857142855 0.049107142857142856 0.020089285714285716
0 0.9709821428571429 0.35044642857142855 0.046875 0.017857142857142856
0 0.9330357142857143 0.29910714285714285 0.04241071428571429 0.022321428571428572