0 0.9799107142857143 0.23214285714285715 0.03125 0.026785714285714284
0 0.9263392857142857 0.4263392857142857 0.020089285714285716 0.04017857142857143
0 0.9553571428571429 0.46205357142857145 0.020089285714285716 0.033482142857142856
0 0.7299107142857143 0.33035714285714285 0.04017857142857143 0.026785714285714284
0 0.7455357142857143 0.27901785714285715 0.06919642857142858 0.020089285714285716
0 0.41294642857142855 0.3325892857142857 0.05803571428571429 0.017857142857142856
0 0.4107142857142857 0.25669642857142855 0.046875 0.020089285714285716
0 0.18080357142857142 0.2611607142857143 0.013392857142857142 0.029017857142857144
0 0.14732142857142858 0.24330357142857142 0.017857142857142856 0.026785714285714284
0 0.14508928571428573 0.2767857142857143 0.015625 0.03125
0 0.11383928571428571 0.23660714285714285 0.015625 0.020089285714285716
0 0.013392857142857142 0.265625 0.020089285714285716 0.029017857142857144