0 0.40401785714285715 0.33482142857142855 0.03794642857142857 0.015625
0 0.37276785714285715 0.359375 0.020089285714285716 0.03125
0 0.45089285714285715 0.36160714285714285 0.026785714285714284 0.024553571428571428
0 0.4955357142857143 0.28794642857142855 0.015625 0.024553571428571428
0 0.5736607142857143 0.2924107142857143 0.017857142857142856 0.015625
0 0.6875 0.33035714285714285 0.022321428571428572 0.013392857142857142
0 0.7611607142857143 0.33705357142857145 0.013392857142857142 0.020089285714285716
0 0.828125 0.32589285714285715 0.013392857142857142 0.022321428571428572
0 0.734375 0.35714285714285715 0.015625 0.013392857142857142
0 0.9285714285714286 0.3325892857142857 0.013392857142857142 0.024553571428571428
0 0.859375 0.3794642857142857 0.015625 0.026785714285714284
0 0.9910714285714286 0.38839285714285715 0.013392857142857142 0.020089285714285716
0 0.9821428571428571 0.328125 0.015625 0.022321428571428572