0 0.9017857142857143 0.34151785714285715 0.020089285714285716 0.015625
0 0.8526785714285714 0.3549107142857143 0.022321428571428572 0.020089285714285716
0 0.7589285714285714 0.296875 0.013392857142857142 0.029017857142857144
0 0.6808035714285714 0.3705357142857143 0.015625 0.020089285714285716
0 0.6450892857142857 0.3169642857142857 0.015625 0.024553571428571428
0 0.6763392857142857 0.31473214285714285 0.03125 0.013392857142857142
0 0.6495535714285714 0.36830357142857145 0.013392857142857142 0.015625
0 0.6138392857142857 0.34151785714285715 0.022321428571428572 0.022321428571428572
0 0.5357142857142857 0.3169642857142857 0.013392857142857142 0.024553571428571428
0 0.45982142857142855 0.35267857142857145 0.022321428571428572 0.022321428571428572
0 0.4419642857142857 0.3236607142857143 0.015625 0.022321428571428572
0 0.6607142857142857 0.421875 0.05357142857142857 0.015625
0 0.33705357142857145 0.46651785714285715 0.04017857142857143 0.022321428571428572
0 0.24776785714285715 0.30580357142857145 0.022321428571428572 0.026785714285714284
0 0.3125 0.3125 0.015625 0.029017857142857144
0 0.22321428571428573 0.32589285714285715 0.017857142857142856 0.022321428571428572
0 0.171875 0.3169642857142857 0.013392857142857142 0.020089285714285716
0 0.12723214285714285 0.33705357142857145 0.024553571428571428 0.020089285714285716
0 0.09151785714285714 0.31473214285714285 0.013392857142857142 0.024553571428571428