0 0.8839285714285714 0.5848214285714286 0.022321428571428572 0.029017857142857144
0 0.6316964285714286 0.5245535714285714 0.03794642857142857 0.022321428571428572
0 0.37276785714285715 0.38839285714285715 0.03794642857142857 0.020089285714285716
0 0.3169642857142857 0.4107142857142857 0.017857142857142856 0.024553571428571428
0 0.27901785714285715 0.390625 0.017857142857142856 0.03125
0 0.30580357142857145 0.3705357142857143 0.015625 0.029017857142857144
0 0.25223214285714285 0.3861607142857143 0.013392857142857142 0.024553571428571428
0 0.20535714285714285 0.3638392857142857 0.029017857142857144 0.020089285714285716
0 0.171875 0.40625 0.029017857142857144 0.017857142857142856
0 0.09821428571428571 0.4107142857142857 0.013392857142857142 0.026785714285714284
0 0.03125 0.3549107142857143 0.015625 0.03571428571428571
0 0.044642857142857144 0.3482142857142857 0.017857142857142856 0.03125