0 0.8839285714285714 0.3392857142857143 0.015625 0.022321428571428572
0 0.859375 0.31473214285714285 0.020089285714285716 0.017857142857142856
0 0.8102678571428571 0.34375 0.017857142857142856 0.029017857142857144
0 0.9151785714285714 0.36160714285714285 0.017857142857142856 0.013392857142857142
0 0.6964285714285714 0.34598214285714285 0.017857142857142856 0.029017857142857144
0 0.6495535714285714 0.33482142857142855 0.03571428571428571 0.013392857142857142
0 0.6227678571428571 0.3482142857142857 0.017857142857142856 0.026785714285714284
0 0.5892857142857143 0.39285714285714285 0.017857142857142856 0.029017857142857144
0 0.5401785714285714 0.34151785714285715 0.013392857142857142 0.020089285714285716
0 0.5178571428571429 0.31919642857142855 0.011160714285714286 0.024553571428571428
0 0.5066964285714286 0.31473214285714285 0.011160714285714286 0.029017857142857144
0 0.5513392857142857 0.36830357142857145 0.013392857142857142 0.013392857142857142
0 0.375 0.3482142857142857 0.013392857142857142 0.024553571428571428
0 0.36830357142857145 0.36830357142857145 0.017857142857142856 0.020089285714285716
0 0.34375 0.3236607142857143 0.015625 0.024553571428571428
0 0.2700892857142857 0.31919642857142855 0.017857142857142856 0.026785714285714284
0 0.19866071428571427 0.4575892857142857 0.015625 0.026785714285714284
0 0.05580357142857143 0.41964285714285715 0.033482142857142856 0.022321428571428572
0 0.09151785714285714 0.35714285714285715 0.026785714285714284 0.024553571428571428
0 0.25669642857142855 0.6272321428571429 0.024553571428571428 0.060267857142857144