0 0.07589285714285714 0.4107142857142857 0.022321428571428572 0.03571428571428571
0 0.19866071428571427 0.41294642857142855 0.026785714285714284 0.03571428571428571
0 0.20758928571428573 0.453125 0.033482142857142856 0.026785714285714284
0 0.42857142857142855 0.43526785714285715 0.017857142857142856 0.03125
0 0.5870535714285714 0.453125 0.022321428571428572 0.03571428571428571
0 0.5 0.5267857142857143 0.04017857142857143 0.020089285714285716
0 0.19642857142857142 0.7321428571428571 0.04241071428571429 0.029017857142857144
0 0.34375 0.7700892857142857 0.04017857142857143 0.026785714285714284
0 0.8058035714285714 0.6897321428571429 0.07366071428571429 0.026785714285714284
0 0.8125 0.3705357142857143 0.020089285714285716 0.026785714285714284
0 0.8482142857142857 0.3861607142857143 0.04241071428571429 0.017857142857142856
0 0.9017857142857143 0.4642857142857143 0.03794642857142857 0.017857142857142856