0 0.9174107142857143 0.5022321428571429 0.03794642857142857 0.026785714285714284
0 0.921875 0.40625 0.017857142857142856 0.022321428571428572
0 0.9397321428571429 0.5691964285714286 0.020089285714285716 0.020089285714285716
0 0.7120535714285714 0.5669642857142857 0.020089285714285716 0.026785714285714284
0 0.7209821428571429 0.3794642857142857 0.013392857142857142 0.024553571428571428
0 0.41294642857142855 0.4330357142857143 0.026785714285714284 0.024553571428571428
0 0.2611607142857143 0.48214285714285715 0.029017857142857144 0.017857142857142856
0 0.20758928571428573 0.4375 0.020089285714285716 0.017857142857142856
0 0.13169642857142858 0.39732142857142855 0.03794642857142857 0.022321428571428572
0 0.08482142857142858 0.5446428571428571 0.03571428571428571 0.017857142857142856
0 0.008928571428571428 0.5424107142857143 0.008928571428571428 0.020089285714285716
0 0.16964285714285715 0.45982142857142855 0.013392857142857142 0.013392857142857142
0 0.049107142857142856 0.484375 0.029017857142857144 0.013392857142857142