0 0.41294642857142855 0.42410714285714285 0.020089285714285716 0.03571428571428571
0 0.44419642857142855 0.45982142857142855 0.020089285714285716 0.03571428571428571
0 0.2857142857142857 0.3392857142857143 0.020089285714285716 0.020089285714285716
0 0.25 0.3013392857142857 0.017857142857142856 0.022321428571428572
0 0.18526785714285715 0.29017857142857145 0.015625 0.024553571428571428
0 0.4888392857142857 0.296875 0.017857142857142856 0.020089285714285716
0 0.6116071428571429 0.3013392857142857 0.020089285714285716 0.026785714285714284
0 0.7075892857142857 0.4017857142857143 0.033482142857142856 0.026785714285714284
0 0.7299107142857143 0.6540178571428571 0.03125 0.044642857142857144
0 0.5714285714285714 0.5267857142857143 0.026785714285714284 0.044642857142857144
0 0.625 0.5133928571428571 0.017857142857142856 0.020089285714285716
0 0.20982142857142858 0.49330357142857145 0.015625 0.017857142857142856
0 0.9375 0.42857142857142855 0.046875 0.020089285714285716