0 0.9330357142857143 0.38839285714285715 0.024553571428571428 0.029017857142857144
0 0.828125 0.4263392857142857 0.020089285714285716 0.03125
0 0.7142857142857143 0.41964285714285715 0.015625 0.026785714285714284
0 0.8816964285714286 0.5691964285714286 0.029017857142857144 0.022321428571428572
0 0.90625 0.42410714285714285 0.03794642857142857 0.013392857142857142
0 0.5736607142857143 0.4330357142857143 0.015625 0.029017857142857144
0 0.5357142857142857 0.46205357142857145 0.03125 0.020089285714285716
0 0.44419642857142855 0.48214285714285715 0.029017857142857144 0.022321428571428572
0 0.41517857142857145 0.7075892857142857 0.06473214285714286 0.017857142857142856
0 0.40848214285714285 0.8169642857142857 0.05803571428571429 0.024553571428571428
0 0.390625 0.5736607142857143 0.020089285714285716 0.026785714285714284
0 0.23883928571428573 0.43526785714285715 0.020089285714285716 0.026785714285714284
0 0.16517857142857142 0.40401785714285715 0.026785714285714284 0.020089285714285716
0 0.16294642857142858 0.45982142857142855 0.020089285714285716 0.03125
0 0.14955357142857142 0.5223214285714286 0.026785714285714284 0.03571428571428571
0 0.046875 0.5558035714285714 0.017857142857142856 0.024553571428571428