0 0.029017857142857144 0.4017857142857143 0.017857142857142856 0.029017857142857144
0 0.08705357142857142 0.4017857142857143 0.017857142857142856 0.026785714285714284
0 0.30580357142857145 0.5535714285714286 0.026785714285714284 0.033482142857142856
0 0.36830357142857145 0.6852678571428571 0.029017857142857144 0.03571428571428571
0 0.32142857142857145 0.36607142857142855 0.015625 0.026785714285714284
0 0.47098214285714285 0.4017857142857143 0.017857142857142856 0.029017857142857144
0 0.5245535714285714 0.49330357142857145 0.024553571428571428 0.033482142857142856
0 0.5848214285714286 0.4174107142857143 0.03125 0.013392857142857142
0 0.5825892857142857 0.32589285714285715 0.015625 0.033482142857142856
0 0.5044642857142857 0.48214285714285715 0.04241071428571429 0.020089285714285716
0 0.921875 0.4330357142857143 0.022321428571428572 0.024553571428571428