0 0.7924107142857143 0.47544642857142855 0.013392857142857142 0.026785714285714284
0 0.7946428571428571 0.421875 0.049107142857142856 0.013392857142857142
0 0.8415178571428571 0.359375 0.017857142857142856 0.024553571428571428
0 0.9486607142857143 0.36607142857142855 0.03125 0.020089285714285716
0 0.703125 0.37723214285714285 0.013392857142857142 0.020089285714285716
0 0.6808035714285714 0.3705357142857143 0.015625 0.020089285714285716
0 0.6540178571428571 0.39955357142857145 0.04241071428571429 0.024553571428571428
0 0.5803571428571429 0.40401785714285715 0.026785714285714284 0.03125
0 0.45089285714285715 0.39955357142857145 0.013392857142857142 0.024553571428571428
0 0.359375 0.46875 0.026785714285714284 0.022321428571428572
0 0.2924107142857143 0.5223214285714286 0.029017857142857144 0.015625
0 0.24107142857142858 0.47098214285714285 0.03125 0.024553571428571428
0 0.27455357142857145 0.39955357142857145 0.015625 0.024553571428571428
0 0.22544642857142858 0.3950892857142857 0.017857142857142856 0.026785714285714284
0 0.20982142857142858 0.35714285714285715 0.04241071428571429 0.020089285714285716
0 0.14285714285714285 0.47098214285714285 0.04241071428571429 0.024553571428571428
0 0.03571428571428571 0.42410714285714285 0.020089285714285716 0.029017857142857144
0 0.022321428571428572 0.46875 0.017857142857142856 0.029017857142857144
0 0.5513392857142857 0.5825892857142857 0.029017857142857144 0.060267857142857144