0 0.18080357142857142 0.7433035714285714 0.029017857142857144 0.020089285714285716
0 0.3794642857142857 0.6763392857142857 0.04017857142857143 0.026785714285714284
0 0.40401785714285715 0.4642857142857143 0.015625 0.026785714285714284
0 0.2767857142857143 0.453125 0.020089285714285716 0.022321428571428572
0 0.2544642857142857 0.39732142857142855 0.015625 0.022321428571428572
0 0.234375 0.36160714285714285 0.013392857142857142 0.029017857142857144
0 0.3169642857142857 0.41294642857142855 0.015625 0.026785714285714284
0 0.3125 0.3794642857142857 0.03125 0.011160714285714286
0 0.38839285714285715 0.38839285714285715 0.015625 0.017857142857142856
0 0.6004464285714286 0.41964285714285715 0.011160714285714286 0.022321428571428572
0 0.6004464285714286 0.38839285714285715 0.017857142857142856 0.024553571428571428
0 0.6674107142857143 0.41294642857142855 0.026785714285714284 0.015625
0 0.6785714285714286 0.43526785714285715 0.024553571428571428 0.020089285714285716
0 0.8727678571428571 0.4017857142857143 0.017857142857142856 0.03125
0 0.7366071428571429 0.4419642857142857 0.017857142857142856 0.022321428571428572
0 0.6138392857142857 0.6116071428571429 0.026785714285714284 0.015625
0 0.7410714285714286 0.6808035714285714 0.015625 0.020089285714285716
0 0.9709821428571429 0.40625 0.017857142857142856 0.017857142857142856
0 0.9910714285714286 0.43080357142857145 0.013392857142857142 0.026785714285714284
0 0.9107142857142857 0.48214285714285715 0.022321428571428572 0.024553571428571428
0 0.7946428571428571 0.4955357142857143 0.024553571428571428 0.026785714285714284