0 0.8794642857142857 0.5558035714285714 0.017857142857142856 0.024553571428571428
0 0.6339285714285714 0.46205357142857145 0.046875 0.026785714285714284
0 0.8348214285714286 0.39732142857142855 0.029017857142857144 0.03125
0 0.765625 0.36830357142857145 0.046875 0.022321428571428572
0 0.7857142857142857 0.3236607142857143 0.017857142857142856 0.033482142857142856
0 0.7366071428571429 0.28794642857142855 0.05803571428571429 0.022321428571428572
0 0.6361607142857143 0.28794642857142855 0.020089285714285716 0.026785714285714284
0 0.17857142857142858 0.328125 0.024553571428571428 0.03794642857142857
0 0.09375 0.39285714285714285 0.020089285714285716 0.033482142857142856
0 0.022321428571428572 0.47544642857142855 0.03571428571428571 0.024553571428571428
0 0.08258928571428571 0.29017857142857145 0.04241071428571429 0.015625
0 0.05803571428571429 0.2700892857142857 0.017857142857142856 0.026785714285714284