0 0.8616071428571429 0.45089285714285715 0.024553571428571428 0.017857142857142856
0 0.7633928571428571 0.5959821428571429 0.017857142857142856 0.029017857142857144
0 0.8258928571428571 0.38392857142857145 0.013392857142857142 0.015625
0 0.7165178571428571 0.3794642857142857 0.020089285714285716 0.024553571428571428
0 0.625 0.375 0.033482142857142856 0.022321428571428572
0 0.5446428571428571 0.5915178571428571 0.029017857142857144 0.029017857142857144
0 0.5714285714285714 0.40401785714285715 0.020089285714285716 0.024553571428571428
0 0.5178571428571429 0.3950892857142857 0.024553571428571428 0.022321428571428572
0 0.21651785714285715 0.3638392857142857 0.03571428571428571 0.015625
0 0.049107142857142856 0.39732142857142855 0.04017857142857143 0.020089285714285716
0 0.024553571428571428 0.36607142857142855 0.022321428571428572 0.020089285714285716