0 0.16294642857142858 0.33035714285714285 0.015625 0.033482142857142856
0 0.25223214285714285 0.35714285714285715 0.044642857142857144 0.013392857142857142
0 0.2924107142857143 0.37276785714285715 0.017857142857142856 0.026785714285714284
0 0.35044642857142855 0.38169642857142855 0.015625 0.03125
0 0.3549107142857143 0.32589285714285715 0.017857142857142856 0.03794642857142857
0 0.39955357142857145 0.29017857142857145 0.013392857142857142 0.026785714285714284
0 0.5 0.375 0.04017857142857143 0.017857142857142856
0 0.5 0.3236607142857143 0.017857142857142856 0.022321428571428572
0 0.53125 0.3236607142857143 0.015625 0.022321428571428572
0 0.5982142857142857 0.39732142857142855 0.015625 0.022321428571428572
0 0.5959821428571429 0.31919642857142855 0.013392857142857142 0.024553571428571428
0 0.6205357142857143 0.31026785714285715 0.020089285714285716 0.013392857142857142
0 0.6517857142857143 0.3169642857142857 0.015625 0.013392857142857142
0 0.671875 0.3325892857142857 0.029017857142857144 0.011160714285714286
0 0.703125 0.27232142857142855 0.020089285714285716 0.017857142857142856
0 0.75 0.33035714285714285 0.013392857142857142 0.020089285714285716
0 0.8058035714285714 0.33035714285714285 0.026785714285714284 0.013392857142857142
0 0.7142857142857143 0.3236607142857143 0.03125 0.020089285714285716
0 0.984375 0.40848214285714285 0.015625 0.024553571428571428