0 0.13169642857142858 0.33035714285714285 0.046875 0.015625
0 0.12723214285714285 0.3705357142857143 0.017857142857142856 0.024553571428571428
0 0.12946428571428573 0.3950892857142857 0.020089285714285716 0.029017857142857144
0 0.35267857142857145 0.35714285714285715 0.013392857142857142 0.022321428571428572
0 0.29464285714285715 0.33705357142857145 0.029017857142857144 0.008928571428571428
0 0.3482142857142857 0.45535714285714285 0.020089285714285716 0.04017857142857143
0 0.5691964285714286 0.3549107142857143 0.020089285714285716 0.024553571428571428
0 0.6763392857142857 0.36160714285714285 0.015625 0.026785714285714284
0 0.765625 0.34598214285714285 0.015625 0.026785714285714284
0 0.6651785714285714 0.4330357142857143 0.020089285714285716 0.024553571428571428
0 0.9241071428571429 0.36160714285714285 0.015625 0.026785714285714284
0 0.9821428571428571 0.36607142857142855 0.022321428571428572 0.024553571428571428