0 0.9174107142857143 0.7522321428571429 0.029017857142857144 0.046875
0 0.8035714285714286 0.5959821428571429 0.04241071428571429 0.029017857142857144
0 0.9754464285714286 0.5602678571428571 0.04017857142857143 0.03125
0 0.9441964285714286 0.4642857142857143 0.049107142857142856 0.022321428571428572
0 0.8839285714285714 0.49776785714285715 0.05580357142857143 0.020089285714285716
0 0.8214285714285714 0.4642857142857143 0.04241071428571429 0.024553571428571428
0 0.9151785714285714 0.3392857142857143 0.017857142857142856 0.03125
0 0.5602678571428571 0.328125 0.033482142857142856 0.017857142857142856
0 0.14508928571428573 0.4419642857142857 0.022321428571428572 0.03571428571428571
0 0.5290178571428571 0.31919642857142855 0.020089285714285716 0.03125
0 0.08482142857142858 0.45089285714285715 0.024553571428571428 0.029017857142857144
0 0.04017857142857143 0.31026785714285715 0.022321428571428572 0.029017857142857144
0 0.008928571428571428 0.359375 0.011160714285714286 0.03125