0 0.21651785714285715 0.3236607142857143 0.024553571428571428 0.015625
0 0.2611607142857143 0.296875 0.022321428571428572 0.017857142857142856
0 0.3125 0.3125 0.017857142857142856 0.029017857142857144
0 0.42410714285714285 0.3236607142857143 0.020089285714285716 0.033482142857142856
0 0.484375 0.33705357142857145 0.022321428571428572 0.03125
0 0.44419642857142855 0.23883928571428573 0.015625 0.029017857142857144
0 0.6049107142857143 0.30357142857142855 0.015625 0.022321428571428572
0 0.6852678571428571 0.26339285714285715 0.022321428571428572 0.026785714285714284
0 0.6964285714285714 0.29464285714285715 0.017857142857142856 0.020089285714285716
0 0.6964285714285714 0.32589285714285715 0.029017857142857144 0.015625
0 0.7723214285714286 0.27232142857142855 0.015625 0.024553571428571428
0 0.7901785714285714 0.25892857142857145 0.013392857142857142 0.026785714285714284
0 0.8928571428571429 0.22991071428571427 0.03125 0.020089285714285716
0 0.9196428571428571 0.27901785714285715 0.017857142857142856 0.020089285714285716
0 0.9598214285714286 0.27901785714285715 0.015625 0.020089285714285716