0 0.9017857142857143 0.38392857142857145 0.020089285714285716 0.015625
0 0.8526785714285714 0.3950892857142857 0.022321428571428572 0.022321428571428572
0 0.7566964285714286 0.33482142857142855 0.013392857142857142 0.029017857142857144
0 0.6763392857142857 0.41294642857142855 0.017857142857142856 0.020089285714285716
0 0.640625 0.35714285714285715 0.017857142857142856 0.024553571428571428
0 0.6741071428571429 0.3549107142857143 0.03125 0.013392857142857142
0 0.6450892857142857 0.4107142857142857 0.013392857142857142 0.015625
0 0.609375 0.38392857142857145 0.024553571428571428 0.022321428571428572
0 0.5290178571428571 0.35714285714285715 0.013392857142857142 0.024553571428571428
0 0.45089285714285715 0.39285714285714285 0.022321428571428572 0.022321428571428572
0 0.43526785714285715 0.3638392857142857 0.015625 0.024553571428571428
0 0.6584821428571429 0.4642857142857143 0.05580357142857143 0.015625
0 0.328125 0.5111607142857143 0.04241071428571429 0.022321428571428572
0 0.234375 0.34598214285714285 0.022321428571428572 0.029017857142857144
0 0.3013392857142857 0.35267857142857145 0.017857142857142856 0.029017857142857144
0 0.21205357142857142 0.36607142857142855 0.017857142857142856 0.022321428571428572
0 0.15848214285714285 0.35714285714285715 0.013392857142857142 0.020089285714285716
0 0.11383928571428571 0.37723214285714285 0.024553571428571428 0.020089285714285716
0 0.078125 0.35267857142857145 0.015625 0.024553571428571428