0 0.16294642857142858 0.5267857142857143 0.049107142857142856 0.020089285714285716
0 0.19196428571428573 0.3794642857142857 0.020089285714285716 0.022321428571428572
0 0.29017857142857145 0.35714285714285715 0.022321428571428572 0.015625
0 0.39285714285714285 0.4017857142857143 0.022321428571428572 0.017857142857142856
0 0.3950892857142857 0.3638392857142857 0.024553571428571428 0.017857142857142856
0 0.3950892857142857 0.328125 0.011160714285714286 0.015625
0 0.6004464285714286 0.6272321428571429 0.015625 0.020089285714285716
0 0.7299107142857143 0.46651785714285715 0.049107142857142856 0.017857142857142856
0 0.4955357142857143 0.3950892857142857 0.024553571428571428 0.026785714285714284
0 0.6116071428571429 0.38169642857142855 0.026785714285714284 0.013392857142857142
0 0.5959821428571429 0.33705357142857145 0.015625 0.020089285714285716
0 0.8102678571428571 0.34151785714285715 0.020089285714285716 0.024553571428571428
0 0.890625 0.36607142857142855 0.022321428571428572 0.011160714285714286
0 0.9732142857142857 0.37276785714285715 0.03125 0.017857142857142856