0 0.9732142857142857 0.4799107142857143 0.015625 0.03125
0 0.9464285714285714 0.45982142857142855 0.015625 0.033482142857142856
0 0.9129464285714286 0.37276785714285715 0.013392857142857142 0.024553571428571428
0 0.8303571428571429 0.3325892857142857 0.033482142857142856 0.015625
0 0.7477678571428571 0.46205357142857145 0.015625 0.026785714285714284
0 0.5535714285714286 0.35044642857142855 0.017857142857142856 0.024553571428571428
0 0.4642857142857143 0.35267857142857145 0.020089285714285716 0.011160714285714286
0 0.40401785714285715 0.36830357142857145 0.015625 0.026785714285714284
0 0.3549107142857143 0.34375 0.015625 0.024553571428571428
0 0.2767857142857143 0.34598214285714285 0.017857142857142856 0.024553571428571428
0 0.21875 0.3638392857142857 0.015625 0.024553571428571428
0 0.14732142857142858 0.33035714285714285 0.015625 0.024553571428571428
0 0.07142857142857142 0.37276785714285715 0.015625 0.020089285714285716