0 0.020089285714285716 0.5558035714285714 0.04017857142857143 0.029017857142857144
0 0.125 0.4375 0.05357142857142857 0.020089285714285716
0 0.08705357142857142 0.35044642857142855 0.017857142857142856 0.022321428571428572
0 0.49107142857142855 0.42857142857142855 0.015625 0.029017857142857144
0 0.5178571428571429 0.4575892857142857 0.015625 0.029017857142857144
0 0.38839285714285715 0.359375 0.015625 0.015625
0 0.359375 0.328125 0.013392857142857142 0.017857142857142856
0 0.3080357142857143 0.31919642857142855 0.013392857142857142 0.020089285714285716
0 0.5535714285714286 0.32589285714285715 0.013392857142857142 0.017857142857142856
0 0.6540178571428571 0.328125 0.015625 0.022321428571428572
0 0.7321428571428571 0.4107142857142857 0.029017857142857144 0.022321428571428572
0 0.75 0.6160714285714286 0.024553571428571428 0.03571428571428571
0 0.6205357142857143 0.5111607142857143 0.022321428571428572 0.03571428571428571
0 0.6651785714285714 0.5022321428571429 0.013392857142857142 0.017857142857142856
0 0.32589285714285715 0.484375 0.013392857142857142 0.013392857142857142
0 0.9196428571428571 0.4330357142857143 0.03794642857142857 0.015625
0 0.9910714285714286 0.3169642857142857 0.008928571428571428 0.024553571428571428