0 0.9754464285714286 0.4888392857142857 0.015625 0.04017857142857143
0 0.953125 0.38169642857142855 0.017857142857142856 0.022321428571428572
0 0.9196428571428571 0.40848214285714285 0.015625 0.024553571428571428
0 0.8772321428571429 0.3861607142857143 0.011160714285714286 0.026785714285714284
0 0.6808035714285714 0.39285714285714285 0.015625 0.03125
0 0.5245535714285714 0.37276785714285715 0.013392857142857142 0.022321428571428572
0 0.3794642857142857 0.3482142857142857 0.013392857142857142 0.020089285714285716
0 0.36607142857142855 0.3325892857142857 0.013392857142857142 0.020089285714285716
0 0.3236607142857143 0.3794642857142857 0.015625 0.024553571428571428
0 0.25223214285714285 0.4017857142857143 0.015625 0.024553571428571428
0 0.15848214285714285 0.33035714285714285 0.017857142857142856 0.022321428571428572
0 0.078125 0.37723214285714285 0.015625 0.020089285714285716
0 0.09598214285714286 0.3549107142857143 0.015625 0.020089285714285716
0 0.125 0.35044642857142855 0.022321428571428572 0.024553571428571428