0 0.8660714285714286 0.40625 0.015625 0.033482142857142856
0 0.6875 0.34375 0.013392857142857142 0.022321428571428572
0 0.4263392857142857 0.30580357142857145 0.013392857142857142 0.024553571428571428
0 0.5669642857142857 0.4642857142857143 0.029017857142857144 0.017857142857142856
0 0.53125 0.49776785714285715 0.022321428571428572 0.020089285714285716
0 0.36607142857142855 0.515625 0.033482142857142856 0.017857142857142856
0 0.34598214285714285 0.37276785714285715 0.013392857142857142 0.024553571428571428
0 0.41964285714285715 0.34151785714285715 0.013392857142857142 0.020089285714285716
0 0.19866071428571427 0.3392857142857143 0.015625 0.015625
0 0.13839285714285715 0.35267857142857145 0.013392857142857142 0.022321428571428572
0 0.24776785714285715 0.3482142857142857 0.029017857142857144 0.013392857142857142
0 0.40401785714285715 0.359375 0.022321428571428572 0.015625