0 0.011160714285714286 0.37276785714285715 0.022321428571428572 0.03125
0 0.12053571428571429 0.38169642857142855 0.04017857142857143 0.020089285714285716
0 0.18973214285714285 0.34598214285714285 0.013392857142857142 0.020089285714285716
0 0.32589285714285715 0.3861607142857143 0.017857142857142856 0.026785714285714284
0 0.390625 0.39285714285714285 0.022321428571428572 0.026785714285714284
0 0.4017857142857143 0.35044642857142855 0.017857142857142856 0.026785714285714284
0 0.44419642857142855 0.3013392857142857 0.013392857142857142 0.020089285714285716
0 0.46875 0.41294642857142855 0.015625 0.029017857142857144
0 0.5334821428571429 0.3392857142857143 0.013392857142857142 0.026785714285714284
0 0.5758928571428571 0.3549107142857143 0.015625 0.022321428571428572
0 0.5513392857142857 0.3482142857142857 0.022321428571428572 0.017857142857142856
0 0.640625 0.33705357142857145 0.015625 0.029017857142857144
0 0.6875 0.33482142857142855 0.015625 0.017857142857142856
0 0.7433035714285714 0.29017857142857145 0.015625 0.017857142857142856
0 0.7299107142857143 0.34375 0.022321428571428572 0.013392857142857142
0 0.75 0.34151785714285715 0.015625 0.022321428571428572
0 0.7276785714285714 0.359375 0.026785714285714284 0.013392857142857142
0 0.7879464285714286 0.3705357142857143 0.015625 0.029017857142857144
0 0.9620535714285714 0.4419642857142857 0.020089285714285716 0.020089285714285716
0 0.46205357142857145 0.7723214285714286 0.07366071428571429 0.033482142857142856