0 0.45535714285714285 0.31919642857142855 0.008928571428571428 0.017857142857142856
0 0.5022321428571429 0.28794642857142855 0.011160714285714286 0.020089285714285716
0 0.48214285714285715 0.375 0.03571428571428571 0.011160714285714286
0 0.5066964285714286 0.35714285714285715 0.013392857142857142 0.017857142857142856
0 0.6473214285714286 0.49107142857142855 0.03125 0.026785714285714284
0 0.7745535714285714 0.40625 0.024553571428571428 0.013392857142857142
0 0.859375 0.3638392857142857 0.015625 0.022321428571428572
0 0.84375 0.30357142857142855 0.024553571428571428 0.017857142857142856
0 0.9375 0.31026785714285715 0.013392857142857142 0.017857142857142856
0 0.9888392857142857 0.3861607142857143 0.015625 0.020089285714285716
0 0.9866071428571429 0.46651785714285715 0.020089285714285716 0.015625