0 0.8638392857142857 0.5357142857142857 0.033482142857142856 0.020089285714285716
0 0.8816964285714286 0.37276785714285715 0.022321428571428572 0.022321428571428572
0 0.6138392857142857 0.3638392857142857 0.029017857142857144 0.013392857142857142
0 0.5022321428571429 0.36830357142857145 0.015625 0.017857142857142856
0 0.45535714285714285 0.453125 0.020089285714285716 0.024553571428571428
0 0.36607142857142855 0.45089285714285715 0.013392857142857142 0.026785714285714284
0 0.3013392857142857 0.3794642857142857 0.020089285714285716 0.022321428571428572
0 0.29464285714285715 0.35044642857142855 0.020089285714285716 0.020089285714285716
0 0.20982142857142858 0.38169642857142855 0.015625 0.022321428571428572
0 0.171875 0.45089285714285715 0.022321428571428572 0.022321428571428572
0 0.09598214285714286 0.4017857142857143 0.015625 0.03125
0 0.046875 0.375 0.013392857142857142 0.024553571428571428
0 0.15401785714285715 0.36830357142857145 0.013392857142857142 0.022321428571428572