0 0.9464285714285714 0.35714285714285715 0.03125 0.020089285714285716
0 0.9174107142857143 0.34151785714285715 0.013392857142857142 0.015625
0 0.734375 0.34151785714285715 0.022321428571428572 0.022321428571428572
0 0.5245535714285714 0.4486607142857143 0.020089285714285716 0.029017857142857144
0 0.578125 0.296875 0.03125 0.022321428571428572
0 0.3549107142857143 0.5334821428571429 0.013392857142857142 0.013392857142857142
0 0.2700892857142857 0.31026785714285715 0.04241071428571429 0.015625
0 0.21651785714285715 0.34375 0.024553571428571428 0.020089285714285716
0 0.25 0.3236607142857143 0.015625 0.029017857142857144
0 0.19419642857142858 0.296875 0.015625 0.029017857142857144
0 0.08928571428571429 0.27232142857142855 0.015625 0.029017857142857144
0 0.04241071428571429 0.296875 0.020089285714285716 0.029017857142857144