0 0.25 0.32589285714285715 0.015625 0.022321428571428572
0 0.3325892857142857 0.3325892857142857 0.017857142857142856 0.033482142857142856
0 0.36830357142857145 0.296875 0.017857142857142856 0.029017857142857144
0 0.3705357142857143 0.25669642857142855 0.024553571428571428 0.022321428571428572
0 0.39955357142857145 0.36607142857142855 0.017857142857142856 0.029017857142857144
0 0.4486607142857143 0.30357142857142855 0.015625 0.022321428571428572
0 0.5111607142857143 0.29017857142857145 0.015625 0.029017857142857144
0 0.5290178571428571 0.30357142857142855 0.017857142857142856 0.029017857142857144
0 0.5513392857142857 0.30580357142857145 0.013392857142857142 0.026785714285714284
0 0.6183035714285714 0.28125 0.015625 0.024553571428571428
0 0.6651785714285714 0.28794642857142855 0.015625 0.015625
0 0.6361607142857143 0.3236607142857143 0.015625 0.024553571428571428
0 0.7120535714285714 0.296875 0.017857142857142856 0.020089285714285716
0 0.7433035714285714 0.2924107142857143 0.017857142857142856 0.024553571428571428
0 0.7321428571428571 0.24330357142857142 0.024553571428571428 0.024553571428571428
0 0.8102678571428571 0.31919642857142855 0.015625 0.029017857142857144
0 0.9464285714285714 0.39955357142857145 0.017857142857142856 0.03125