0 0.015625 0.35044642857142855 0.022321428571428572 0.015625
0 0.08928571428571429 0.39955357142857145 0.020089285714285716 0.029017857142857144
0 0.12946428571428573 0.36160714285714285 0.04017857142857143 0.020089285714285716
0 0.27901785714285715 0.36607142857142855 0.015625 0.020089285714285716
0 0.3236607142857143 0.38169642857142855 0.024553571428571428 0.013392857142857142
0 0.5446428571428571 0.265625 0.017857142857142856 0.022321428571428572
0 0.45089285714285715 0.45535714285714285 0.029017857142857144 0.020089285714285716
0 0.7700892857142857 0.3325892857142857 0.013392857142857142 0.029017857142857144
0 0.9754464285714286 0.38839285714285715 0.020089285714285716 0.03794642857142857
0 0.9910714285714286 0.33035714285714285 0.011160714285714286 0.017857142857142856
0 0.78125 0.38392857142857145 0.017857142857142856 0.020089285714285716