0 0.015625 0.47098214285714285 0.022321428571428572 0.03125
0 0.09598214285714286 0.46205357142857145 0.022321428571428572 0.022321428571428572
0 0.09598214285714286 0.3482142857142857 0.015625 0.026785714285714284
0 0.21875 0.3325892857142857 0.020089285714285716 0.029017857142857144
0 0.19866071428571427 0.34598214285714285 0.015625 0.020089285714285716
0 0.44642857142857145 0.36607142857142855 0.020089285714285716 0.017857142857142856
0 0.45982142857142855 0.4330357142857143 0.017857142857142856 0.03125
0 0.5714285714285714 0.328125 0.024553571428571428 0.013392857142857142
0 0.625 0.34375 0.020089285714285716 0.017857142857142856
0 0.7522321428571429 0.3794642857142857 0.049107142857142856 0.020089285714285716
0 0.8794642857142857 0.37723214285714285 0.029017857142857144 0.017857142857142856
0 0.9375 0.35044642857142855 0.020089285714285716 0.029017857142857144
0 0.9084821428571429 0.3325892857142857 0.017857142857142856 0.013392857142857142
0 0.7120535714285714 0.35714285714285715 0.026785714285714284 0.026785714285714284