0 0.7254464285714286 0.5758928571428571 0.024553571428571428 0.026785714285714284
0 0.7075892857142857 0.5870535714285714 0.020089285714285716 0.029017857142857144
0 0.7232142857142857 0.3794642857142857 0.017857142857142856 0.020089285714285716
0 0.6495535714285714 0.36160714285714285 0.015625 0.026785714285714284
0 0.609375 0.39955357142857145 0.017857142857142856 0.026785714285714284
0 0.6138392857142857 0.37276785714285715 0.026785714285714284 0.013392857142857142
0 0.5290178571428571 0.4263392857142857 0.017857142857142856 0.026785714285714284
0 0.5714285714285714 0.4955357142857143 0.04241071428571429 0.020089285714285716
0 0.5736607142857143 0.5825892857142857 0.020089285714285716 0.026785714285714284
0 0.4955357142857143 0.38839285714285715 0.015625 0.026785714285714284
0 0.43080357142857145 0.421875 0.022321428571428572 0.029017857142857144
0 0.40625 0.59375 0.04241071428571429 0.022321428571428572
0 0.33705357142857145 0.421875 0.017857142857142856 0.022321428571428572
0 0.28794642857142855 0.40848214285714285 0.015625 0.017857142857142856
0 0.34598214285714285 0.390625 0.015625 0.029017857142857144
0 0.14508928571428573 0.4330357142857143 0.017857142857142856 0.024553571428571428
0 0.21651785714285715 0.49330357142857145 0.020089285714285716 0.04017857142857143
0 0.06919642857142858 0.44419642857142855 0.017857142857142856 0.029017857142857144