0 0.002232142857142857 0.39955357142857145 0.004464285714285714 0.022321428571428572
0 0.40625 0.359375 0.020089285714285716 0.029017857142857144
0 0.53125 0.38839285714285715 0.020089285714285716 0.029017857142857144
0 0.7388392857142857 0.390625 0.04241071428571429 0.017857142857142856
0 0.828125 0.39732142857142855 0.033482142857142856 0.015625
0 0.8303571428571429 0.5736607142857143 0.03125 0.020089285714285716
0 0.9754464285714286 0.4263392857142857 0.03125 0.024553571428571428
0 0.546875 0.578125 0.029017857142857144 0.015625
0 0.10267857142857142 0.6272321428571429 0.020089285714285716 0.03125
0 0.18080357142857142 0.6607142857142857 0.015625 0.017857142857142856
0 0.9397321428571429 0.71875 0.03125 0.022321428571428572