0 0.046875 0.546875 0.04017857142857143 0.029017857142857144
0 0.026785714285714284 0.4263392857142857 0.04017857142857143 0.024553571428571428
0 0.27455357142857145 0.296875 0.03125 0.017857142857142856
0 0.6651785714285714 0.40401785714285715 0.022321428571428572 0.033482142857142856
0 0.30357142857142855 0.29017857142857145 0.017857142857142856 0.03125
0 0.7209821428571429 0.41294642857142855 0.022321428571428572 0.029017857142857144
0 0.7633928571428571 0.28125 0.022321428571428572 0.026785714285714284
0 0.7946428571428571 0.32589285714285715 0.017857142857142856 0.029017857142857144
0 0.8169642857142857 0.28348214285714285 0.033482142857142856 0.020089285714285716
0 0.9308035714285714 0.41294642857142855 0.022321428571428572 0.03125
0 0.9799107142857143 0.4174107142857143 0.026785714285714284 0.03125
0 0.9866071428571429 0.5290178571428571 0.017857142857142856 0.029017857142857144