0 0.9754464285714286 0.3392857142857143 0.020089285714285716 0.024553571428571428
0 0.9017857142857143 0.3482142857142857 0.03125 0.020089285714285716
0 0.8303571428571429 0.3549107142857143 0.029017857142857144 0.020089285714285716
0 0.5915178571428571 0.28125 0.026785714285714284 0.013392857142857142
0 0.5178571428571429 0.32589285714285715 0.020089285714285716 0.017857142857142856
0 0.37723214285714285 0.28794642857142855 0.03125 0.013392857142857142
0 0.19419642857142858 0.34598214285714285 0.022321428571428572 0.022321428571428572
0 0.13839285714285715 0.30580357142857145 0.046875 0.022321428571428572
0 0.05133928571428571 0.2700892857142857 0.013392857142857142 0.022321428571428572
0 0.006696428571428571 0.27232142857142855 0.006696428571428571 0.024553571428571428
0 0.013392857142857142 0.35714285714285715 0.017857142857142856 0.013392857142857142