0 0.020089285714285716 0.5 0.03794642857142857 0.026785714285714284
0 0.13616071428571427 0.37276785714285715 0.03794642857142857 0.015625
0 0.044642857142857144 0.29464285714285715 0.015625 0.024553571428571428
0 0.3549107142857143 0.44642857142857145 0.022321428571428572 0.026785714285714284
0 0.4732142857142857 0.39955357142857145 0.022321428571428572 0.03571428571428571
0 0.37723214285714285 0.2924107142857143 0.013392857142857142 0.024553571428571428
0 0.33035714285714285 0.2611607142857143 0.013392857142857142 0.017857142857142856
0 0.3169642857142857 0.25223214285714285 0.011160714285714286 0.020089285714285716
0 0.5178571428571429 0.2611607142857143 0.013392857142857142 0.022321428571428572
0 0.6160714285714286 0.26339285714285715 0.015625 0.026785714285714284
0 0.6540178571428571 0.4486607142857143 0.015625 0.022321428571428572
0 0.703125 0.46651785714285715 0.026785714285714284 0.022321428571428572
0 0.7544642857142857 0.34151785714285715 0.03794642857142857 0.024553571428571428
0 0.8147321428571429 0.33705357142857145 0.015625 0.029017857142857144
0 0.8214285714285714 0.359375 0.04017857142857143 0.017857142857142856
0 0.8415178571428571 0.546875 0.044642857142857144 0.026785714285714284