0 0.9955357142857143 0.35714285714285715 0.006696428571428571 0.022321428571428572
0 0.9084821428571429 0.265625 0.015625 0.024553571428571428
0 0.7879464285714286 0.31473214285714285 0.04241071428571429 0.020089285714285716
0 0.8482142857142857 0.36830357142857145 0.022321428571428572 0.017857142857142856
0 0.6830357142857143 0.42857142857142855 0.029017857142857144 0.03125
0 0.5625 0.296875 0.017857142857142856 0.03125
0 0.5200892857142857 0.2924107142857143 0.017857142857142856 0.024553571428571428
0 0.46875 0.27232142857142855 0.020089285714285716 0.026785714285714284
0 0.45535714285714285 0.3125 0.017857142857142856 0.029017857142857144
0 0.3080357142857143 0.33482142857142855 0.029017857142857144 0.03571428571428571
0 0.24107142857142858 0.4799107142857143 0.03125 0.029017857142857144