0 0.27232142857142855 0.26339285714285715 0.015625 0.026785714285714284
0 0.3080357142857143 0.27232142857142855 0.017857142857142856 0.026785714285714284
0 0.27232142857142855 0.3080357142857143 0.020089285714285716 0.017857142857142856
0 0.49776785714285715 0.27901785714285715 0.017857142857142856 0.022321428571428572
0 0.5959821428571429 0.28348214285714285 0.015625 0.020089285714285716
0 0.6294642857142857 0.25892857142857145 0.03794642857142857 0.017857142857142856
0 0.5959821428571429 0.40625 0.017857142857142856 0.024553571428571428
0 0.7767857142857143 0.29464285714285715 0.017857142857142856 0.03571428571428571
0 0.8683035714285714 0.25892857142857145 0.022321428571428572 0.033482142857142856
0 0.953125 0.2544642857142857 0.026785714285714284 0.03125
0 0.8147321428571429 0.49330357142857145 0.03794642857142857 0.026785714285714284