0 0.12946428571428573 0.38392857142857145 0.024553571428571428 0.024553571428571428
0 0.29017857142857145 0.36607142857142855 0.013392857142857142 0.020089285714285716
0 0.25223214285714285 0.390625 0.033482142857142856 0.013392857142857142
0 0.35267857142857145 0.4017857142857143 0.022321428571428572 0.011160714285714286
0 0.46651785714285715 0.3950892857142857 0.024553571428571428 0.017857142857142856
0 0.6450892857142857 0.390625 0.020089285714285716 0.015625
0 0.7410714285714286 0.41517857142857145 0.022321428571428572 0.013392857142857142
0 0.8638392857142857 0.39955357142857145 0.020089285714285716 0.017857142857142856
0 0.8883928571428571 0.421875 0.013392857142857142 0.017857142857142856
0 0.9799107142857143 0.40848214285714285 0.022321428571428572 0.015625
0 0.9799107142857143 0.5066964285714286 0.022321428571428572 0.026785714285714284