0 0.03794642857142857 0.453125 0.015625 0.03571428571428571
0 0.203125 0.5446428571428571 0.020089285714285716 0.026785714285714284
0 0.20982142857142858 0.6316964285714286 0.022321428571428572 0.026785714285714284
0 0.4486607142857143 0.3794642857142857 0.04017857142857143 0.017857142857142856
0 0.26339285714285715 0.40848214285714285 0.03794642857142857 0.011160714285714286
0 0.5491071428571429 0.4575892857142857 0.020089285714285716 0.03571428571428571
0 0.5267857142857143 0.5870535714285714 0.022321428571428572 0.024553571428571428
0 0.8102678571428571 0.796875 0.04017857142857143 0.03125
0 0.3392857142857143 0.6919642857142857 0.05803571428571429 0.022321428571428572
0 0.11607142857142858 0.6160714285714286 0.03794642857142857 0.017857142857142856
0 0.8392857142857143 0.39955357142857145 0.015625 0.029017857142857144
0 0.8839285714285714 0.3861607142857143 0.013392857142857142 0.022321428571428572
0 0.9821428571428571 0.6808035714285714 0.029017857142857144 0.022321428571428572
0 0.9486607142857143 0.46875 0.017857142857142856 0.03125
0 0.953125 0.4107142857142857 0.015625 0.022321428571428572
0 0.9441964285714286 0.36607142857142855 0.017857142857142856 0.026785714285714284