0 0.033482142857142856 0.3705357142857143 0.017857142857142856 0.029017857142857144
0 0.08928571428571429 0.3705357142857143 0.017857142857142856 0.026785714285714284
0 0.3080357142857143 0.5245535714285714 0.026785714285714284 0.033482142857142856
0 0.3705357142857143 0.6540178571428571 0.029017857142857144 0.03571428571428571
0 0.3236607142857143 0.33705357142857145 0.015625 0.026785714285714284
0 0.47544642857142855 0.3705357142857143 0.017857142857142856 0.029017857142857144
0 0.5290178571428571 0.46205357142857145 0.024553571428571428 0.033482142857142856
0 0.5870535714285714 0.38839285714285715 0.03125 0.013392857142857142
0 0.5848214285714286 0.29464285714285715 0.015625 0.033482142857142856
0 0.5066964285714286 0.453125 0.04241071428571429 0.020089285714285716
0 0.9263392857142857 0.40401785714285715 0.022321428571428572 0.024553571428571428