0 0.03125 0.4263392857142857 0.017857142857142856 0.03794642857142857
0 0.23660714285714285 0.3549107142857143 0.015625 0.024553571428571428
0 0.5334821428571429 0.3125 0.015625 0.029017857142857144
0 0.37276785714285715 0.49330357142857145 0.033482142857142856 0.022321428571428572
0 0.41294642857142855 0.5290178571428571 0.026785714285714284 0.022321428571428572
0 0.6004464285714286 0.5513392857142857 0.03794642857142857 0.022321428571428572
0 0.625 0.38839285714285715 0.015625 0.029017857142857144
0 0.5401785714285714 0.35267857142857145 0.013392857142857142 0.022321428571428572
0 0.7924107142857143 0.35044642857142855 0.017857142857142856 0.017857142857142856
0 0.8616071428571429 0.36607142857142855 0.015625 0.024553571428571428
0 0.7366071428571429 0.36160714285714285 0.033482142857142856 0.015625
0 0.5580357142857143 0.37276785714285715 0.026785714285714284 0.017857142857142856