0 0.9397321428571429 0.49107142857142855 0.022321428571428572 0.022321428571428572
0 0.9397321428571429 0.37723214285714285 0.015625 0.026785714285714284
0 0.8169642857142857 0.36160714285714285 0.020089285714285716 0.029017857142857144
0 0.8370535714285714 0.375 0.013392857142857142 0.020089285714285716
0 0.5892857142857143 0.3950892857142857 0.020089285714285716 0.017857142857142856
0 0.578125 0.45982142857142855 0.017857142857142856 0.03125
0 0.46651785714285715 0.35714285714285715 0.024553571428571428 0.013392857142857142
0 0.41294642857142855 0.37276785714285715 0.020089285714285716 0.017857142857142856
0 0.28794642857142855 0.40848214285714285 0.049107142857142856 0.020089285714285716
0 0.16294642857142858 0.40401785714285715 0.029017857142857144 0.017857142857142856
0 0.10491071428571429 0.3794642857142857 0.020089285714285716 0.029017857142857144
0 0.13392857142857142 0.36160714285714285 0.017857142857142856 0.013392857142857142
0 0.328125 0.38392857142857145 0.026785714285714284 0.026785714285714284