0 0.24330357142857142 0.5915178571428571 0.015625 0.020089285714285716
0 0.45089285714285715 0.5111607142857143 0.04017857142857143 0.022321428571428572
0 0.28125 0.45535714285714285 0.024553571428571428 0.026785714285714284
0 0.3392857142857143 0.4330357142857143 0.04017857142857143 0.017857142857142856
0 0.3236607142857143 0.3950892857142857 0.015625 0.029017857142857144
0 0.3638392857142857 0.36607142857142855 0.049107142857142856 0.017857142857142856
0 0.4486607142857143 0.3638392857142857 0.017857142857142856 0.022321428571428572
0 0.8325892857142857 0.39955357142857145 0.020089285714285716 0.03125
0 0.90625 0.453125 0.017857142857142856 0.026785714285714284
0 0.96875 0.5223214285714286 0.03571428571428571 0.017857142857142856
0 0.9151785714285714 0.36607142857142855 0.03571428571428571 0.013392857142857142
0 0.9352678571428571 0.35044642857142855 0.015625 0.022321428571428572