0 0.6517857142857143 0.3794642857142857 0.013392857142857142 0.020089285714285716
0 0.546875 0.35044642857142855 0.015625 0.024553571428571428
0 0.6830357142857143 0.33705357142857145 0.017857142857142856 0.020089285714285716
0 0.6651785714285714 0.35044642857142855 0.017857142857142856 0.029017857142857144
0 0.42857142857142855 0.38169642857142855 0.022321428571428572 0.017857142857142856
0 0.33035714285714285 0.3549107142857143 0.015625 0.020089285714285716
0 0.22991071428571427 0.3482142857142857 0.017857142857142856 0.024553571428571428
0 0.23214285714285715 0.3125 0.029017857142857144 0.017857142857142856
0 0.16294642857142858 0.33705357142857145 0.020089285714285716 0.015625
0 0.13839285714285715 0.33035714285714285 0.029017857142857144 0.013392857142857142
0 0.125 0.34151785714285715 0.017857142857142856 0.020089285714285716
0 0.08035714285714286 0.359375 0.015625 0.03125
0 0.011160714285714286 0.328125 0.015625 0.03125