0 0.9910714285714286 0.375 0.008928571428571428 0.026785714285714284
0 0.8125 0.3080357142857143 0.020089285714285716 0.026785714285714284
0 0.7165178571428571 0.39732142857142855 0.033482142857142856 0.020089285714285716
0 0.5044642857142857 0.3549107142857143 0.015625 0.024553571428571428
0 0.45982142857142855 0.39955357142857145 0.017857142857142856 0.022321428571428572
0 0.3325892857142857 0.35714285714285715 0.015625 0.026785714285714284
0 0.27232142857142855 0.375 0.017857142857142856 0.029017857142857144
0 0.47098214285714285 0.3638392857142857 0.04241071428571429 0.020089285714285716
0 0.17410714285714285 0.3392857142857143 0.03571428571428571 0.015625
0 0.11383928571428571 0.33705357142857145 0.017857142857142856 0.024553571428571428
0 0.13839285714285715 0.4955357142857143 0.033482142857142856 0.017857142857142856
0 0.29910714285714285 0.5133928571428571 0.026785714285714284 0.020089285714285716
0 0.24107142857142858 0.5691964285714286 0.033482142857142856 0.017857142857142856
0 0.015625 0.43973214285714285 0.026785714285714284 0.020089285714285716