0 0.004464285714285714 0.31919642857142855 0.008928571428571428 0.03125
0 0.011160714285714286 0.3638392857142857 0.022321428571428572 0.020089285714285716
0 0.10044642857142858 0.27901785714285715 0.015625 0.024553571428571428
0 0.21205357142857142 0.32589285714285715 0.03794642857142857 0.017857142857142856
0 0.15848214285714285 0.375 0.022321428571428572 0.015625
0 0.31026785714285715 0.43080357142857145 0.026785714285714284 0.029017857142857144
0 0.421875 0.3080357142857143 0.017857142857142856 0.029017857142857144
0 0.46205357142857145 0.30580357142857145 0.017857142857142856 0.024553571428571428
0 0.5089285714285714 0.2857142857142857 0.017857142857142856 0.024553571428571428
0 0.5223214285714286 0.3236607142857143 0.015625 0.026785714285714284
0 0.65625 0.34375 0.026785714285714284 0.033482142857142856
0 0.7209821428571429 0.47767857142857145 0.029017857142857144 0.026785714285714284