0 0.10714285714285714 0.45089285714285715 0.020089285714285716 0.020089285714285716
0 0.40401785714285715 0.45535714285714285 0.03571428571428571 0.015625
0 0.3236607142857143 0.453125 0.022321428571428572 0.015625
0 0.34375 0.40401785714285715 0.03125 0.015625
0 0.4955357142857143 0.40625 0.015625 0.020089285714285716
0 0.640625 0.6183035714285714 0.024553571428571428 0.017857142857142856
0 0.640625 0.45982142857142855 0.015625 0.015625
0 0.7299107142857143 0.40848214285714285 0.013392857142857142 0.020089285714285716
0 0.6897321428571429 0.34598214285714285 0.013392857142857142 0.024553571428571428
0 0.8147321428571429 0.3549107142857143 0.013392857142857142 0.022321428571428572
0 0.859375 0.3638392857142857 0.013392857142857142 0.022321428571428572
0 0.9642857142857143 0.421875 0.017857142857142856 0.020089285714285716
0 0.8995535714285714 0.6473214285714286 0.013392857142857142 0.020089285714285716