0 0.20535714285714285 0.7120535714285714 0.03125 0.020089285714285716
0 0.41294642857142855 0.6428571428571429 0.04241071428571429 0.026785714285714284
0 0.4375 0.42410714285714285 0.015625 0.029017857142857144
0 0.30357142857142855 0.4107142857142857 0.020089285714285716 0.022321428571428572
0 0.28125 0.35267857142857145 0.015625 0.022321428571428572
0 0.2611607142857143 0.3169642857142857 0.013392857142857142 0.03125
0 0.34598214285714285 0.36830357142857145 0.017857142857142856 0.026785714285714284
0 0.34151785714285715 0.3325892857142857 0.033482142857142856 0.011160714285714286
0 0.41964285714285715 0.34375 0.015625 0.017857142857142856
0 0.640625 0.37723214285714285 0.013392857142857142 0.024553571428571428
0 0.640625 0.34375 0.017857142857142856 0.026785714285714284
0 0.7098214285714286 0.3705357142857143 0.029017857142857144 0.015625
0 0.7209821428571429 0.39285714285714285 0.024553571428571428 0.022321428571428572
0 0.9263392857142857 0.35714285714285715 0.020089285714285716 0.033482142857142856
0 0.7834821428571429 0.39955357142857145 0.017857142857142856 0.022321428571428572
0 0.65625 0.5758928571428571 0.029017857142857144 0.015625
0 0.7879464285714286 0.6495535714285714 0.015625 0.020089285714285716
0 0.9642857142857143 0.4419642857142857 0.022321428571428572 0.024553571428571428
0 0.84375 0.45535714285714285 0.024553571428571428 0.026785714285714284