0 0.011160714285714286 0.46651785714285715 0.020089285714285716 0.029017857142857144
0 0.08482142857142858 0.45982142857142855 0.020089285714285716 0.020089285714285716
0 0.08482142857142858 0.3549107142857143 0.013392857142857142 0.024553571428571428
0 0.19866071428571427 0.3392857142857143 0.017857142857142856 0.026785714285714284
0 0.18080357142857142 0.35044642857142855 0.013392857142857142 0.017857142857142856
0 0.4107142857142857 0.36830357142857145 0.020089285714285716 0.015625
0 0.421875 0.43080357142857145 0.015625 0.029017857142857144
0 0.5245535714285714 0.33482142857142855 0.022321428571428572 0.011160714285714286
0 0.5736607142857143 0.35044642857142855 0.020089285714285716 0.015625
0 0.6897321428571429 0.38392857142857145 0.044642857142857144 0.017857142857142856
0 0.8080357142857143 0.3794642857142857 0.026785714285714284 0.017857142857142856
0 0.8616071428571429 0.3549107142857143 0.020089285714285716 0.026785714285714284
0 0.8348214285714286 0.3392857142857143 0.015625 0.013392857142857142
0 0.6540178571428571 0.36160714285714285 0.024553571428571428 0.024553571428571428
0 0.9799107142857143 0.359375 0.020089285714285716 0.026785714285714284