0 0.9888392857142857 0.35714285714285715 0.013392857142857142 0.022321428571428572
0 0.8102678571428571 0.2924107142857143 0.017857142857142856 0.026785714285714284
0 0.71875 0.37723214285714285 0.03125 0.017857142857142856
0 0.515625 0.33705357142857145 0.015625 0.024553571428571428
0 0.47098214285714285 0.3794642857142857 0.017857142857142856 0.022321428571428572
0 0.3482142857142857 0.3392857142857143 0.015625 0.026785714285714284
0 0.29017857142857145 0.35714285714285715 0.017857142857142856 0.026785714285714284
0 0.48214285714285715 0.34598214285714285 0.04241071428571429 0.020089285714285716
0 0.19419642857142858 0.32142857142857145 0.03571428571428571 0.013392857142857142
0 0.13616071428571427 0.31919642857142855 0.017857142857142856 0.024553571428571428
0 0.16071428571428573 0.4732142857142857 0.03125 0.017857142857142856
0 0.31473214285714285 0.49107142857142855 0.024553571428571428 0.020089285714285716
0 0.25892857142857145 0.5424107142857143 0.033482142857142856 0.015625
0 0.03571428571428571 0.4174107142857143 0.03794642857142857 0.015625