0 0.8950892857142857 0.44419642857142855 0.017857142857142856 0.022321428571428572
0 0.9174107142857143 0.4107142857142857 0.017857142857142856 0.026785714285714284
0 0.8482142857142857 0.45535714285714285 0.029017857142857144 0.020089285714285716
0 0.7366071428571429 0.4575892857142857 0.015625 0.015625
0 0.7120535714285714 0.42410714285714285 0.015625 0.03125
0 0.7120535714285714 0.5647321428571429 0.05357142857142857 0.020089285714285716
0 0.5357142857142857 0.33482142857142855 0.015625 0.024553571428571428
0 0.453125 0.3794642857142857 0.04241071428571429 0.011160714285714286
0 0.41964285714285715 0.3325892857142857 0.03125 0.015625
0 0.44642857142857145 0.34598214285714285 0.015625 0.03125
0 0.40848214285714285 0.4486607142857143 0.03794642857142857 0.015625
0 0.19866071428571427 0.36830357142857145 0.015625 0.024553571428571428
0 0.3482142857142857 0.359375 0.022321428571428572 0.03125
0 0.31919642857142855 0.46875 0.04241071428571429 0.020089285714285716
0 0.10267857142857142 0.4575892857142857 0.03794642857142857 0.017857142857142856