0 0.6941964285714286 0.484375 0.024553571428571428 0.03125
0 0.671875 0.4955357142857143 0.022321428571428572 0.03125
0 0.6897321428571429 0.2700892857142857 0.017857142857142856 0.022321428571428572
0 0.6116071428571429 0.25223214285714285 0.017857142857142856 0.029017857142857144
0 0.5669642857142857 0.2924107142857143 0.017857142857142856 0.029017857142857144
0 0.5714285714285714 0.26339285714285715 0.029017857142857144 0.015625
0 0.47767857142857145 0.3236607142857143 0.020089285714285716 0.029017857142857144
0 0.5267857142857143 0.39732142857142855 0.044642857142857144 0.020089285714285716
0 0.5267857142857143 0.49107142857142855 0.022321428571428572 0.029017857142857144
0 0.4419642857142857 0.28125 0.017857142857142856 0.029017857142857144
0 0.3705357142857143 0.3169642857142857 0.024553571428571428 0.03125
0 0.34598214285714285 0.5044642857142857 0.044642857142857144 0.024553571428571428
0 0.26785714285714285 0.3169642857142857 0.020089285714285716 0.024553571428571428
0 0.21651785714285715 0.30357142857142855 0.017857142857142856 0.017857142857142856
0 0.28125 0.28348214285714285 0.017857142857142856 0.033482142857142856
0 0.060267857142857144 0.328125 0.020089285714285716 0.026785714285714284
0 0.13839285714285715 0.3950892857142857 0.022321428571428572 0.044642857142857144