0 0.09375 0.36607142857142855 0.033482142857142856 0.017857142857142856
0 0.36830357142857145 0.33482142857142855 0.013392857142857142 0.022321428571428572
0 0.39732142857142855 0.34375 0.015625 0.024553571428571428
0 0.36607142857142855 0.375 0.017857142857142856 0.015625
0 0.5602678571428571 0.35044642857142855 0.015625 0.020089285714285716
0 0.6428571428571429 0.35267857142857145 0.013392857142857142 0.017857142857142856
0 0.671875 0.3325892857142857 0.03125 0.015625
0 0.6450892857142857 0.4575892857142857 0.015625 0.020089285714285716
0 0.7991071428571429 0.36160714285714285 0.015625 0.03125
0 0.8772321428571429 0.3325892857142857 0.020089285714285716 0.029017857142857144
0 0.9508928571428571 0.328125 0.022321428571428572 0.026785714285714284
0 0.8303571428571429 0.5334821428571429 0.033482142857142856 0.022321428571428572