0 0.029017857142857144 0.31026785714285715 0.024553571428571428 0.024553571428571428
0 0.41294642857142855 0.3125 0.049107142857142856 0.020089285714285716
0 0.390625 0.3482142857142857 0.022321428571428572 0.029017857142857144
0 0.060267857142857144 0.5580357142857143 0.04017857142857143 0.020089285714285716
0 0.49107142857142855 0.31473214285714285 0.020089285714285716 0.024553571428571428
0 0.5803571428571429 0.33482142857142855 0.024553571428571428 0.026785714285714284
0 0.625 0.34151785714285715 0.04241071428571429 0.015625
0 0.7209821428571429 0.3392857142857143 0.020089285714285716 0.029017857142857144
0 0.8035714285714286 0.26785714285714285 0.044642857142857144 0.020089285714285716
0 0.8727678571428571 0.22321428571428573 0.015625 0.026785714285714284
0 0.9575892857142857 0.2700892857142857 0.017857142857142856 0.022321428571428572
0 0.8973214285714286 0.7477678571428571 0.026785714285714284 0.04241071428571429
0 0.8058035714285714 0.7455357142857143 0.033482142857142856 0.03125