0 0.004464285714285714 0.35044642857142855 0.008928571428571428 0.03571428571428571
0 0.09375 0.31919642857142855 0.020089285714285716 0.022321428571428572
0 0.14508928571428573 0.36160714285714285 0.015625 0.026785714285714284
0 0.18080357142857142 0.32589285714285715 0.017857142857142856 0.022321428571428572
0 0.2544642857142857 0.33035714285714285 0.015625 0.020089285714285716
0 0.27455357142857145 0.3125 0.015625 0.022321428571428572
0 0.14955357142857142 0.5602678571428571 0.04241071428571429 0.026785714285714284
0 0.060267857142857144 0.5178571428571429 0.022321428571428572 0.022321428571428572
0 0.15848214285714285 0.4486607142857143 0.015625 0.017857142857142856
0 0.33482142857142855 0.4107142857142857 0.029017857142857144 0.022321428571428572
0 0.42857142857142855 0.37276785714285715 0.03125 0.029017857142857144
0 0.375 0.33035714285714285 0.015625 0.024553571428571428
0 0.5625 0.35714285714285715 0.017857142857142856 0.04017857142857143