0 0.04241071428571429 0.5357142857142857 0.046875 0.022321428571428572
0 0.08928571428571429 0.4174107142857143 0.017857142857142856 0.026785714285714284
0 0.19866071428571427 0.3794642857142857 0.03125 0.020089285714285716
0 0.3638392857142857 0.39285714285714285 0.03571428571428571 0.017857142857142856
0 0.5625 0.3705357142857143 0.017857142857142856 0.033482142857142856
0 0.3794642857142857 0.44419642857142855 0.013392857142857142 0.015625
0 0.5200892857142857 0.5290178571428571 0.022321428571428572 0.022321428571428572
0 0.7522321428571429 0.39732142857142855 0.017857142857142856 0.026785714285714284
0 0.8236607142857143 0.39732142857142855 0.022321428571428572 0.013392857142857142
0 0.921875 0.34375 0.015625 0.026785714285714284
0 0.9776785714285714 0.36160714285714285 0.013392857142857142 0.017857142857142856