0 0.006696428571428571 0.484375 0.013392857142857142 0.03125
0 0.006696428571428571 0.35044642857142855 0.013392857142857142 0.022321428571428572
0 0.16964285714285715 0.3861607142857143 0.013392857142857142 0.011160714285714286
0 0.12053571428571429 0.4419642857142857 0.015625 0.011160714285714286
0 0.05803571428571429 0.41294642857142855 0.046875 0.015625
0 0.15178571428571427 0.47767857142857145 0.022321428571428572 0.013392857142857142
0 0.14285714285714285 0.6785714285714286 0.022321428571428572 0.029017857142857144
0 0.35044642857142855 0.5223214285714286 0.033482142857142856 0.017857142857142856
0 0.42410714285714285 0.5089285714285714 0.03794642857142857 0.024553571428571428
0 0.4330357142857143 0.6651785714285714 0.029017857142857144 0.029017857142857144
0 0.453125 0.3794642857142857 0.03794642857142857 0.015625
0 0.4107142857142857 0.3950892857142857 0.015625 0.015625
0 0.3482142857142857 0.39285714285714285 0.011160714285714286 0.013392857142857142
0 0.27455357142857145 0.3638392857142857 0.013392857142857142 0.020089285714285716
0 0.7433035714285714 0.39955357142857145 0.022321428571428572 0.020089285714285716
0 0.828125 0.47544642857142855 0.03125 0.020089285714285716
0 0.45982142857142855 0.4263392857142857 0.029017857142857144 0.015625