0 0.9441964285714286 0.30580357142857145 0.015625 0.022321428571428572
0 0.9196428571428571 0.27901785714285715 0.020089285714285716 0.020089285714285716
0 0.8683035714285714 0.3080357142857143 0.020089285714285716 0.029017857142857144
0 0.9776785714285714 0.328125 0.017857142857142856 0.013392857142857142
0 0.7522321428571429 0.3125 0.017857142857142856 0.029017857142857144
0 0.7053571428571429 0.3013392857142857 0.03571428571428571 0.013392857142857142
0 0.6763392857142857 0.31473214285714285 0.017857142857142856 0.026785714285714284
0 0.6428571428571429 0.359375 0.017857142857142856 0.029017857142857144
0 0.5915178571428571 0.3080357142857143 0.013392857142857142 0.022321428571428572
0 0.5691964285714286 0.28348214285714285 0.011160714285714286 0.024553571428571428
0 0.5580357142857143 0.27901785714285715 0.013392857142857142 0.03125
0 0.6049107142857143 0.33482142857142855 0.015625 0.013392857142857142
0 0.421875 0.3125 0.013392857142857142 0.024553571428571428
0 0.41517857142857145 0.33482142857142855 0.017857142857142856 0.020089285714285716
0 0.390625 0.29017857142857145 0.015625 0.024553571428571428
0 0.31473214285714285 0.28348214285714285 0.017857142857142856 0.026785714285714284
0 0.24107142857142858 0.4263392857142857 0.015625 0.026785714285714284
0 0.09375 0.3861607142857143 0.033482142857142856 0.024553571428571428
0 0.13169642857142858 0.3236607142857143 0.026785714285714284 0.026785714285714284
0 0.033482142857142856 0.296875 0.015625 0.015625
0 0.015625 0.31026785714285715 0.017857142857142856 0.020089285714285716
0 0.3013392857142857 0.6004464285714286 0.024553571428571428 0.060267857142857144