0 0.12053571428571429 0.5 0.03571428571428571 0.020089285714285716
0 0.14285714285714285 0.421875 0.013392857142857142 0.03125
0 0.20982142857142858 0.5111607142857143 0.017857142857142856 0.026785714285714284
0 0.43526785714285715 0.359375 0.033482142857142856 0.015625
0 0.5066964285714286 0.41964285714285715 0.015625 0.026785714285714284
0 0.40625 0.5602678571428571 0.03794642857142857 0.022321428571428572
0 0.453125 0.38169642857142855 0.026785714285714284 0.008928571428571428
0 0.59375 0.53125 0.05580357142857143 0.017857142857142856
0 0.8482142857142857 0.37276785714285715 0.013392857142857142 0.022321428571428572
0 0.8638392857142857 0.34375 0.013392857142857142 0.022321428571428572
0 0.8080357142857143 0.38169642857142855 0.013392857142857142 0.026785714285714284
0 0.8415178571428571 0.42857142857142855 0.017857142857142856 0.026785714285714284
0 0.8950892857142857 0.38839285714285715 0.011160714285714286 0.020089285714285716
0 0.9508928571428571 0.39285714285714285 0.013392857142857142 0.024553571428571428
0 0.9642857142857143 0.453125 0.017857142857142856 0.03125
0 0.9486607142857143 0.5580357142857143 0.020089285714285716 0.026785714285714284
0 0.9732142857142857 0.33482142857142855 0.013392857142857142 0.020089285714285716
0 0.9754464285714286 0.31473214285714285 0.011160714285714286 0.020089285714285716