0 0.7678571428571429 0.5223214285714286 0.015625 0.029017857142857144
0 0.7700892857142857 0.4642857142857143 0.05357142857142857 0.015625
0 0.8214285714285714 0.3950892857142857 0.020089285714285716 0.026785714285714284
0 0.9397321428571429 0.40401785714285715 0.03571428571428571 0.022321428571428572
0 0.6696428571428571 0.41517857142857145 0.015625 0.022321428571428572
0 0.6450892857142857 0.40848214285714285 0.017857142857142856 0.022321428571428572
0 0.6160714285714286 0.43973214285714285 0.046875 0.026785714285714284
0 0.5357142857142857 0.44419642857142855 0.03125 0.033482142857142856
0 0.39285714285714285 0.43973214285714285 0.015625 0.026785714285714284
0 0.2924107142857143 0.515625 0.03125 0.024553571428571428
0 0.21875 0.5736607142857143 0.03125 0.015625
0 0.16071428571428573 0.5178571428571429 0.033482142857142856 0.026785714285714284
0 0.19866071428571427 0.43973214285714285 0.017857142857142856 0.026785714285714284
0 0.14508928571428573 0.43526785714285715 0.017857142857142856 0.029017857142857144
0 0.12723214285714285 0.39285714285714285 0.044642857142857144 0.022321428571428572
0 0.05357142857142857 0.5178571428571429 0.046875 0.026785714285714284
0 0.5044642857142857 0.640625 0.03125 0.06696428571428571