0 0.234375 0.41964285714285715 0.017857142857142856 0.04017857142857143
0 0.33705357142857145 0.45089285714285715 0.05133928571428571 0.015625
0 0.38392857142857145 0.46875 0.020089285714285716 0.03125
0 0.45089285714285715 0.4799107142857143 0.017857142857142856 0.03571428571428571
0 0.45535714285714285 0.41294642857142855 0.020089285714285716 0.04241071428571429
0 0.5089285714285714 0.37276785714285715 0.015625 0.03125
0 0.6227678571428571 0.47098214285714285 0.046875 0.020089285714285716
0 0.6227678571428571 0.41294642857142855 0.022321428571428572 0.024553571428571428
0 0.6584821428571429 0.41294642857142855 0.017857142857142856 0.026785714285714284
0 0.7366071428571429 0.49776785714285715 0.017857142857142856 0.024553571428571428
0 0.734375 0.40625 0.013392857142857142 0.029017857142857144
0 0.7611607142857143 0.3950892857142857 0.022321428571428572 0.013392857142857142
0 0.796875 0.40401785714285715 0.017857142857142856 0.015625
0 0.8191964285714286 0.421875 0.033482142857142856 0.011160714285714286
0 0.8571428571428571 0.35267857142857145 0.022321428571428572 0.020089285714285716
0 0.9107142857142857 0.41964285714285715 0.015625 0.024553571428571428
0 0.9776785714285714 0.41964285714285715 0.03125 0.015625
0 0.8705357142857143 0.4107142857142857 0.03571428571428571 0.022321428571428572