0 0.390625 0.515625 0.03125 0.017857142857142856
0 0.6964285714285714 0.359375 0.022321428571428572 0.026785714285714284
0 0.6428571428571429 0.34598214285714285 0.013392857142857142 0.026785714285714284
0 0.7767857142857143 0.35267857142857145 0.017857142857142856 0.015625
0 0.7790178571428571 0.375 0.029017857142857144 0.015625
0 0.8683035714285714 0.42857142857142855 0.017857142857142856 0.020089285714285716
0 0.8973214285714286 0.3325892857142857 0.015625 0.022321428571428572
0 0.9375 0.3392857142857143 0.033482142857142856 0.017857142857142856
0 0.9620535714285714 0.38392857142857145 0.015625 0.017857142857142856
0 0.9754464285714286 0.3638392857142857 0.020089285714285716 0.015625
0 0.6517857142857143 0.3950892857142857 0.022321428571428572 0.017857142857142856