0 0.890625 0.5357142857142857 0.020089285714285716 0.017857142857142856
0 0.9620535714285714 0.4263392857142857 0.015625 0.020089285714285716
0 0.921875 0.36160714285714285 0.015625 0.026785714285714284
0 0.9665178571428571 0.34598214285714285 0.015625 0.020089285714285716
0 0.8727678571428571 0.3950892857142857 0.015625 0.033482142857142856
0 0.8392857142857143 0.33705357142857145 0.013392857142857142 0.022321428571428572
0 0.671875 0.4575892857142857 0.017857142857142856 0.03125
0 0.6897321428571429 0.375 0.015625 0.026785714285714284
0 0.421875 0.38839285714285715 0.020089285714285716 0.022321428571428572
0 0.38839285714285715 0.36607142857142855 0.017857142857142856 0.029017857142857144
0 0.3549107142857143 0.390625 0.020089285714285716 0.024553571428571428
0 0.26785714285714285 0.39285714285714285 0.017857142857142856 0.024553571428571428