0 0.029017857142857144 0.5736607142857143 0.03794642857142857 0.024553571428571428
0 0.14732142857142858 0.45089285714285715 0.03794642857142857 0.013392857142857142
0 0.05803571428571429 0.37276785714285715 0.013392857142857142 0.024553571428571428
0 0.359375 0.5223214285714286 0.022321428571428572 0.024553571428571428
0 0.4732142857142857 0.47767857142857145 0.022321428571428572 0.03571428571428571
0 0.38169642857142855 0.37276785714285715 0.013392857142857142 0.022321428571428572
0 0.33482142857142855 0.34375 0.013392857142857142 0.017857142857142856
0 0.3236607142857143 0.33482142857142855 0.011160714285714286 0.017857142857142856
0 0.515625 0.34151785714285715 0.013392857142857142 0.022321428571428572
0 0.6116071428571429 0.34375 0.015625 0.026785714285714284
0 0.6495535714285714 0.5245535714285714 0.013392857142857142 0.022321428571428572
0 0.6986607142857143 0.5424107142857143 0.024553571428571428 0.022321428571428572
0 0.7477678571428571 0.41964285714285715 0.03571428571428571 0.022321428571428572
0 0.8058035714285714 0.4174107142857143 0.015625 0.029017857142857144
0 0.8125 0.4375 0.03794642857142857 0.015625
0 0.8325892857142857 0.6205357142857143 0.04241071428571429 0.024553571428571428