0 0.011160714285714286 0.3794642857142857 0.022321428571428572 0.013392857142857142
0 0.08258928571428571 0.4263392857142857 0.017857142857142856 0.029017857142857144
0 0.11830357142857142 0.39285714285714285 0.03794642857142857 0.017857142857142856
0 0.26339285714285715 0.39732142857142855 0.013392857142857142 0.020089285714285716
0 0.30580357142857145 0.4107142857142857 0.022321428571428572 0.013392857142857142
0 0.515625 0.3013392857142857 0.015625 0.022321428571428572
0 0.4263392857142857 0.4799107142857143 0.026785714285714284 0.020089285714285716
0 0.7299107142857143 0.3638392857142857 0.013392857142857142 0.026785714285714284
0 0.9263392857142857 0.4174107142857143 0.017857142857142856 0.03571428571428571
0 0.9508928571428571 0.36160714285714285 0.029017857142857144 0.015625
0 0.7410714285714286 0.41294642857142855 0.015625 0.017857142857142856