0 0.25 0.47767857142857145 0.046875 0.020089285714285716
0 0.14732142857142858 0.47767857142857145 0.029017857142857144 0.017857142857142856
0 0.171875 0.41294642857142855 0.04017857142857143 0.020089285714285716
0 0.36607142857142855 0.4174107142857143 0.020089285714285716 0.026785714285714284
0 0.5513392857142857 0.6875 0.03125 0.022321428571428572
0 0.5491071428571429 0.48660714285714285 0.020089285714285716 0.020089285714285716
0 0.6651785714285714 0.41964285714285715 0.017857142857142856 0.024553571428571428
0 0.6116071428571429 0.3392857142857143 0.017857142857142856 0.033482142857142856
0 0.7723214285714286 0.35044642857142855 0.017857142857142856 0.029017857142857144
0 0.828125 0.3638392857142857 0.017857142857142856 0.029017857142857144
0 0.9642857142857143 0.43526785714285715 0.022321428571428572 0.024553571428571428
0 0.8794642857142857 0.7254464285714286 0.017857142857142856 0.024553571428571428