0 0.953125 0.328125 0.03571428571428571 0.024553571428571428
0 0.8794642857142857 0.39285714285714285 0.03571428571428571 0.026785714285714284
0 0.8370535714285714 0.28348214285714285 0.013392857142857142 0.020089285714285716
0 0.8125 0.28794642857142855 0.015625 0.022321428571428572
0 0.8571428571428571 0.2611607142857143 0.017857142857142856 0.022321428571428572
0 0.6830357142857143 0.29464285714285715 0.015625 0.024553571428571428
0 0.6830357142857143 0.33035714285714285 0.03571428571428571 0.020089285714285716
0 0.6495535714285714 0.3482142857142857 0.022321428571428572 0.024553571428571428
0 0.5892857142857143 0.29910714285714285 0.026785714285714284 0.026785714285714284
0 0.5178571428571429 0.2700892857142857 0.013392857142857142 0.029017857142857144
0 0.5066964285714286 0.265625 0.013392857142857142 0.024553571428571428
0 0.38839285714285715 0.296875 0.017857142857142856 0.03125
0 0.359375 0.30357142857142855 0.013392857142857142 0.024553571428571428
0 0.37276785714285715 0.328125 0.03794642857142857 0.011160714285714286
0 0.24776785714285715 0.27232142857142855 0.017857142857142856 0.029017857142857144
0 0.19642857142857142 0.41294642857142855 0.03125 0.029017857142857144
0 0.5647321428571429 0.296875 0.024553571428571428 0.017857142857142856
0 0.008928571428571428 0.43526785714285715 0.011160714285714286 0.03125
0 0.020089285714285716 0.27901785714285715 0.022321428571428572 0.029017857142857144