0 0.04241071428571429 0.41517857142857145 0.015625 0.020089285714285716
0 0.17410714285714285 0.45535714285714285 0.029017857142857144 0.020089285714285716
0 0.109375 0.5066964285714286 0.015625 0.013392857142857142
0 0.17633928571428573 0.390625 0.022321428571428572 0.013392857142857142
0 0.25223214285714285 0.39955357142857145 0.017857142857142856 0.015625
0 0.3392857142857143 0.42410714285714285 0.022321428571428572 0.015625
0 0.08482142857142858 0.33705357142857145 0.015625 0.013392857142857142
0 0.4486607142857143 0.44419642857142855 0.026785714285714284 0.022321428571428572
0 0.5736607142857143 0.5111607142857143 0.033482142857142856 0.020089285714285716
0 0.7566964285714286 0.45982142857142855 0.029017857142857144 0.017857142857142856
0 0.41964285714285715 0.859375 0.015625 0.024553571428571428