0 0.9866071428571429 0.3638392857142857 0.017857142857142856 0.022321428571428572
0 0.9308035714285714 0.3482142857142857 0.026785714285714284 0.026785714285714284
0 0.9196428571428571 0.3080357142857143 0.013392857142857142 0.029017857142857144
0 0.9375 0.27901785714285715 0.017857142857142856 0.024553571428571428
0 0.8147321428571429 0.29464285714285715 0.017857142857142856 0.026785714285714284
0 0.78125 0.296875 0.015625 0.026785714285714284
0 0.7477678571428571 0.296875 0.017857142857142856 0.026785714285714284
0 0.6941964285714286 0.359375 0.026785714285714284 0.020089285714285716
0 0.6830357142857143 0.5022321428571429 0.020089285714285716 0.024553571428571428
0 0.49330357142857145 0.3080357142857143 0.022321428571428572 0.029017857142857144
0 0.6473214285714286 0.2857142857142857 0.017857142857142856 0.024553571428571428
0 0.45535714285714285 0.34375 0.017857142857142856 0.024553571428571428
0 0.31919642857142855 0.3325892857142857 0.020089285714285716 0.026785714285714284
0 0.5357142857142857 0.7366071428571429 0.04017857142857143 0.046875
0 0.7901785714285714 0.7433035714285714 0.033482142857142856 0.03571428571428571