0 0.9575892857142857 0.34598214285714285 0.020089285714285716 0.026785714285714284
0 0.9352678571428571 0.30357142857142855 0.015625 0.020089285714285716
0 0.7589285714285714 0.30357142857142855 0.017857142857142856 0.022321428571428572
0 0.7165178571428571 0.26785714285714285 0.017857142857142856 0.022321428571428572
0 0.5580357142857143 0.29464285714285715 0.013392857142857142 0.017857142857142856
0 0.6316964285714286 0.28794642857142855 0.015625 0.011160714285714286
0 0.5200892857142857 0.6383928571428571 0.033482142857142856 0.03571428571428571
0 0.4419642857142857 0.3080357142857143 0.05357142857142857 0.017857142857142856
0 0.6160714285714286 0.3325892857142857 0.04017857142857143 0.013392857142857142
0 0.6205357142857143 0.3080357142857143 0.013392857142857142 0.015625
0 0.5044642857142857 0.38169642857142855 0.03571428571428571 0.020089285714285716
0 0.30580357142857145 0.296875 0.017857142857142856 0.022321428571428572
0 0.22991071428571427 0.33482142857142855 0.017857142857142856 0.029017857142857144
0 0.1875 0.3482142857142857 0.015625 0.024553571428571428
0 0.13169642857142858 0.31026785714285715 0.017857142857142856 0.026785714285714284
0 0.30357142857142855 0.3236607142857143 0.015625 0.020089285714285716
0 0.28348214285714285 0.3169642857142857 0.020089285714285716 0.013392857142857142
0 0.011160714285714286 0.3169642857142857 0.013392857142857142 0.022321428571428572
0 0.08482142857142858 0.3794642857142857 0.03571428571428571 0.015625
0 0.12053571428571429 0.6205357142857143 0.05357142857142857 0.022321428571428572