0 0.08258928571428571 0.484375 0.03571428571428571 0.024553571428571428
0 0.08035714285714286 0.38839285714285715 0.017857142857142856 0.022321428571428572
0 0.060267857142857144 0.5491071428571429 0.020089285714285716 0.020089285714285716
0 0.28348214285714285 0.5446428571428571 0.020089285714285716 0.024553571428571428
0 0.27455357142857145 0.3638392857142857 0.013392857142857142 0.022321428571428572
0 0.5736607142857143 0.41517857142857145 0.026785714285714284 0.024553571428571428
0 0.7232142857142857 0.46205357142857145 0.029017857142857144 0.015625
0 0.7745535714285714 0.41964285714285715 0.020089285714285716 0.017857142857142856
0 0.8482142857142857 0.38169642857142855 0.03794642857142857 0.020089285714285716
0 0.984375 0.4263392857142857 0.026785714285714284 0.020089285714285716
0 0.8950892857142857 0.5245535714285714 0.033482142857142856 0.017857142857142856
0 0.9776785714285714 0.5223214285714286 0.026785714285714284 0.017857142857142856
0 0.8125 0.4419642857142857 0.011160714285714286 0.013392857142857142
0 0.9308035714285714 0.4642857142857143 0.029017857142857144 0.013392857142857142