0 0.7611607142857143 0.37276785714285715 0.029017857142857144 0.011160714285714286
0 0.6138392857142857 0.359375 0.015625 0.026785714285714284
0 0.48660714285714285 0.296875 0.013392857142857142 0.024553571428571428
0 0.390625 0.3013392857142857 0.013392857142857142 0.015625
0 0.3080357142857143 0.32142857142857145 0.013392857142857142 0.015625
0 0.25223214285714285 0.33035714285714285 0.020089285714285716 0.015625
0 0.14955357142857142 0.328125 0.015625 0.015625
0 0.049107142857142856 0.375 0.017857142857142856 0.017857142857142856
0 0.16294642857142858 0.38839285714285715 0.029017857142857144 0.020089285714285716
0 0.46875 0.36607142857142855 0.015625 0.020089285714285716
0 0.16517857142857142 0.4419642857142857 0.044642857142857144 0.015625
0 0.171875 0.42410714285714285 0.017857142857142856 0.015625