0 0.10044642857142858 0.5669642857142857 0.022321428571428572 0.026785714285714284
0 0.34598214285714285 0.5089285714285714 0.03571428571428571 0.022321428571428572
0 0.5982142857142857 0.375 0.03794642857142857 0.020089285714285716
0 0.6495535714285714 0.39732142857142855 0.015625 0.024553571428571428
0 0.6875 0.375 0.017857142857142856 0.03125
0 0.6629464285714286 0.359375 0.013392857142857142 0.029017857142857144
0 0.7165178571428571 0.37276785714285715 0.013392857142857142 0.024553571428571428
0 0.7589285714285714 0.35044642857142855 0.029017857142857144 0.020089285714285716
0 0.7924107142857143 0.39285714285714285 0.029017857142857144 0.017857142857142856
0 0.8638392857142857 0.39732142857142855 0.013392857142857142 0.026785714285714284
0 0.9308035714285714 0.34151785714285715 0.013392857142857142 0.03571428571428571
0 0.9174107142857143 0.33705357142857145 0.017857142857142856 0.03125