0 0.8013392857142857 0.421875 0.033482142857142856 0.020089285714285716
0 0.7142857142857143 0.3325892857142857 0.04017857142857143 0.022321428571428572
0 0.6540178571428571 0.3325892857142857 0.017857142857142856 0.022321428571428572
0 0.5669642857142857 0.3125 0.04017857142857143 0.013392857142857142
0 0.6383928571428571 0.390625 0.020089285714285716 0.04241071428571429
0 0.5959821428571429 0.36830357142857145 0.03571428571428571 0.013392857142857142
0 0.5535714285714286 0.3861607142857143 0.03125 0.022321428571428572
0 0.47544642857142855 0.33482142857142855 0.029017857142857144 0.022321428571428572
0 0.31919642857142855 0.35044642857142855 0.015625 0.024553571428571428
0 0.3169642857142857 0.5691964285714286 0.020089285714285716 0.029017857142857144
0 0.5825892857142857 0.6205357142857143 0.033482142857142856 0.026785714285714284
0 0.2767857142857143 0.3325892857142857 0.017857142857142856 0.026785714285714284
0 0.12946428571428573 0.3169642857142857 0.022321428571428572 0.020089285714285716
0 0.06473214285714286 0.35267857142857145 0.015625 0.029017857142857144
0 0.020089285714285716 0.3794642857142857 0.015625 0.022321428571428572