0 0.13616071428571427 0.609375 0.03571428571428571 0.03125
0 0.32142857142857145 0.6763392857142857 0.033482142857142856 0.046875
0 0.39732142857142855 0.578125 0.022321428571428572 0.024553571428571428
0 0.30357142857142855 0.3638392857142857 0.020089285714285716 0.024553571428571428
0 0.21651785714285715 0.31026785714285715 0.020089285714285716 0.020089285714285716
0 0.12053571428571429 0.28348214285714285 0.022321428571428572 0.017857142857142856
0 0.41294642857142855 0.31919642857142855 0.015625 0.022321428571428572
0 0.515625 0.33705357142857145 0.024553571428571428 0.015625
0 0.8236607142857143 0.27232142857142855 0.029017857142857144 0.013392857142857142
0 0.9241071428571429 0.26785714285714285 0.020089285714285716 0.017857142857142856
0 0.9754464285714286 0.6674107142857143 0.029017857142857144 0.022321428571428572