0 0.96875 0.5602678571428571 0.026785714285714284 0.024553571428571428
0 0.7276785714285714 0.375 0.029017857142857144 0.022321428571428572
0 0.5892857142857143 0.3861607142857143 0.022321428571428572 0.029017857142857144
0 0.6473214285714286 0.38392857142857145 0.015625 0.022321428571428572
0 0.49776785714285715 0.390625 0.017857142857142856 0.024553571428571428
0 0.4799107142857143 0.32142857142857145 0.013392857142857142 0.024553571428571428
0 0.32589285714285715 0.3950892857142857 0.020089285714285716 0.022321428571428572
0 0.25892857142857145 0.35714285714285715 0.015625 0.026785714285714284
0 0.203125 0.359375 0.015625 0.024553571428571428
0 0.13839285714285715 0.33035714285714285 0.029017857142857144 0.017857142857142856
0 0.203125 0.421875 0.020089285714285716 0.020089285714285716
0 0.14955357142857142 0.4107142857142857 0.020089285714285716 0.024553571428571428
0 0.18080357142857142 0.4799107142857143 0.026785714285714284 0.024553571428571428
0 0.026785714285714284 0.515625 0.044642857142857144 0.017857142857142856
0 0.23660714285714285 0.34151785714285715 0.017857142857142856 0.022321428571428572