0 0.9352678571428571 0.41517857142857145 0.026785714285714284 0.029017857142857144
0 0.8973214285714286 0.37276785714285715 0.020089285714285716 0.024553571428571428
0 0.9419642857142857 0.34598214285714285 0.020089285714285716 0.03571428571428571
0 0.6473214285714286 0.35044642857142855 0.024553571428571428 0.026785714285714284
0 0.7433035714285714 0.3013392857142857 0.033482142857142856 0.020089285714285716
0 0.44642857142857145 0.4642857142857143 0.06919642857142858 0.017857142857142856
0 0.2700892857142857 0.3325892857142857 0.026785714285714284 0.024553571428571428
0 0.25669642857142855 0.37723214285714285 0.020089285714285716 0.03571428571428571
0 0.27901785714285715 0.3794642857142857 0.017857142857142856 0.03125
0 0.09598214285714286 0.37723214285714285 0.024553571428571428 0.033482142857142856
0 0.984375 0.9174107142857143 0.022321428571428572 0.04017857142857143