0 0.08258928571428571 0.421875 0.046875 0.017857142857142856
0 0.15178571428571427 0.359375 0.020089285714285716 0.026785714285714284
0 0.1875 0.359375 0.020089285714285716 0.026785714285714284
0 0.37723214285714285 0.3794642857142857 0.015625 0.029017857142857144
0 0.421875 0.4955357142857143 0.017857142857142856 0.033482142857142856
0 0.34151785714285715 0.59375 0.03571428571428571 0.026785714285714284
0 0.5267857142857143 0.390625 0.020089285714285716 0.03125
0 0.625 0.36830357142857145 0.022321428571428572 0.026785714285714284
0 0.8236607142857143 0.48214285714285715 0.017857142857142856 0.017857142857142856
0 0.9241071428571429 0.34151785714285715 0.015625 0.024553571428571428
0 0.984375 0.34598214285714285 0.020089285714285716 0.026785714285714284
0 0.47544642857142855 0.71875 0.024553571428571428 0.013392857142857142