0 0.9821428571428571 0.3325892857142857 0.015625 0.022321428571428572
0 0.9866071428571429 0.39732142857142855 0.022321428571428572 0.020089285714285716
0 0.8861607142857143 0.33482142857142855 0.015625 0.020089285714285716
0 0.6361607142857143 0.43080357142857145 0.03794642857142857 0.020089285714285716
0 0.6071428571428571 0.39955357142857145 0.024553571428571428 0.020089285714285716
0 0.6607142857142857 0.34598214285714285 0.022321428571428572 0.022321428571428572
0 0.46875 0.35044642857142855 0.033482142857142856 0.015625
0 0.27232142857142855 0.36607142857142855 0.017857142857142856 0.024553571428571428
0 0.17410714285714285 0.4375 0.026785714285714284 0.017857142857142856
0 0.18973214285714285 0.41294642857142855 0.03794642857142857 0.013392857142857142
0 0.9464285714285714 0.5200892857142857 0.033482142857142856 0.015625