0 0.10714285714285714 0.328125 0.022321428571428572 0.024553571428571428
0 0.05133928571428571 0.25223214285714285 0.026785714285714284 0.03125
0 0.12276785714285714 0.25 0.022321428571428572 0.026785714285714284
0 0.18080357142857142 0.2611607142857143 0.017857142857142856 0.026785714285714284
0 0.2544642857142857 0.22321428571428573 0.020089285714285716 0.017857142857142856
0 0.28794642857142855 0.21428571428571427 0.017857142857142856 0.024553571428571428
0 0.30357142857142855 0.25892857142857145 0.017857142857142856 0.022321428571428572
0 0.390625 0.22767857142857142 0.024553571428571428 0.026785714285714284
0 0.44419642857142855 0.25223214285714285 0.015625 0.03125
0 0.48214285714285715 0.22321428571428573 0.017857142857142856 0.026785714285714284
0 0.5089285714285714 0.26339285714285715 0.020089285714285716 0.024553571428571428
0 0.5848214285714286 0.20982142857142858 0.017857142857142856 0.03571428571428571
0 0.44642857142857145 0.32589285714285715 0.04017857142857143 0.017857142857142856
0 0.4799107142857143 0.35044642857142855 0.044642857142857144 0.026785714285714284
0 0.4888392857142857 0.390625 0.03794642857142857 0.024553571428571428
0 0.8169642857142857 0.43526785714285715 0.044642857142857144 0.022321428571428572
0 0.8058035714285714 0.39732142857142855 0.03125 0.017857142857142856
0 0.9441964285714286 0.27232142857142855 0.017857142857142856 0.024553571428571428