0 0.8839285714285714 0.40625 0.015625 0.046875
0 0.796875 0.3482142857142857 0.020089285714285716 0.03125
0 0.8058035714285714 0.31473214285714285 0.020089285714285716 0.026785714285714284
0 0.703125 0.31473214285714285 0.013392857142857142 0.026785714285714284
0 0.7276785714285714 0.41517857142857145 0.022321428571428572 0.033482142857142856
0 0.41517857142857145 0.29017857142857145 0.022321428571428572 0.026785714285714284
0 0.42410714285714285 0.25223214285714285 0.020089285714285716 0.026785714285714284
0 0.44642857142857145 0.328125 0.026785714285714284 0.020089285714285716
0 0.32589285714285715 0.265625 0.015625 0.03125
0 0.27901785714285715 0.30580357142857145 0.015625 0.03125
0 0.24107142857142858 0.265625 0.017857142857142856 0.024553571428571428
0 0.006696428571428571 0.29910714285714285 0.006696428571428571 0.024553571428571428