0 0.25892857142857145 0.4263392857142857 0.049107142857142856 0.020089285714285716
0 0.23660714285714285 0.4642857142857143 0.022321428571428572 0.029017857142857144
0 0.33482142857142855 0.42857142857142855 0.020089285714285716 0.024553571428571428
0 0.42410714285714285 0.4486607142857143 0.024553571428571428 0.026785714285714284
0 0.46875 0.45535714285714285 0.04241071428571429 0.015625
0 0.5647321428571429 0.45535714285714285 0.020089285714285716 0.029017857142857144
0 0.6495535714285714 0.38392857142857145 0.044642857142857144 0.020089285714285716
0 0.71875 0.3392857142857143 0.015625 0.026785714285714284
0 0.8013392857142857 0.38392857142857145 0.017857142857142856 0.022321428571428572
0 0.9017857142857143 0.41517857142857145 0.017857142857142856 0.029017857142857144
0 0.9084821428571429 0.35267857142857145 0.017857142857142856 0.015625
0 0.7433035714285714 0.8616071428571429 0.026785714285714284 0.04241071428571429
0 0.6517857142857143 0.8616071428571429 0.033482142857142856 0.03125
0 0.9776785714285714 0.40401785714285715 0.017857142857142856 0.029017857142857144