0 0.04017857142857143 0.3794642857142857 0.022321428571428572 0.020089285714285716
0 0.20535714285714285 0.32589285714285715 0.015625 0.024553571428571428
0 0.14508928571428573 0.5111607142857143 0.046875 0.017857142857142856
0 0.36830357142857145 0.3482142857142857 0.020089285714285716 0.03125
0 0.25892857142857145 0.34598214285714285 0.020089285714285716 0.029017857142857144
0 0.25223214285714285 0.328125 0.015625 0.026785714285714284
0 0.5379464285714286 0.33482142857142855 0.015625 0.024553571428571428
0 0.9285714285714286 0.3013392857142857 0.015625 0.017857142857142856
0 0.8727678571428571 0.39285714285714285 0.020089285714285716 0.022321428571428572
0 0.7410714285714286 0.4174107142857143 0.020089285714285716 0.03571428571428571
0 0.5558035714285714 0.3861607142857143 0.017857142857142856 0.024553571428571428
0 0.8035714285714286 0.29464285714285715 0.013392857142857142 0.026785714285714284
0 0.6004464285714286 0.33705357142857145 0.011160714285714286 0.022321428571428572