0 0.26339285714285715 0.43526785714285715 0.022321428571428572 0.015625
0 0.34598214285714285 0.5580357142857143 0.015625 0.024553571428571428
0 0.29464285714285715 0.37723214285714285 0.011160714285714286 0.013392857142857142
0 0.3861607142857143 0.375 0.015625 0.020089285714285716
0 0.4642857142857143 0.3705357142857143 0.026785714285714284 0.017857142857142856
0 0.53125 0.5558035714285714 0.024553571428571428 0.024553571428571428
0 0.5089285714285714 0.3950892857142857 0.017857142857142856 0.022321428571428572
0 0.5535714285714286 0.3861607142857143 0.022321428571428572 0.020089285714285716
0 0.8102678571428571 0.36160714285714285 0.03125 0.013392857142857142
0 0.9508928571428571 0.390625 0.03571428571428571 0.017857142857142856
0 0.9732142857142857 0.3638392857142857 0.020089285714285716 0.017857142857142856