0 0.8839285714285714 0.36607142857142855 0.024553571428571428 0.029017857142857144
0 0.9330357142857143 0.27232142857142855 0.022321428571428572 0.03571428571428571
0 0.9241071428571429 0.24553571428571427 0.022321428571428572 0.03125
0 0.828125 0.2857142857142857 0.020089285714285716 0.03794642857142857
0 0.7946428571428571 0.25223214285714285 0.017857142857142856 0.026785714285714284
0 0.71875 0.28794642857142855 0.024553571428571428 0.033482142857142856
0 0.625 0.3125 0.022321428571428572 0.03571428571428571
0 0.6004464285714286 0.29910714285714285 0.049107142857142856 0.033482142857142856
0 0.40848214285714285 0.29464285714285715 0.020089285714285716 0.04017857142857143
0 0.27901785714285715 0.2767857142857143 0.020089285714285716 0.029017857142857144
0 0.22321428571428573 0.33482142857142855 0.05357142857142857 0.022321428571428572