0 0.12946428571428573 0.44642857142857145 0.015625 0.044642857142857144
0 0.21205357142857142 0.390625 0.020089285714285716 0.03125
0 0.20535714285714285 0.35714285714285715 0.020089285714285716 0.026785714285714284
0 0.3013392857142857 0.35714285714285715 0.013392857142857142 0.026785714285714284
0 0.27901785714285715 0.453125 0.022321428571428572 0.033482142857142856
0 0.5758928571428571 0.3325892857142857 0.022321428571428572 0.026785714285714284
0 0.5691964285714286 0.29910714285714285 0.020089285714285716 0.026785714285714284
0 0.546875 0.3705357142857143 0.024553571428571428 0.020089285714285716
0 0.6651785714285714 0.31026785714285715 0.015625 0.029017857142857144
0 0.7098214285714286 0.3482142857142857 0.015625 0.03125
0 0.7455357142857143 0.31026785714285715 0.017857142857142856 0.024553571428571428
0 0.9732142857142857 0.34151785714285715 0.015625 0.022321428571428572
0 0.9888392857142857 0.296875 0.013392857142857142 0.03125