0 0.05357142857142857 0.3169642857142857 0.015625 0.024553571428571428
0 0.08482142857142858 0.32589285714285715 0.017857142857142856 0.024553571428571428
0 0.3013392857142857 0.3392857142857143 0.020089285714285716 0.026785714285714284
0 0.2700892857142857 0.46875 0.03125 0.020089285714285716
0 0.39955357142857145 0.4732142857142857 0.015625 0.024553571428571428
0 0.43973214285714285 0.4575892857142857 0.015625 0.026785714285714284
0 0.6473214285714286 0.4575892857142857 0.024553571428571428 0.033482142857142856
0 0.7410714285714286 0.3861607142857143 0.033482142857142856 0.015625
0 0.8392857142857143 0.39285714285714285 0.033482142857142856 0.013392857142857142
0 0.9129464285714286 0.3080357142857143 0.049107142857142856 0.017857142857142856
0 0.9888392857142857 0.30357142857142855 0.013392857142857142 0.022321428571428572
0 0.9486607142857143 0.34375 0.03571428571428571 0.020089285714285716