0 0.171875 0.296875 0.017857142857142856 0.026785714285714284
0 0.265625 0.38392857142857145 0.03125 0.020089285714285716
0 0.4732142857142857 0.34151785714285715 0.015625 0.024553571428571428
0 0.515625 0.38392857142857145 0.017857142857142856 0.022321428571428572
0 0.640625 0.34375 0.015625 0.026785714285714284
0 0.7008928571428571 0.36160714285714285 0.017857142857142856 0.026785714285714284
0 0.5044642857142857 0.35044642857142855 0.04241071428571429 0.020089285714285716
0 0.796875 0.32589285714285715 0.03571428571428571 0.013392857142857142
0 0.8571428571428571 0.3236607142857143 0.017857142857142856 0.024553571428571428
0 0.8303571428571429 0.4799107142857143 0.03125 0.017857142857142856
0 0.6763392857142857 0.49776785714285715 0.026785714285714284 0.020089285714285716
0 0.7321428571428571 0.5513392857142857 0.033482142857142856 0.017857142857142856
0 0.9575892857142857 0.42410714285714285 0.04017857142857143 0.015625