0 0.7611607142857143 0.27455357142857145 0.017857142857142856 0.022321428571428572
0 0.6428571428571429 0.23214285714285715 0.015625 0.026785714285714284
0 0.40401785714285715 0.19642857142857142 0.020089285714285716 0.024553571428571428
0 0.5 0.17857142857142858 0.03125 0.017857142857142856
0 0.453125 0.25669642857142855 0.020089285714285716 0.015625
0 0.35714285714285715 0.29464285714285715 0.029017857142857144 0.015625
0 0.31026785714285715 0.24553571428571427 0.017857142857142856 0.020089285714285716
0 0.18973214285714285 0.33482142857142855 0.024553571428571428 0.044642857142857144
0 0.21875 0.20982142857142858 0.020089285714285716 0.03125
0 0.13839285714285715 0.45089285714285715 0.033482142857142856 0.024553571428571428
0 0.16294642857142858 0.21651785714285715 0.029017857142857144 0.017857142857142856
0 0.12053571428571429 0.22098214285714285 0.020089285714285716 0.013392857142857142
0 0.11383928571428571 0.25669642857142855 0.033482142857142856 0.017857142857142856
0 0.10267857142857142 0.2857142857142857 0.04241071428571429 0.015625
0 0.006696428571428571 0.23214285714285715 0.006696428571428571 0.026785714285714284