0 0.08928571428571429 0.5178571428571429 0.04017857142857143 0.026785714285714284
0 0.08482142857142858 0.41517857142857145 0.020089285714285716 0.024553571428571428
0 0.06473214285714286 0.5870535714285714 0.020089285714285716 0.022321428571428572
0 0.30357142857142855 0.5825892857142857 0.022321428571428572 0.026785714285714284
0 0.29464285714285715 0.38839285714285715 0.015625 0.024553571428571428
0 0.6138392857142857 0.44419642857142855 0.029017857142857144 0.026785714285714284
0 0.7745535714285714 0.4955357142857143 0.03125 0.017857142857142856
0 0.828125 0.4486607142857143 0.020089285714285716 0.020089285714285716
0 0.90625 0.40848214285714285 0.04017857142857143 0.022321428571428572
0 0.9553571428571429 0.5602678571428571 0.03571428571428571 0.017857142857142856
0 0.8683035714285714 0.4732142857142857 0.013392857142857142 0.015625
0 0.9888392857142857 0.49776785714285715 0.017857142857142856 0.017857142857142856