0 0.41964285714285715 0.3392857142857143 0.013392857142857142 0.024553571428571428
0 0.3169642857142857 0.3392857142857143 0.020089285714285716 0.013392857142857142
0 0.26785714285714285 0.36607142857142855 0.024553571428571428 0.013392857142857142
0 0.42857142857142855 0.3705357142857143 0.020089285714285716 0.013392857142857142
0 0.5379464285714286 0.3392857142857143 0.015625 0.020089285714285716
0 0.7410714285714286 0.3325892857142857 0.013392857142857142 0.024553571428571428
0 0.7678571428571429 0.3392857142857143 0.017857142857142856 0.033482142857142856
0 0.625 0.4575892857142857 0.024553571428571428 0.017857142857142856
0 0.7142857142857143 0.5379464285714286 0.026785714285714284 0.015625
0 0.609375 0.625 0.029017857142857144 0.024553571428571428
0 0.8080357142857143 0.3705357142857143 0.022321428571428572 0.017857142857142856
0 0.8705357142857143 0.3392857142857143 0.020089285714285716 0.017857142857142856
0 0.9129464285714286 0.34375 0.015625 0.015625