0 0.013392857142857142 0.5089285714285714 0.024553571428571428 0.017857142857142856
0 0.046875 0.5089285714285714 0.04241071428571429 0.017857142857142856
0 0.008928571428571428 0.34375 0.011160714285714286 0.020089285714285716
0 0.05133928571428571 0.33035714285714285 0.015625 0.033482142857142856
0 0.0625 0.39285714285714285 0.017857142857142856 0.033482142857142856
0 0.078125 0.3705357142857143 0.013392857142857142 0.026785714285714284
0 0.13392857142857142 0.3482142857142857 0.013392857142857142 0.024553571428571428
0 0.171875 0.41294642857142855 0.015625 0.024553571428571428
0 0.10491071428571429 0.36607142857142855 0.026785714285714284 0.020089285714285716
0 0.234375 0.546875 0.033482142857142856 0.024553571428571428
0 0.24776785714285715 0.39285714285714285 0.013392857142857142 0.017857142857142856
0 0.31026785714285715 0.38392857142857145 0.013392857142857142 0.020089285714285716
0 0.46205357142857145 0.46205357142857145 0.020089285714285716 0.029017857142857144
0 0.5491071428571429 0.4263392857142857 0.015625 0.026785714285714284
0 0.5892857142857143 0.41294642857142855 0.04241071428571429 0.015625
0 0.6852678571428571 0.3794642857142857 0.017857142857142856 0.029017857142857144
0 0.8638392857142857 0.40625 0.015625 0.03125