0 0.7857142857142857 0.34151785714285715 0.020089285714285716 0.033482142857142856
0 0.7366071428571429 0.33035714285714285 0.033482142857142856 0.022321428571428572
0 0.6629464285714286 0.29017857142857145 0.017857142857142856 0.026785714285714284
0 0.6227678571428571 0.4642857142857143 0.05133928571428571 0.022321428571428572
0 0.5424107142857143 0.3325892857142857 0.020089285714285716 0.03571428571428571
0 0.4799107142857143 0.32142857142857145 0.013392857142857142 0.024553571428571428
0 0.38839285714285715 0.3325892857142857 0.017857142857142856 0.022321428571428572
0 0.36160714285714285 0.4017857142857143 0.024553571428571428 0.026785714285714284
0 0.35714285714285715 0.3794642857142857 0.033482142857142856 0.011160714285714286
0 0.30580357142857145 0.34375 0.024553571428571428 0.024553571428571428
0 0.25669642857142855 0.28348214285714285 0.015625 0.026785714285714284
0 0.23214285714285715 0.30357142857142855 0.015625 0.017857142857142856
0 0.20535714285714285 0.30580357142857145 0.020089285714285716 0.017857142857142856
0 0.15401785714285715 0.3482142857142857 0.015625 0.024553571428571428
0 0.12053571428571429 0.3638392857142857 0.020089285714285716 0.024553571428571428
0 0.09821428571428571 0.39285714285714285 0.03571428571428571 0.022321428571428572