0 0.002232142857142857 0.5111607142857143 0.004464285714285714 0.033482142857142856
0 0.002232142857142857 0.36607142857142855 0.004464285714285714 0.024553571428571428
0 0.17410714285714285 0.40401785714285715 0.015625 0.013392857142857142
0 0.12053571428571429 0.4642857142857143 0.015625 0.011160714285714286
0 0.05357142857142857 0.4330357142857143 0.05133928571428571 0.017857142857142856
0 0.15401785714285715 0.5044642857142857 0.024553571428571428 0.015625
0 0.14508928571428573 0.7209821428571429 0.024553571428571428 0.03125
0 0.36830357142857145 0.5513392857142857 0.03571428571428571 0.020089285714285716
0 0.4486607142857143 0.5357142857142857 0.04241071428571429 0.024553571428571428
0 0.4575892857142857 0.7053571428571429 0.03125 0.03125
0 0.4799107142857143 0.39732142857142855 0.04017857142857143 0.017857142857142856
0 0.4330357142857143 0.41294642857142855 0.015625 0.017857142857142856
0 0.36607142857142855 0.41294642857142855 0.011160714285714286 0.015625
0 0.2857142857142857 0.3794642857142857 0.015625 0.022321428571428572
0 0.7946428571428571 0.41964285714285715 0.024553571428571428 0.022321428571428572
0 0.8839285714285714 0.5 0.033482142857142856 0.020089285714285716
0 0.4888392857142857 0.44642857142857145 0.03125 0.015625