0 0.09375 0.5982142857142857 0.022321428571428572 0.020089285714285716
0 0.013392857142857142 0.4799107142857143 0.017857142857142856 0.022321428571428572
0 0.05803571428571429 0.40848214285714285 0.017857142857142856 0.029017857142857144
0 0.008928571428571428 0.390625 0.015625 0.022321428571428572
0 0.11160714285714286 0.44419642857142855 0.017857142857142856 0.03794642857142857
0 0.14955357142857142 0.38169642857142855 0.015625 0.024553571428571428
0 0.3325892857142857 0.5133928571428571 0.020089285714285716 0.033482142857142856
0 0.3125 0.421875 0.015625 0.03125
0 0.6071428571428571 0.4375 0.022321428571428572 0.024553571428571428
0 0.6450892857142857 0.41294642857142855 0.020089285714285716 0.03125
0 0.6808035714285714 0.43973214285714285 0.022321428571428572 0.026785714285714284
0 0.7767857142857143 0.4419642857142857 0.020089285714285716 0.026785714285714284