0 0.22991071428571427 0.5535714285714286 0.015625 0.020089285714285716
0 0.4375 0.47544642857142855 0.04017857142857143 0.022321428571428572
0 0.26785714285714285 0.41964285714285715 0.024553571428571428 0.026785714285714284
0 0.32589285714285715 0.3950892857142857 0.04017857142857143 0.017857142857142856
0 0.31026785714285715 0.35714285714285715 0.015625 0.029017857142857144
0 0.35044642857142855 0.328125 0.049107142857142856 0.017857142857142856
0 0.43526785714285715 0.328125 0.017857142857142856 0.022321428571428572
0 0.8191964285714286 0.36160714285714285 0.020089285714285716 0.03125
0 0.8928571428571429 0.4174107142857143 0.017857142857142856 0.026785714285714284
0 0.9553571428571429 0.484375 0.03571428571428571 0.017857142857142856
0 0.9017857142857143 0.33035714285714285 0.03571428571428571 0.013392857142857142
0 0.921875 0.31473214285714285 0.015625 0.022321428571428572