0 0.9151785714285714 0.3482142857142857 0.017857142857142856 0.029017857142857144
0 0.8616071428571429 0.6473214285714286 0.033482142857142856 0.026785714285714284
0 0.7276785714285714 0.40401785714285715 0.04241071428571429 0.020089285714285716
0 0.609375 0.4732142857142857 0.046875 0.020089285714285716
0 0.5736607142857143 0.34151785714285715 0.03571428571428571 0.017857142857142856
0 0.34598214285714285 0.34151785714285715 0.015625 0.029017857142857144
0 0.27455357142857145 0.34151785714285715 0.015625 0.029017857142857144
0 0.28348214285714285 0.484375 0.015625 0.022321428571428572
0 0.11383928571428571 0.375 0.017857142857142856 0.033482142857142856
0 0.09821428571428571 0.3125 0.015625 0.020089285714285716
0 0.05133928571428571 0.34151785714285715 0.017857142857142856 0.03794642857142857
0 0.05133928571428571 0.59375 0.033482142857142856 0.024553571428571428