0 0.9196428571428571 0.375 0.04241071428571429 0.022321428571428572
0 0.8459821428571429 0.33482142857142855 0.015625 0.020089285714285716
0 0.6986607142857143 0.37723214285714285 0.020089285714285716 0.029017857142857144
0 0.6316964285714286 0.38392857142857145 0.024553571428571428 0.029017857142857144
0 0.6205357142857143 0.3392857142857143 0.020089285714285716 0.029017857142857144
0 0.5736607142857143 0.28794642857142855 0.013392857142857142 0.022321428571428572
0 0.546875 0.40625 0.017857142857142856 0.03125
0 0.4799107142857143 0.328125 0.013392857142857142 0.026785714285714284
0 0.43080357142857145 0.34375 0.017857142857142856 0.024553571428571428
0 0.45982142857142855 0.3392857142857143 0.024553571428571428 0.020089285714285716
0 0.3638392857142857 0.32589285714285715 0.015625 0.03125
0 0.3125 0.3236607142857143 0.017857142857142856 0.017857142857142856
0 0.2544642857142857 0.27455357142857145 0.017857142857142856 0.017857142857142856
0 0.26785714285714285 0.3325892857142857 0.024553571428571428 0.013392857142857142
0 0.24776785714285715 0.33035714285714285 0.017857142857142856 0.022321428571428572
0 0.2700892857142857 0.3482142857142857 0.029017857142857144 0.013392857142857142
0 0.20535714285714285 0.36160714285714285 0.015625 0.03125
0 0.020089285714285716 0.4375 0.022321428571428572 0.022321428571428572
0 0.5558035714285714 0.7901785714285714 0.078125 0.03794642857142857