0 0.08482142857142858 0.5290178571428571 0.022321428571428572 0.020089285714285716
0 0.004464285714285714 0.3861607142857143 0.008928571428571428 0.022321428571428572
0 0.11160714285714286 0.4017857142857143 0.020089285714285716 0.024553571428571428
0 0.3080357142857143 0.39285714285714285 0.024553571428571428 0.015625
0 0.4642857142857143 0.32142857142857145 0.015625 0.029017857142857144
0 0.43080357142857145 0.5111607142857143 0.013392857142857142 0.015625
0 0.5803571428571429 0.5825892857142857 0.024553571428571428 0.033482142857142856
0 0.8125 0.49107142857142855 0.05133928571428571 0.015625
0 0.6473214285714286 0.42410714285714285 0.03125 0.017857142857142856
0 0.5714285714285714 0.38392857142857145 0.022321428571428572 0.015625
0 0.6629464285714286 0.32142857142857145 0.013392857142857142 0.026785714285714284
0 0.9441964285714286 0.3638392857142857 0.013392857142857142 0.020089285714285716