0 0.3169642857142857 0.40401785714285715 0.03125 0.020089285714285716
0 0.31026785714285715 0.45089285714285715 0.020089285714285716 0.024553571428571428
0 0.37276785714285715 0.43973214285714285 0.03571428571428571 0.022321428571428572
0 0.3950892857142857 0.31473214285714285 0.029017857142857144 0.026785714285714284
0 0.21428571428571427 0.35267857142857145 0.015625 0.026785714285714284
0 0.6138392857142857 0.28794642857142855 0.020089285714285716 0.024553571428571428
0 0.78125 0.359375 0.017857142857142856 0.03125
0 0.8683035714285714 0.33035714285714285 0.017857142857142856 0.026785714285714284
0 0.9732142857142857 0.2857142857142857 0.015625 0.03125
0 0.9642857142857143 0.26339285714285715 0.020089285714285716 0.024553571428571428
0 0.9665178571428571 0.5223214285714286 0.024553571428571428 0.033482142857142856