0 0.12946428571428573 0.421875 0.017857142857142856 0.022321428571428572
0 0.171875 0.38839285714285715 0.017857142857142856 0.022321428571428572
0 0.33035714285714285 0.41294642857142855 0.013392857142857142 0.017857142857142856
0 0.25669642857142855 0.40625 0.015625 0.011160714285714286
0 0.36830357142857145 0.7544642857142857 0.033482142857142856 0.03571428571428571
0 0.44419642857142855 0.42857142857142855 0.05357142857142857 0.017857142857142856
0 0.27232142857142855 0.45089285714285715 0.04017857142857143 0.013392857142857142
0 0.265625 0.4263392857142857 0.013392857142857142 0.015625
0 0.38392857142857145 0.5 0.03571428571428571 0.020089285714285716
0 0.5803571428571429 0.41517857142857145 0.017857142857142856 0.022321428571428572
0 0.6540178571428571 0.453125 0.015625 0.029017857142857144
0 0.6964285714285714 0.46651785714285715 0.015625 0.024553571428571428
0 0.7522321428571429 0.42857142857142855 0.017857142857142856 0.026785714285714284
0 0.5825892857142857 0.4419642857142857 0.015625 0.020089285714285716
0 0.6026785714285714 0.43526785714285715 0.020089285714285716 0.013392857142857142
0 0.8861607142857143 0.43526785714285715 0.04241071428571429 0.020089285714285716
0 0.9754464285714286 0.4575892857142857 0.020089285714285716 0.029017857142857144
0 0.9642857142857143 0.37276785714285715 0.033482142857142856 0.022321428571428572
0 0.796875 0.49776785714285715 0.03571428571428571 0.015625
0 0.7633928571428571 0.7366071428571429 0.05357142857142857 0.020089285714285716