0 0.9464285714285714 0.5 0.026785714285714284 0.024553571428571428
0 0.7700892857142857 0.5267857142857143 0.020089285714285716 0.022321428571428572
0 0.5758928571428571 0.49107142857142855 0.017857142857142856 0.017857142857142856
0 0.6473214285714286 0.33705357142857145 0.011160714285714286 0.015625
0 0.5133928571428571 0.296875 0.024553571428571428 0.020089285714285716
0 0.44642857142857145 0.328125 0.017857142857142856 0.020089285714285716
0 0.3638392857142857 0.33482142857142855 0.015625 0.022321428571428572
0 0.35714285714285715 0.37723214285714285 0.026785714285714284 0.013392857142857142
0 0.0625 0.34375 0.020089285714285716 0.015625
0 0.004464285714285714 0.34375 0.002232142857142857 0.024553571428571428
0 0.029017857142857144 0.45535714285714285 0.022321428571428572 0.026785714285714284