0 0.9441964285714286 0.390625 0.022321428571428572 0.013392857142857142
0 0.8616071428571429 0.38839285714285715 0.024553571428571428 0.020089285714285716
0 0.7946428571428571 0.5066964285714286 0.044642857142857144 0.020089285714285716
0 0.6473214285714286 0.390625 0.04241071428571429 0.020089285714285716
0 0.6897321428571429 0.4107142857142857 0.033482142857142856 0.020089285714285716
0 0.546875 0.35714285714285715 0.013392857142857142 0.022321428571428572
0 0.4263392857142857 0.515625 0.03794642857142857 0.020089285714285716
0 0.3482142857142857 0.49107142857142855 0.017857142857142856 0.03571428571428571
0 0.15625 0.38392857142857145 0.015625 0.03125
0 0.22544642857142858 0.35714285714285715 0.020089285714285716 0.015625
0 0.203125 0.3482142857142857 0.03125 0.013392857142857142
0 0.21651785714285715 0.29464285714285715 0.013392857142857142 0.022321428571428572
0 0.03794642857142857 0.3013392857142857 0.017857142857142856 0.024553571428571428