0 0.7455357142857143 0.3392857142857143 0.033482142857142856 0.017857142857142856
0 0.8571428571428571 0.3169642857142857 0.015625 0.03125
0 0.6138392857142857 0.33035714285714285 0.026785714285714284 0.020089285714285716
0 0.65625 0.38839285714285715 0.022321428571428572 0.017857142857142856
0 0.5022321428571429 0.41294642857142855 0.03125 0.015625
0 0.46205357142857145 0.36830357142857145 0.03571428571428571 0.022321428571428572
0 0.29464285714285715 0.40401785714285715 0.022321428571428572 0.03125
0 0.47098214285714285 0.4575892857142857 0.03125 0.03794642857142857
0 0.5424107142857143 0.49107142857142855 0.022321428571428572 0.029017857142857144
0 0.13169642857142858 0.4642857142857143 0.020089285714285716 0.049107142857142856
0 0.05133928571428571 0.41517857142857145 0.017857142857142856 0.026785714285714284
0 0.22767857142857142 0.40848214285714285 0.017857142857142856 0.026785714285714284
0 0.2611607142857143 0.31919642857142855 0.015625 0.017857142857142856
0 0.33705357142857145 0.33035714285714285 0.024553571428571428 0.022321428571428572
0 0.125 0.328125 0.017857142857142856 0.04241071428571429
0 0.08035714285714286 0.31473214285714285 0.013392857142857142 0.022321428571428572
0 0.024553571428571428 0.6986607142857143 0.033482142857142856 0.024553571428571428