0 0.9888392857142857 0.3013392857142857 0.013392857142857142 0.03125
0 0.953125 0.3325892857142857 0.017857142857142856 0.029017857142857144
0 0.9040178571428571 0.3080357142857143 0.013392857142857142 0.029017857142857144
0 0.6830357142857143 0.31473214285714285 0.017857142857142856 0.03571428571428571
0 0.5066964285714286 0.2924107142857143 0.015625 0.024553571428571428
0 0.34151785714285715 0.265625 0.015625 0.022321428571428572
0 0.328125 0.24776785714285715 0.015625 0.022321428571428572
0 0.27901785714285715 0.29910714285714285 0.017857142857142856 0.026785714285714284
0 0.19866071428571427 0.32589285714285715 0.017857142857142856 0.029017857142857144
0 0.09375 0.24553571428571427 0.020089285714285716 0.024553571428571428
0 0.006696428571428571 0.29910714285714285 0.006696428571428571 0.024553571428571428
0 0.024553571428571428 0.27232142857142855 0.017857142857142856 0.022321428571428572
0 0.05580357142857143 0.26785714285714285 0.024553571428571428 0.029017857142857144