0 0.004464285714285714 0.49107142857142855 0.008928571428571428 0.026785714285714284
0 0.03571428571428571 0.32589285714285715 0.03125 0.015625
0 0.08258928571428571 0.4888392857142857 0.017857142857142856 0.033482142857142856
0 0.060267857142857144 0.5178571428571429 0.017857142857142856 0.029017857142857144
0 0.24553571428571427 0.40848214285714285 0.033482142857142856 0.022321428571428572
0 0.23214285714285715 0.36607142857142855 0.05803571428571429 0.017857142857142856
0 0.5066964285714286 0.4107142857142857 0.046875 0.013392857142857142
0 0.5089285714285714 0.3482142857142857 0.03794642857142857 0.017857142857142856
0 0.6986607142857143 0.35044642857142855 0.011160714285714286 0.024553571428571428
0 0.7254464285714286 0.33705357142857145 0.013392857142857142 0.022321428571428572
0 0.7299107142857143 0.3638392857142857 0.013392857142857142 0.024553571428571428
0 0.7544642857142857 0.33035714285714285 0.013392857142857142 0.017857142857142856
0 0.8370535714285714 0.3549107142857143 0.015625 0.024553571428571428
0 0.9196428571428571 0.3638392857142857 0.020089285714285716 0.024553571428571428
0 0.8571428571428571 0.3236607142857143 0.015625 0.022321428571428572