0 0.10044642857142858 0.4263392857142857 0.020089285714285716 0.026785714285714284
0 0.07366071428571429 0.390625 0.020089285714285716 0.029017857142857144
0 0.15178571428571427 0.43973214285714285 0.033482142857142856 0.024553571428571428
0 0.2767857142857143 0.4419642857142857 0.017857142857142856 0.017857142857142856
0 0.30357142857142855 0.40401785714285715 0.015625 0.03571428571428571
0 0.30580357142857145 0.5625 0.060267857142857144 0.022321428571428572
0 0.5022321428571429 0.30357142857142855 0.017857142857142856 0.026785714285714284
0 0.59375 0.35267857142857145 0.046875 0.013392857142857142
0 0.6316964285714286 0.3013392857142857 0.03571428571428571 0.017857142857142856
0 0.6026785714285714 0.3169642857142857 0.017857142857142856 0.033482142857142856
0 0.6473214285714286 0.43080357142857145 0.04241071428571429 0.017857142857142856
0 0.8794642857142857 0.34375 0.017857142857142856 0.029017857142857144
0 0.7120535714285714 0.3325892857142857 0.024553571428571428 0.033482142857142856
0 0.7455357142857143 0.45535714285714285 0.046875 0.022321428571428572
0 0.9821428571428571 0.4419642857142857 0.029017857142857144 0.022321428571428572