0 0.109375 0.33482142857142855 0.024553571428571428 0.026785714285714284
0 0.20758928571428573 0.3705357142857143 0.017857142857142856 0.029017857142857144
0 0.31473214285714285 0.36607142857142855 0.015625 0.024553571428571428
0 0.15625 0.5066964285714286 0.026785714285714284 0.020089285714285716
0 0.13392857142857142 0.3705357142857143 0.03571428571428571 0.013392857142857142
0 0.4486607142857143 0.37723214285714285 0.015625 0.026785714285714284
0 0.48214285714285715 0.40401785714285715 0.029017857142857144 0.017857142857142856
0 0.5691964285714286 0.42410714285714285 0.026785714285714284 0.022321428571428572
0 0.5959821428571429 0.6383928571428571 0.060267857142857144 0.015625
0 0.6049107142857143 0.7388392857142857 0.05357142857142857 0.024553571428571428
0 0.6227678571428571 0.5089285714285714 0.020089285714285716 0.024553571428571428
0 0.7633928571428571 0.3794642857142857 0.017857142857142856 0.026785714285714284
0 0.8348214285714286 0.3482142857142857 0.024553571428571428 0.020089285714285716
0 0.8348214285714286 0.40401785714285715 0.020089285714285716 0.03125
0 0.8482142857142857 0.46205357142857145 0.024553571428571428 0.03571428571428571
0 0.9464285714285714 0.49330357142857145 0.017857142857142856 0.022321428571428572
0 0.9933035714285714 0.40848214285714285 0.006696428571428571 0.029017857142857144