0 0.11160714285714286 0.48214285714285715 0.020089285714285716 0.03125
0 0.14285714285714285 0.47098214285714285 0.020089285714285716 0.04017857142857143
0 0.16517857142857142 0.43080357142857145 0.03794642857142857 0.026785714285714284
0 0.17633928571428573 0.34375 0.026785714285714284 0.022321428571428572
0 0.11383928571428571 0.34151785714285715 0.04017857142857143 0.022321428571428572
0 0.27232142857142855 0.35044642857142855 0.022321428571428572 0.020089285714285716
0 0.43526785714285715 0.36607142857142855 0.022321428571428572 0.024553571428571428
0 0.5825892857142857 0.3549107142857143 0.024553571428571428 0.015625
0 0.5379464285714286 0.28348214285714285 0.022321428571428572 0.015625
0 0.6875 0.29910714285714285 0.013392857142857142 0.024553571428571428
0 0.6651785714285714 0.36830357142857145 0.024553571428571428 0.015625
0 0.7455357142857143 0.3392857142857143 0.015625 0.013392857142857142
0 0.7566964285714286 0.37276785714285715 0.022321428571428572 0.011160714285714286
0 0.9352678571428571 0.625 0.024553571428571428 0.03125
0 0.9263392857142857 0.40848214285714285 0.017857142857142856 0.015625
0 0.9665178571428571 0.36607142857142855 0.020089285714285716 0.020089285714285716
0 0.8816964285714286 0.5089285714285714 0.029017857142857144 0.03794642857142857
0 0.8683035714285714 0.4732142857142857 0.03125 0.020089285714285716
0 0.8035714285714286 0.48660714285714285 0.046875 0.017857142857142856