0 0.9955357142857143 0.4330357142857143 0.006696428571428571 0.022321428571428572
0 0.9107142857142857 0.34151785714285715 0.015625 0.024553571428571428
0 0.7924107142857143 0.39285714285714285 0.04017857142857143 0.020089285714285716
0 0.8504464285714286 0.44419642857142855 0.022321428571428572 0.017857142857142856
0 0.6875 0.5044642857142857 0.029017857142857144 0.029017857142857144
0 0.5691964285714286 0.37276785714285715 0.017857142857142856 0.029017857142857144
0 0.5267857142857143 0.3705357142857143 0.017857142857142856 0.024553571428571428
0 0.47544642857142855 0.35044642857142855 0.020089285714285716 0.026785714285714284
0 0.46205357142857145 0.390625 0.017857142857142856 0.029017857142857144
0 0.31919642857142855 0.4107142857142857 0.029017857142857144 0.033482142857142856
0 0.25 0.5535714285714286 0.03125 0.029017857142857144