0 0.390625 0.7299107142857143 0.03794642857142857 0.024553571428571428
0 0.4419642857142857 0.6584821428571429 0.026785714285714284 0.029017857142857144
0 0.41294642857142855 0.4642857142857143 0.026785714285714284 0.015625
0 0.3236607142857143 0.4375 0.05357142857142857 0.013392857142857142
0 0.5379464285714286 0.45089285714285715 0.03125 0.015625
0 0.625 0.5401785714285714 0.044642857142857144 0.020089285714285716
0 0.7120535714285714 0.46205357142857145 0.022321428571428572 0.013392857142857142
0 0.9955357142857143 0.484375 0.002232142857142857 0.03125
0 0.8727678571428571 0.36830357142857145 0.011160714285714286 0.017857142857142856
0 0.8392857142857143 0.34375 0.011160714285714286 0.022321428571428572
0 0.9888392857142857 0.37276785714285715 0.011160714285714286 0.022321428571428572
0 0.9776785714285714 0.71875 0.03794642857142857 0.022321428571428572
0 0.7991071428571429 0.40401785714285715 0.03794642857142857 0.011160714285714286