0 0.09151785714285714 0.38392857142857145 0.022321428571428572 0.015625
0 0.13392857142857142 0.3549107142857143 0.020089285714285716 0.017857142857142856
0 0.18526785714285715 0.37276785714285715 0.017857142857142856 0.029017857142857144
0 0.29464285714285715 0.38169642857142855 0.020089285714285716 0.033482142857142856
0 0.3549107142857143 0.3950892857142857 0.022321428571428572 0.03125
0 0.31473214285714285 0.29910714285714285 0.015625 0.026785714285714284
0 0.47098214285714285 0.36160714285714285 0.015625 0.022321428571428572
0 0.5513392857142857 0.3236607142857143 0.020089285714285716 0.026785714285714284
0 0.5602678571428571 0.35267857142857145 0.017857142857142856 0.020089285714285716
0 0.5625 0.38392857142857145 0.029017857142857144 0.015625
0 0.6361607142857143 0.3325892857142857 0.015625 0.024553571428571428
0 0.6540178571428571 0.31919642857142855 0.013392857142857142 0.024553571428571428
0 0.7522321428571429 0.29017857142857145 0.03125 0.017857142857142856
0 0.7790178571428571 0.33705357142857145 0.017857142857142856 0.020089285714285716
0 0.8191964285714286 0.33705357142857145 0.015625 0.020089285714285716
0 0.9642857142857143 0.3861607142857143 0.022321428571428572 0.020089285714285716
0 0.9330357142857143 0.4375 0.03125 0.022321428571428572