0 0.008928571428571428 0.41294642857142855 0.017857142857142856 0.029017857142857144
0 0.020089285714285716 0.38839285714285715 0.015625 0.03794642857142857
0 0.046875 0.38169642857142855 0.015625 0.020089285714285716
0 0.10267857142857142 0.36607142857142855 0.017857142857142856 0.029017857142857144
0 0.015625 0.3482142857142857 0.015625 0.029017857142857144
0 0.14955357142857142 0.43973214285714285 0.017857142857142856 0.029017857142857144
0 0.026785714285714284 0.5803571428571429 0.03794642857142857 0.024553571428571428
0 0.05803571428571429 0.578125 0.015625 0.022321428571428572
0 0.18303571428571427 0.6629464285714286 0.03571428571428571 0.029017857142857144
0 0.25669642857142855 0.41517857142857145 0.060267857142857144 0.022321428571428572
0 0.3080357142857143 0.40625 0.013392857142857142 0.022321428571428572
0 0.46651785714285715 0.4732142857142857 0.03571428571428571 0.017857142857142856
0 0.5848214285714286 0.43526785714285715 0.05357142857142857 0.015625
0 0.5848214285714286 0.4575892857142857 0.017857142857142856 0.03125
0 0.7410714285714286 0.39732142857142855 0.029017857142857144 0.03125
0 0.9308035714285714 0.43080357142857145 0.022321428571428572 0.03571428571428571