0 0.9933035714285714 0.34375 0.004464285714285714 0.026785714285714284
0 0.8191964285714286 0.38392857142857145 0.015625 0.024553571428571428
0 0.8526785714285714 0.31026785714285715 0.013392857142857142 0.020089285714285716
0 0.8214285714285714 0.3482142857142857 0.015625 0.015625
0 0.8191964285714286 0.33035714285714285 0.017857142857142856 0.011160714285714286
0 0.7366071428571429 0.36830357142857145 0.011160714285714286 0.020089285714285716
0 0.6852678571428571 0.3705357142857143 0.017857142857142856 0.024553571428571428
0 0.6004464285714286 0.39732142857142855 0.026785714285714284 0.015625
0 0.31026785714285715 0.5044642857142857 0.022321428571428572 0.022321428571428572
0 0.11830357142857142 0.359375 0.022321428571428572 0.020089285714285716
0 0.07366071428571429 0.36160714285714285 0.017857142857142856 0.020089285714285716