0 0.06919642857142858 0.5446428571428571 0.04017857142857143 0.022321428571428572
0 0.05357142857142857 0.5044642857142857 0.05357142857142857 0.017857142857142856
0 0.04017857142857143 0.39955357142857145 0.033482142857142856 0.013392857142857142
0 0.03125 0.5401785714285714 0.017857142857142856 0.044642857142857144
0 0.2767857142857143 0.546875 0.024553571428571428 0.029017857142857144
0 0.08928571428571429 0.4419642857142857 0.044642857142857144 0.024553571428571428
0 0.38169642857142855 0.40625 0.015625 0.029017857142857144
0 0.7299107142857143 0.41964285714285715 0.020089285714285716 0.026785714285714284
0 0.7924107142857143 0.40625 0.017857142857142856 0.029017857142857144
0 0.8928571428571429 0.38839285714285715 0.017857142857142856 0.029017857142857144
0 0.9084821428571429 0.4263392857142857 0.020089285714285716 0.033482142857142856
0 0.9933035714285714 0.43973214285714285 0.006696428571428571 0.022321428571428572