0 0.9620535714285714 0.40401785714285715 0.017857142857142856 0.015625
0 0.8080357142857143 0.3236607142857143 0.015625 0.022321428571428572
0 0.7388392857142857 0.35267857142857145 0.020089285714285716 0.020089285714285716
0 0.71875 0.32142857142857145 0.015625 0.022321428571428572
0 0.5758928571428571 0.34375 0.015625 0.03125
0 0.41964285714285715 0.3325892857142857 0.013392857142857142 0.024553571428571428
0 0.3950892857142857 0.4017857142857143 0.017857142857142856 0.03571428571428571
0 0.5848214285714286 0.6049107142857143 0.017857142857142856 0.03571428571428571
0 0.35267857142857145 0.33482142857142855 0.020089285714285716 0.024553571428571428
0 0.16517857142857142 0.3013392857142857 0.013392857142857142 0.024553571428571428
0 0.044642857142857144 0.3080357142857143 0.020089285714285716 0.022321428571428572
0 0.08035714285714286 0.41294642857142855 0.017857142857142856 0.024553571428571428
0 0.21428571428571427 0.41964285714285715 0.024553571428571428 0.033482142857142856