0 0.21428571428571427 0.38169642857142855 0.03125 0.022321428571428572
0 0.359375 0.390625 0.022321428571428572 0.029017857142857144
0 0.29910714285714285 0.38839285714285715 0.017857142857142856 0.024553571428571428
0 0.45535714285714285 0.39732142857142855 0.020089285714285716 0.024553571428571428
0 0.47544642857142855 0.3236607142857143 0.013392857142857142 0.024553571428571428
0 0.6339285714285714 0.4017857142857143 0.020089285714285716 0.022321428571428572
0 0.7053571428571429 0.36160714285714285 0.017857142857142856 0.026785714285714284
0 0.7611607142857143 0.3638392857142857 0.015625 0.024553571428571428
0 0.8303571428571429 0.33482142857142855 0.029017857142857144 0.017857142857142856
0 0.7633928571428571 0.43080357142857145 0.020089285714285716 0.020089285714285716
0 0.8191964285714286 0.4174107142857143 0.022321428571428572 0.024553571428571428
0 0.7857142857142857 0.49107142857142855 0.026785714285714284 0.024553571428571428
0 0.9486607142857143 0.5267857142857143 0.05133928571428571 0.015625
0 0.7276785714285714 0.34375 0.020089285714285716 0.022321428571428572