0 0.13169642857142858 0.6339285714285714 0.03125 0.026785714285714284
0 0.29017857142857145 0.6897321428571429 0.029017857142857144 0.04017857142857143
0 0.35714285714285715 0.6071428571428571 0.020089285714285716 0.020089285714285716
0 0.27455357142857145 0.42410714285714285 0.017857142857142856 0.020089285714285716
0 0.203125 0.3794642857142857 0.017857142857142856 0.017857142857142856
0 0.12053571428571429 0.3549107142857143 0.020089285714285716 0.015625
0 0.3705357142857143 0.3861607142857143 0.013392857142857142 0.020089285714285716
0 0.4575892857142857 0.39955357142857145 0.020089285714285716 0.013392857142857142
0 0.71875 0.34598214285714285 0.024553571428571428 0.011160714285714286
0 0.8058035714285714 0.34151785714285715 0.017857142857142856 0.015625
0 0.8482142857142857 0.6830357142857143 0.024553571428571428 0.017857142857142856