0 0.12723214285714285 0.5267857142857143 0.033482142857142856 0.022321428571428572
0 0.109375 0.359375 0.022321428571428572 0.024553571428571428
0 0.3861607142857143 0.35044642857142855 0.029017857142857144 0.013392857142857142
0 0.5022321428571429 0.35267857142857145 0.015625 0.020089285714285716
0 0.5491071428571429 0.4419642857142857 0.020089285714285716 0.024553571428571428
0 0.640625 0.43973214285714285 0.015625 0.026785714285714284
0 0.7075892857142857 0.36607142857142855 0.020089285714285716 0.022321428571428572
0 0.7142857142857143 0.33482142857142855 0.020089285714285716 0.020089285714285716
0 0.8035714285714286 0.36830357142857145 0.015625 0.022321428571428572
0 0.84375 0.43973214285714285 0.022321428571428572 0.022321428571428572
0 0.9196428571428571 0.38839285714285715 0.015625 0.03125
0 0.9709821428571429 0.359375 0.013392857142857142 0.024553571428571428
0 0.8616071428571429 0.3549107142857143 0.013392857142857142 0.022321428571428572