0 0.3392857142857143 0.3080357142857143 0.015625 0.022321428571428572
0 0.45982142857142855 0.27455357142857145 0.017857142857142856 0.029017857142857144
0 0.30357142857142855 0.25892857142857145 0.022321428571428572 0.024553571428571428
0 0.3236607142857143 0.27455357142857145 0.020089285714285716 0.033482142857142856
0 0.5915178571428571 0.31026785714285715 0.024553571428571428 0.020089285714285716
0 0.7008928571428571 0.27901785714285715 0.015625 0.022321428571428572
0 0.8169642857142857 0.27232142857142855 0.020089285714285716 0.029017857142857144
0 0.8125 0.23214285714285715 0.033482142857142856 0.020089285714285716
0 0.890625 0.25892857142857145 0.022321428571428572 0.017857142857142856
0 0.9196428571428571 0.25 0.03125 0.015625
0 0.9352678571428571 0.26339285714285715 0.020089285714285716 0.022321428571428572
0 0.984375 0.2857142857142857 0.017857142857142856 0.03571428571428571