0 0.9709821428571429 0.33705357142857145 0.015625 0.03571428571428571
0 0.8013392857142857 0.43080357142857145 0.020089285714285716 0.026785714285714284
0 0.796875 0.5178571428571429 0.022321428571428572 0.026785714285714284
0 0.5558035714285714 0.26339285714285715 0.04017857142857143 0.017857142857142856
0 0.7410714285714286 0.2924107142857143 0.03794642857142857 0.011160714285714286
0 0.453125 0.34151785714285715 0.020089285714285716 0.03571428571428571
0 0.47767857142857145 0.47098214285714285 0.022321428571428572 0.024553571428571428
0 0.18973214285714285 0.6830357142857143 0.04017857142857143 0.03125
0 0.6674107142857143 0.5758928571428571 0.05803571428571429 0.022321428571428572
0 0.890625 0.5022321428571429 0.03794642857142857 0.017857142857142856
0 0.16294642857142858 0.28348214285714285 0.015625 0.03125
0 0.11607142857142858 0.26785714285714285 0.013392857142857142 0.022321428571428572
0 0.017857142857142856 0.5647321428571429 0.029017857142857144 0.022321428571428572
0 0.05133928571428571 0.35267857142857145 0.017857142857142856 0.03125
0 0.046875 0.29464285714285715 0.015625 0.022321428571428572
0 0.05580357142857143 0.25 0.017857142857142856 0.026785714285714284