0 0.984375 0.3638392857142857 0.017857142857142856 0.024553571428571428
0 0.734375 0.5602678571428571 0.046875 0.024553571428571428
0 0.8370535714285714 0.6584821428571429 0.024553571428571428 0.024553571428571428
0 0.8816964285714286 0.578125 0.029017857142857144 0.022321428571428572
0 0.6473214285714286 0.34598214285714285 0.013392857142857142 0.022321428571428572
0 0.6651785714285714 0.359375 0.022321428571428572 0.020089285714285716
0 0.296875 0.45089285714285715 0.017857142857142856 0.024553571428571428
0 0.25223214285714285 0.453125 0.020089285714285716 0.022321428571428572
0 0.20982142857142858 0.34151785714285715 0.013392857142857142 0.022321428571428572
0 0.16517857142857142 0.34598214285714285 0.029017857142857144 0.015625
0 0.16741071428571427 0.38169642857142855 0.011160714285714286 0.022321428571428572
0 0.05803571428571429 0.45982142857142855 0.020089285714285716 0.026785714285714284
0 0.044642857142857144 0.5982142857142857 0.022321428571428572 0.017857142857142856