0 0.9910714285714286 0.3950892857142857 0.008928571428571428 0.04017857142857143
0 0.9397321428571429 0.3638392857142857 0.015625 0.029017857142857144
0 0.8973214285714286 0.4330357142857143 0.017857142857142856 0.029017857142857144
0 0.9709821428571429 0.38392857142857145 0.029017857142857144 0.022321428571428572
0 0.828125 0.5825892857142857 0.03794642857142857 0.026785714285714284
0 0.8125 0.41294642857142855 0.013392857142857142 0.020089285714285716
0 0.7433035714285714 0.40401785714285715 0.013392857142857142 0.022321428571428572
0 0.5758928571428571 0.4888392857142857 0.020089285714285716 0.033482142857142856
0 0.4799107142857143 0.4486607142857143 0.017857142857142856 0.03125
0 0.43526785714285715 0.43526785714285715 0.046875 0.017857142857142856
0 0.33035714285714285 0.39732142857142855 0.020089285714285716 0.03125
0 0.13392857142857142 0.4263392857142857 0.017857142857142856 0.033482142857142856