0 0.9196428571428571 0.34375 0.03794642857142857 0.024553571428571428
0 0.84375 0.4107142857142857 0.03571428571428571 0.026785714285714284
0 0.7991071428571429 0.29910714285714285 0.015625 0.020089285714285716
0 0.7723214285714286 0.30357142857142855 0.017857142857142856 0.022321428571428572
0 0.8191964285714286 0.27455357142857145 0.017857142857142856 0.024553571428571428
0 0.6383928571428571 0.3080357142857143 0.017857142857142856 0.026785714285714284
0 0.6383928571428571 0.34598214285714285 0.03571428571428571 0.022321428571428572
0 0.6049107142857143 0.3638392857142857 0.024553571428571428 0.026785714285714284
0 0.5401785714285714 0.3125 0.026785714285714284 0.029017857142857144
0 0.46875 0.2857142857142857 0.013392857142857142 0.029017857142857144
0 0.45535714285714285 0.27901785714285715 0.015625 0.026785714285714284
0 0.33482142857142855 0.3125 0.017857142857142856 0.03125
0 0.30357142857142855 0.31919642857142855 0.013392857142857142 0.024553571428571428
0 0.3169642857142857 0.34598214285714285 0.04017857142857143 0.011160714285714286
0 0.1875 0.2857142857142857 0.017857142857142856 0.03125
0 0.13392857142857142 0.43080357142857145 0.03125 0.029017857142857144
0 0.515625 0.3125 0.026785714285714284 0.017857142857142856