0 0.96875 0.421875 0.017857142857142856 0.033482142857142856
0 0.9174107142857143 0.5245535714285714 0.044642857142857144 0.020089285714285716
0 0.8660714285714286 0.48660714285714285 0.017857142857142856 0.03125
0 0.7544642857142857 0.4575892857142857 0.024553571428571428 0.022321428571428572
0 0.6897321428571429 0.3950892857142857 0.020089285714285716 0.03125
0 0.6808035714285714 0.32142857142857145 0.015625 0.020089285714285716
0 0.609375 0.31919642857142855 0.022321428571428572 0.029017857142857144
0 0.5133928571428571 0.375 0.017857142857142856 0.026785714285714284
0 0.4732142857142857 0.37723214285714285 0.017857142857142856 0.03125
0 0.40625 0.29464285714285715 0.013392857142857142 0.024553571428571428
0 0.34375 0.33705357142857145 0.017857142857142856 0.029017857142857144
0 0.28794642857142855 0.29464285714285715 0.020089285714285716 0.017857142857142856
0 0.24776785714285715 0.6049107142857143 0.03125 0.020089285714285716
0 0.13839285714285715 0.34151785714285715 0.015625 0.026785714285714284
0 0.109375 0.32142857142857145 0.015625 0.026785714285714284
0 0.07142857142857142 0.296875 0.015625 0.022321428571428572
0 0.15178571428571427 0.5714285714285714 0.017857142857142856 0.029017857142857144