0 0.9129464285714286 0.34598214285714285 0.03794642857142857 0.013392857142857142
0 0.6830357142857143 0.32589285714285715 0.015625 0.026785714285714284
0 0.6763392857142857 0.4017857142857143 0.015625 0.03125
0 0.65625 0.4263392857142857 0.022321428571428572 0.020089285714285716
0 0.6138392857142857 0.3236607142857143 0.026785714285714284 0.017857142857142856
0 0.45089285714285715 0.3080357142857143 0.029017857142857144 0.013392857142857142
0 0.4263392857142857 0.30580357142857145 0.013392857142857142 0.022321428571428572
0 0.328125 0.33705357142857145 0.015625 0.024553571428571428
0 0.28794642857142855 0.34375 0.013392857142857142 0.022321428571428572
0 0.24107142857142858 0.40625 0.020089285714285716 0.022321428571428572
0 0.30357142857142855 0.4375 0.015625 0.024553571428571428
0 0.28125 0.45089285714285715 0.04017857142857143 0.015625
0 0.13392857142857142 0.40848214285714285 0.013392857142857142 0.024553571428571428
0 0.08258928571428571 0.40848214285714285 0.015625 0.026785714285714284
0 0.013392857142857142 0.3080357142857143 0.013392857142857142 0.024553571428571428
0 0.10714285714285714 0.27901785714285715 0.013392857142857142 0.022321428571428572