0 0.09821428571428571 0.5290178571428571 0.03125 0.020089285714285716
0 0.31026785714285715 0.37723214285714285 0.015625 0.017857142857142856
0 0.4107142857142857 0.34151785714285715 0.013392857142857142 0.022321428571428572
0 0.6071428571428571 0.3125 0.015625 0.020089285714285716
0 0.5290178571428571 0.29910714285714285 0.026785714285714284 0.015625
0 0.5669642857142857 0.36160714285714285 0.015625 0.013392857142857142
0 0.6473214285714286 0.3950892857142857 0.024553571428571428 0.013392857142857142
0 0.6852678571428571 0.3549107142857143 0.015625 0.015625
0 0.7857142857142857 0.42857142857142855 0.020089285714285716 0.03794642857142857
0 0.7611607142857143 0.32589285714285715 0.015625 0.024553571428571428
0 0.8303571428571429 0.5245535714285714 0.026785714285714284 0.020089285714285716
0 0.8080357142857143 0.33035714285714285 0.022321428571428572 0.015625
0 0.84375 0.33482142857142855 0.017857142857142856 0.011160714285714286
0 0.8482142857142857 0.3638392857142857 0.029017857142857144 0.013392857142857142
0 0.8571428571428571 0.38839285714285715 0.03571428571428571 0.013392857142857142
0 0.9665178571428571 0.328125 0.011160714285714286 0.013392857142857142
0 0.9419642857142857 0.34151785714285715 0.015625 0.020089285714285716