0 0.984375 0.21875 0.024553571428571428 0.029017857142857144
0 0.9575892857142857 0.2767857142857143 0.017857142857142856 0.011160714285714286
0 0.8325892857142857 0.22544642857142858 0.024553571428571428 0.03571428571428571
0 0.6584821428571429 0.29017857142857145 0.029017857142857144 0.022321428571428572
0 0.38169642857142855 0.33035714285714285 0.026785714285714284 0.03794642857142857
0 0.40401785714285715 0.28794642857142855 0.026785714285714284 0.020089285714285716
0 0.31919642857142855 0.21875 0.03125 0.022321428571428572
0 0.7455357142857143 0.5870535714285714 0.03571428571428571 0.044642857142857144
0 0.8928571428571429 0.578125 0.03571428571428571 0.03794642857142857
0 0.14508928571428573 0.25669642857142855 0.024553571428571428 0.024553571428571428
0 0.09598214285714286 0.28794642857142855 0.04017857142857143 0.020089285714285716