0 0.9799107142857143 0.033482142857142856 0.008928571428571428 0.013392857142857142
0 0.9263392857142857 0.026785714285714284 0.013392857142857142 0.015625
0 0.8883928571428571 0.03571428571428571 0.011160714285714286 0.015625
0 0.8549107142857143 0.12946428571428573 0.024553571428571428 0.024553571428571428
0 0.8973214285714286 0.125 0.015625 0.015625
0 0.8995535714285714 0.09375 0.020089285714285716 0.013392857142857142
0 0.7857142857142857 0.06696428571428571 0.015625 0.015625
0 0.765625 0.03571428571428571 0.015625 0.015625
0 0.8191964285714286 0.044642857142857144 0.026785714285714284 0.017857142857142856
0 0.7321428571428571 0.03794642857142857 0.013392857142857142 0.013392857142857142
0 0.7053571428571429 0.04241071428571429 0.011160714285714286 0.013392857142857142
0 0.703125 0.06473214285714286 0.017857142857142856 0.013392857142857142
0 0.6875 0.10491071428571429 0.017857142857142856 0.022321428571428572
0 0.5558035714285714 0.14955357142857142 0.020089285714285716 0.011160714285714286
0 0.5178571428571429 0.14732142857142858 0.008928571428571428 0.013392857142857142
0 0.5625 0.05580357142857143 0.022321428571428572 0.011160714285714286
0 0.4419642857142857 0.046875 0.03571428571428571 0.013392857142857142
0 0.4263392857142857 0.08035714285714286 0.03794642857142857 0.020089285714285716
0 0.6428571428571429 0.05803571428571429 0.020089285714285716 0.015625
0 0.8794642857142857 0.07589285714285714 0.015625 0.011160714285714286