0 0.7611607142857143 0.30357142857142855 0.011160714285714286 0.022321428571428572
0 0.6852678571428571 0.29910714285714285 0.022321428571428572 0.020089285714285716
0 0.6116071428571429 0.296875 0.03794642857142857 0.015625
0 0.5535714285714286 0.2767857142857143 0.026785714285714284 0.011160714285714286
0 0.6852678571428571 0.21428571428571427 0.013392857142857142 0.015625
0 0.6629464285714286 0.171875 0.013392857142857142 0.011160714285714286
0 0.7008928571428571 0.17410714285714285 0.011160714285714286 0.008928571428571428
0 0.7611607142857143 0.17633928571428573 0.011160714285714286 0.008928571428571428
0 0.49107142857142855 0.23660714285714285 0.04017857142857143 0.015625
0 0.40625 0.2611607142857143 0.015625 0.017857142857142856
0 0.4732142857142857 0.16964285714285715 0.008928571428571428 0.011160714285714286
0 0.4375 0.22321428571428573 0.029017857142857144 0.017857142857142856
0 0.3638392857142857 0.22321428571428573 0.017857142857142856 0.017857142857142856
0 0.20535714285714285 0.24776785714285715 0.024553571428571428 0.015625
0 0.29464285714285715 0.38839285714285715 0.029017857142857144 0.015625
0 0.39285714285714285 0.29464285714285715 0.011160714285714286 0.011160714285714286
0 0.6316964285714286 0.23214285714285715 0.013392857142857142 0.013392857142857142
0 0.5602678571428571 0.19419642857142858 0.024553571428571428 0.013392857142857142
0 0.5915178571428571 0.23883928571428573 0.013392857142857142 0.011160714285714286
0 0.5625 0.23214285714285715 0.008928571428571428 0.015625
0 0.5535714285714286 0.21875 0.022321428571428572 0.017857142857142856
0 0.6450892857142857 0.30580357142857145 0.011160714285714286 0.011160714285714286