0 0.7566964285714286 0.26339285714285715 0.022321428571428572 0.013392857142857142
0 0.71875 0.25223214285714285 0.011160714285714286 0.017857142857142856
0 0.7209821428571429 0.16294642857142858 0.011160714285714286 0.013392857142857142
0 0.8616071428571429 0.16071428571428573 0.017857142857142856 0.015625
0 0.5982142857142857 0.16071428571428573 0.013392857142857142 0.008928571428571428
0 0.5446428571428571 0.15848214285714285 0.013392857142857142 0.011160714285714286
0 0.5111607142857143 0.15625 0.020089285714285716 0.011160714285714286
0 0.6049107142857143 0.24107142857142858 0.04241071428571429 0.015625
0 0.5580357142857143 0.25 0.03794642857142857 0.015625
0 0.39732142857142855 0.16071428571428573 0.022321428571428572 0.022321428571428572
0 0.11607142857142858 0.24553571428571427 0.020089285714285716 0.011160714285714286
0 0.006696428571428571 0.16294642857142858 0.006696428571428571 0.026785714285714284
0 0.008928571428571428 0.28125 0.011160714285714286 0.013392857142857142