0 0.9888392857142857 0.21205357142857142 0.015625 0.017857142857142856
0 0.9866071428571429 0.14732142857142858 0.008928571428571428 0.011160714285714286
0 0.8928571428571429 0.20758928571428573 0.013392857142857142 0.015625
0 0.9441964285714286 0.21205357142857142 0.022321428571428572 0.011160714285714286
0 0.9352678571428571 0.22991071428571427 0.022321428571428572 0.013392857142857142
0 0.9174107142857143 0.22321428571428573 0.017857142857142856 0.011160714285714286
0 0.859375 0.21205357142857142 0.017857142857142856 0.011160714285714286
0 0.7790178571428571 0.21205357142857142 0.008928571428571428 0.011160714285714286
0 0.6808035714285714 0.18973214285714285 0.03125 0.015625
0 0.7745535714285714 0.22767857142857142 0.011160714285714286 0.011160714285714286
0 0.7633928571428571 0.21875 0.008928571428571428 0.013392857142857142
0 0.5758928571428571 0.2544642857142857 0.015625 0.03125
0 0.5200892857142857 0.18526785714285715 0.008928571428571428 0.017857142857142856
0 0.43080357142857145 0.21875 0.03794642857142857 0.011160714285714286
0 0.5044642857142857 0.20758928571428573 0.020089285714285716 0.006696428571428571
0 0.4955357142857143 0.22991071428571427 0.033482142857142856 0.008928571428571428
0 0.23214285714285715 0.21875 0.017857142857142856 0.013392857142857142
0 0.04017857142857143 0.22098214285714285 0.03571428571428571 0.017857142857142856
0 0.015625 0.21651785714285715 0.026785714285714284 0.013392857142857142