0 0.06473214285714286 0.125 0.013392857142857142 0.015625
0 0.011160714285714286 0.20982142857142858 0.022321428571428572 0.017857142857142856
0 0.16741071428571427 0.16741071428571427 0.011160714285714286 0.015625
0 0.14285714285714285 0.15178571428571427 0.017857142857142856 0.017857142857142856
0 0.11383928571428571 0.19642857142857142 0.015625 0.011160714285714286
0 0.12723214285714285 0.18080357142857142 0.013392857142857142 0.011160714285714286
0 0.07589285714285714 0.17633928571428573 0.015625 0.011160714285714286
0 0.09598214285714286 0.1875 0.015625 0.011160714285714286
0 0.03794642857142857 0.16741071428571427 0.017857142857142856 0.011160714285714286
0 0.03125 0.19419642857142858 0.017857142857142856 0.011160714285714286
0 0.05133928571428571 0.18303571428571427 0.015625 0.013392857142857142
0 0.21875 0.18303571428571427 0.029017857142857144 0.015625
0 0.4107142857142857 0.16517857142857142 0.024553571428571428 0.017857142857142856
0 0.38169642857142855 0.24330357142857142 0.020089285714285716 0.011160714285714286
0 0.22544642857142858 0.28125 0.026785714285714284 0.029017857142857144
0 0.49776785714285715 0.17857142857142858 0.017857142857142856 0.011160714285714286
0 0.9821428571428571 0.19196428571428573 0.022321428571428572 0.011160714285714286