0 0.9620535714285714 0.17857142857142858 0.015625 0.020089285714285716
0 0.96875 0.19642857142857142 0.04017857142857143 0.013392857142857142
0 0.8973214285714286 0.25 0.015625 0.017857142857142856
0 0.8080357142857143 0.15848214285714285 0.017857142857142856 0.015625
0 0.7254464285714286 0.14732142857142858 0.015625 0.015625
0 0.734375 0.1875 0.013392857142857142 0.015625
0 0.6696428571428571 0.16517857142857142 0.020089285714285716 0.011160714285714286
0 0.6450892857142857 0.1875 0.015625 0.015625
0 0.45089285714285715 0.2544642857142857 0.015625 0.011160714285714286
0 0.5825892857142857 0.18303571428571427 0.017857142857142856 0.011160714285714286
0 0.33705357142857145 0.21205357142857142 0.013392857142857142 0.015625
0 0.28348214285714285 0.21205357142857142 0.008928571428571428 0.015625
0 0.046875 0.21651785714285715 0.03571428571428571 0.013392857142857142