0 0.13616071428571427 0.31919642857142855 0.03125 0.017857142857142856
0 0.004464285714285714 0.16964285714285715 0.008928571428571428 0.017857142857142856
0 0.04241071428571429 0.15401785714285715 0.011160714285714286 0.011160714285714286
0 0.06919642857142858 0.14732142857142858 0.011160714285714286 0.013392857142857142
0 0.12053571428571429 0.16741071428571427 0.011160714285714286 0.013392857142857142
0 0.12276785714285714 0.15178571428571427 0.015625 0.015625
0 0.1875 0.14508928571428573 0.006696428571428571 0.013392857142857142
0 0.21428571428571427 0.16071428571428573 0.013392857142857142 0.013392857142857142
0 0.234375 0.16741071428571427 0.011160714285714286 0.017857142857142856
0 0.26785714285714285 0.15625 0.011160714285714286 0.013392857142857142
0 0.2857142857142857 0.16517857142857142 0.013392857142857142 0.015625
0 0.30580357142857145 0.14955357142857142 0.013392857142857142 0.013392857142857142
0 0.5 0.16294642857142858 0.011160714285714286 0.015625
0 0.453125 0.16294642857142858 0.015625 0.017857142857142856
0 0.5446428571428571 0.16071428571428573 0.011160714285714286 0.011160714285714286
0 0.6294642857142857 0.16964285714285715 0.017857142857142856 0.024553571428571428
0 0.6473214285714286 0.5178571428571429 0.017857142857142856 0.024553571428571428
0 0.6941964285714286 0.16741071428571427 0.013392857142857142 0.017857142857142856
0 0.7410714285714286 0.17410714285714285 0.020089285714285716 0.017857142857142856
0 0.8973214285714286 0.19866071428571427 0.011160714285714286 0.015625
0 0.7589285714285714 0.203125 0.04241071428571429 0.013392857142857142
0 0.7611607142857143 0.18526785714285715 0.017857142857142856 0.013392857142857142
0 0.4575892857142857 0.28125 0.008928571428571428 0.011160714285714286