0 0.9040178571428571 0.20982142857142858 0.015625 0.015625
0 0.8080357142857143 0.19866071428571427 0.020089285714285716 0.013392857142857142
0 0.7901785714285714 0.22544642857142858 0.024553571428571428 0.008928571428571428
0 0.7857142857142857 0.28348214285714285 0.026785714285714284 0.013392857142857142
0 0.9308035714285714 0.15178571428571427 0.024553571428571428 0.013392857142857142
0 0.9620535714285714 0.20758928571428573 0.011160714285714286 0.011160714285714286
0 0.6495535714285714 0.21651785714285715 0.020089285714285716 0.015625
0 0.5558035714285714 0.21875 0.020089285714285716 0.011160714285714286
0 0.45089285714285715 0.21651785714285715 0.020089285714285716 0.013392857142857142
0 0.22544642857142858 0.22767857142857142 0.020089285714285716 0.008928571428571428
0 0.36160714285714285 0.23214285714285715 0.015625 0.008928571428571428
0 0.8482142857142857 0.14955357142857142 0.017857142857142856 0.015625