0 0.9308035714285714 0.15178571428571427 0.024553571428571428 0.013392857142857142
0 0.9308035714285714 0.16741071428571427 0.024553571428571428 0.011160714285714286
0 0.7857142857142857 0.23214285714285715 0.020089285714285716 0.015625
0 0.8147321428571429 0.14955357142857142 0.013392857142857142 0.013392857142857142
0 0.78125 0.16071428571428573 0.011160714285714286 0.011160714285714286
0 0.7633928571428571 0.15625 0.011160714285714286 0.013392857142857142
0 0.7566964285714286 0.171875 0.011160714285714286 0.011160714285714286
0 0.7299107142857143 0.17857142857142858 0.015625 0.013392857142857142
0 0.6964285714285714 0.17633928571428573 0.013392857142857142 0.013392857142857142
0 0.7008928571428571 0.20089285714285715 0.015625 0.011160714285714286
0 0.6316964285714286 0.16517857142857142 0.008928571428571428 0.013392857142857142
0 0.5870535714285714 0.16964285714285715 0.011160714285714286 0.013392857142857142
0 0.6160714285714286 0.17410714285714285 0.011160714285714286 0.017857142857142856
0 0.6004464285714286 0.1875 0.011160714285714286 0.015625
0 0.6116071428571429 0.23660714285714285 0.049107142857142856 0.015625
0 0.5602678571428571 0.21205357142857142 0.026785714285714284 0.013392857142857142
0 0.515625 0.22991071428571427 0.029017857142857144 0.013392857142857142
0 0.47544642857142855 0.17633928571428573 0.013392857142857142 0.013392857142857142
0 0.23660714285714285 0.203125 0.015625 0.015625
0 0.375 0.17410714285714285 0.011160714285714286 0.015625
0 0.03571428571428571 0.21205357142857142 0.008928571428571428 0.011160714285714286