0 0.9308035714285714 0.125 0.022321428571428572 0.013392857142857142
0 0.8794642857142857 0.12723214285714285 0.011160714285714286 0.017857142857142856
0 0.9330357142857143 0.22321428571428573 0.017857142857142856 0.022321428571428572
0 0.8616071428571429 0.19196428571428573 0.03125 0.015625
0 0.9575892857142857 0.11830357142857142 0.013392857142857142 0.013392857142857142
0 0.984375 0.12053571428571429 0.011160714285714286 0.011160714285714286
0 0.9709821428571429 0.12946428571428573 0.013392857142857142 0.013392857142857142
0 0.7857142857142857 0.13616071428571427 0.011160714285714286 0.013392857142857142
0 0.7633928571428571 0.12946428571428573 0.013392857142857142 0.015625
0 0.7745535714285714 0.22991071428571427 0.04017857142857143 0.015625
0 0.6808035714285714 0.16741071428571427 0.020089285714285716 0.013392857142857142
0 0.7522321428571429 0.16741071428571427 0.011160714285714286 0.020089285714285716
0 0.6540178571428571 0.15178571428571427 0.017857142857142856 0.015625
0 0.6584821428571429 0.2924107142857143 0.022321428571428572 0.026785714285714284
0 0.6919642857142857 0.22321428571428573 0.011160714285714286 0.013392857142857142
0 0.859375 0.23214285714285715 0.022321428571428572 0.013392857142857142
0 0.4799107142857143 0.14955357142857142 0.015625 0.011160714285714286
0 0.9910714285714286 0.16741071428571427 0.008928571428571428 0.022321428571428572
0 0.9486607142857143 0.14732142857142858 0.022321428571428572 0.011160714285714286
0 0.125 0.38169642857142855 0.022321428571428572 0.015625