0 0.9821428571428571 0.08258928571428571 0.015625 0.015625
0 0.9352678571428571 0.08705357142857142 0.013392857142857142 0.017857142857142856
0 0.8705357142857143 0.08258928571428571 0.015625 0.015625
0 0.8348214285714286 0.11160714285714286 0.015625 0.017857142857142856
0 0.90625 0.09598214285714286 0.015625 0.015625
0 0.7924107142857143 0.08705357142857142 0.013392857142857142 0.015625
0 0.75 0.08482142857142858 0.011160714285714286 0.015625
0 0.7544642857142857 0.13839285714285715 0.011160714285714286 0.017857142857142856
0 0.7120535714285714 0.10267857142857142 0.017857142857142856 0.017857142857142856
0 0.6361607142857143 0.10267857142857142 0.029017857142857144 0.017857142857142856
0 0.4955357142857143 0.13392857142857142 0.015625 0.020089285714285716
0 0.453125 0.12946428571428573 0.013392857142857142 0.015625
0 0.38839285714285715 0.12053571428571429 0.017857142857142856 0.017857142857142856
0 0.3080357142857143 0.08705357142857142 0.04241071428571429 0.017857142857142856
0 0.17857142857142858 0.125 0.03794642857142857 0.015625
0 0.013392857142857142 0.13616071428571427 0.017857142857142856 0.013392857142857142
0 0.07142857142857142 0.13169642857142858 0.029017857142857144 0.011160714285714286
0 0.046875 0.13839285714285715 0.033482142857142856 0.011160714285714286
0 0.125 0.15848214285714285 0.015625 0.011160714285714286