0 0.10044642857142858 0.265625 0.026785714285714284 0.017857142857142856
0 0.015625 0.20089285714285715 0.03125 0.017857142857142856
0 0.2611607142857143 0.17410714285714285 0.011160714285714286 0.011160714285714286
0 0.28348214285714285 0.18973214285714285 0.011160714285714286 0.008928571428571428
0 0.3325892857142857 0.21875 0.026785714285714284 0.011160714285714286
0 0.20089285714285715 0.265625 0.008928571428571428 0.017857142857142856
0 0.18080357142857142 0.25223214285714285 0.017857142857142856 0.011160714285714286
0 0.12053571428571429 0.18973214285714285 0.029017857142857144 0.011160714285714286
0 0.3392857142857143 0.19196428571428573 0.008928571428571428 0.008928571428571428
0 0.3950892857142857 0.19642857142857142 0.026785714285714284 0.013392857142857142
0 0.5245535714285714 0.19642857142857142 0.017857142857142856 0.011160714285714286
0 0.5848214285714286 0.19419642857142858 0.011160714285714286 0.011160714285714286
0 0.5558035714285714 0.25 0.013392857142857142 0.013392857142857142
0 0.39732142857142855 0.42857142857142855 0.013392857142857142 0.013392857142857142
0 0.2924107142857143 0.4017857142857143 0.008928571428571428 0.011160714285714286
0 0.6339285714285714 0.31473214285714285 0.04241071428571429 0.013392857142857142
0 0.5691964285714286 0.22767857142857142 0.024553571428571428 0.011160714285714286
0 0.3482142857142857 0.2611607142857143 0.006696428571428571 0.008928571428571428