0 0.890625 0.12946428571428573 0.033482142857142856 0.013392857142857142
0 0.8928571428571429 0.14955357142857142 0.022321428571428572 0.015625
0 0.6875 0.15848214285714285 0.015625 0.017857142857142856
0 0.6897321428571429 0.20089285714285715 0.017857142857142856 0.011160714285714286
0 0.7410714285714286 0.4330357142857143 0.020089285714285716 0.026785714285714284
0 0.49107142857142855 0.15401785714285715 0.015625 0.013392857142857142
0 0.5133928571428571 0.15625 0.013392857142857142 0.011160714285714286
0 0.53125 0.16741071428571427 0.015625 0.013392857142857142
0 0.20089285714285715 0.15848214285714285 0.03794642857142857 0.015625
0 0.14508928571428573 0.171875 0.024553571428571428 0.017857142857142856
0 0.078125 0.17633928571428573 0.03571428571428571 0.013392857142857142