0 0.17633928571428573 0.48660714285714285 0.029017857142857144 0.026785714285714284
0 0.49107142857142855 0.234375 0.044642857142857144 0.013392857142857142
0 0.37276785714285715 0.20982142857142858 0.029017857142857144 0.013392857142857142
0 0.3794642857142857 0.13616071428571427 0.011160714285714286 0.011160714285714286
0 0.45089285714285715 0.12053571428571429 0.015625 0.017857142857142856
0 0.31919642857142855 0.13392857142857142 0.011160714285714286 0.013392857142857142
0 0.27901785714285715 0.13616071428571427 0.013392857142857142 0.015625
0 0.20758928571428573 0.15848214285714285 0.011160714285714286 0.013392857142857142
0 0.18080357142857142 0.15178571428571427 0.011160714285714286 0.015625
0 0.16294642857142858 0.171875 0.033482142857142856 0.011160714285714286
0 0.14955357142857142 0.13169642857142858 0.013392857142857142 0.013392857142857142
0 0.13169642857142858 0.14955357142857142 0.015625 0.013392857142857142
0 0.08035714285714286 0.13616071428571427 0.015625 0.015625
0 0.0625 0.17633928571428573 0.026785714285714284 0.013392857142857142
0 0.008928571428571428 0.16741071428571427 0.013392857142857142 0.015625
0 0.017857142857142856 0.20982142857142858 0.03125 0.017857142857142856