0 0.18973214285714285 0.33482142857142855 0.029017857142857144 0.013392857142857142
0 0.27455357142857145 0.26785714285714285 0.020089285714285716 0.013392857142857142
0 0.5424107142857143 0.22321428571428573 0.029017857142857144 0.015625
0 0.46875 0.13839285714285715 0.026785714285714284 0.011160714285714286
0 0.5758928571428571 0.42857142857142855 0.024553571428571428 0.013392857142857142
0 0.7991071428571429 0.17857142857142858 0.022321428571428572 0.015625
0 0.8459821428571429 0.17633928571428573 0.013392857142857142 0.011160714285714286
0 0.8794642857142857 0.16964285714285715 0.011160714285714286 0.015625
0 0.9486607142857143 0.16741071428571427 0.03794642857142857 0.011160714285714286
0 0.6897321428571429 0.16741071428571427 0.011160714285714286 0.011160714285714286
0 0.4375 0.23214285714285715 0.022321428571428572 0.013392857142857142