0 0.24107142857142858 0.20089285714285715 0.013392857142857142 0.017857142857142856
0 0.22098214285714285 0.203125 0.013392857142857142 0.015625
0 0.17857142857142858 0.20982142857142858 0.022321428571428572 0.020089285714285716
0 0.36830357142857145 0.19866071428571427 0.017857142857142856 0.015625
0 0.31919642857142855 0.22991071428571427 0.013392857142857142 0.015625
0 0.3482142857142857 0.20535714285714285 0.017857142857142856 0.011160714285714286
0 0.46875 0.20982142857142858 0.017857142857142856 0.013392857142857142
0 0.46205357142857145 0.22991071428571427 0.008928571428571428 0.015625
0 0.453125 0.25223214285714285 0.015625 0.017857142857142856
0 0.43526785714285715 0.2544642857142857 0.013392857142857142 0.017857142857142856
0 0.4419642857142857 0.20535714285714285 0.022321428571428572 0.020089285714285716
0 0.3950892857142857 0.20758928571428573 0.017857142857142856 0.017857142857142856
0 0.39285714285714285 0.22544642857142858 0.017857142857142856 0.013392857142857142
0 0.5513392857142857 0.22544642857142858 0.04017857142857143 0.015625
0 0.5803571428571429 0.20535714285714285 0.013392857142857142 0.013392857142857142
0 0.6272321428571429 0.22991071428571427 0.013392857142857142 0.013392857142857142
0 0.6473214285714286 0.21651785714285715 0.020089285714285716 0.017857142857142856
0 0.9330357142857143 0.2611607142857143 0.03571428571428571 0.015625