0 0.9330357142857143 0.2544642857142857 0.029017857142857144 0.017857142857142856
0 0.7924107142857143 0.203125 0.03571428571428571 0.013392857142857142
0 0.9955357142857143 0.08928571428571429 0.006696428571428571 0.017857142857142856
0 0.9441964285714286 0.09375 0.013392857142857142 0.017857142857142856
0 0.875 0.08258928571428571 0.008928571428571428 0.011160714285714286
0 0.8325892857142857 0.09375 0.011160714285714286 0.017857142857142856
0 0.8080357142857143 0.10714285714285714 0.008928571428571428 0.015625
0 0.7633928571428571 0.10491071428571429 0.015625 0.020089285714285716
0 0.6629464285714286 0.09821428571428571 0.013392857142857142 0.020089285714285716
0 0.6205357142857143 0.125 0.020089285714285716 0.024553571428571428
0 0.49330357142857145 0.18526785714285715 0.04241071428571429 0.017857142857142856
0 0.109375 0.11383928571428571 0.026785714285714284 0.024553571428571428
0 0.011160714285714286 0.11160714285714286 0.013392857142857142 0.013392857142857142