0 0.41517857142857145 0.29910714285714285 0.046875 0.013392857142857142
0 0.625 0.27901785714285715 0.017857142857142856 0.020089285714285716
0 0.5022321428571429 0.17410714285714285 0.015625 0.015625
0 0.9174107142857143 0.26339285714285715 0.013392857142857142 0.017857142857142856
0 0.8258928571428571 0.23214285714285715 0.013392857142857142 0.008928571428571428
0 0.7790178571428571 0.12946428571428573 0.020089285714285716 0.013392857142857142
0 0.875 0.12053571428571429 0.013392857142857142 0.015625
0 0.984375 0.19642857142857142 0.013392857142857142 0.020089285714285716
0 0.9642857142857143 0.203125 0.024553571428571428 0.013392857142857142
0 0.9732142857142857 0.12053571428571429 0.033482142857142856 0.015625
0 0.9330357142857143 0.12053571428571429 0.029017857142857144 0.011160714285714286