0 0.008928571428571428 0.25 0.011160714285714286 0.013392857142857142
0 0.05357142857142857 0.19642857142857142 0.020089285714285716 0.013392857142857142
0 0.10267857142857142 0.21205357142857142 0.015625 0.015625
0 0.11830357142857142 0.18526785714285715 0.020089285714285716 0.013392857142857142
0 0.15401785714285715 0.18973214285714285 0.020089285714285716 0.015625
0 0.20758928571428573 0.24553571428571427 0.026785714285714284 0.011160714285714286
0 0.24553571428571427 0.18526785714285715 0.011160714285714286 0.013392857142857142
0 0.22991071428571427 0.20089285714285715 0.008928571428571428 0.013392857142857142
0 0.25669642857142855 0.19196428571428573 0.022321428571428572 0.011160714285714286
0 0.3392857142857143 0.19419642857142858 0.008928571428571428 0.013392857142857142
0 0.30580357142857145 0.27901785714285715 0.020089285714285716 0.015625
0 0.43973214285714285 0.23660714285714285 0.008928571428571428 0.013392857142857142
0 0.46651785714285715 0.21428571428571427 0.011160714285714286 0.011160714285714286
0 0.4955357142857143 0.20535714285714285 0.006696428571428571 0.011160714285714286
0 0.5848214285714286 0.21205357142857142 0.015625 0.015625
0 0.6785714285714286 0.20982142857142858 0.013392857142857142 0.008928571428571428
0 0.5446428571428571 0.390625 0.017857142857142856 0.04017857142857143
0 0.7433035714285714 0.20535714285714285 0.020089285714285716 0.011160714285714286