0 0.3013392857142857 0.10714285714285714 0.015625 0.017857142857142856
0 0.5 0.21651785714285715 0.011160714285714286 0.017857142857142856
0 0.46875 0.28348214285714285 0.029017857142857144 0.013392857142857142
0 0.37723214285714285 0.2857142857142857 0.029017857142857144 0.013392857142857142
0 0.23883928571428573 0.31026785714285715 0.026785714285714284 0.029017857142857144
0 0.24107142857142858 0.22098214285714285 0.04017857142857143 0.011160714285714286
0 0.19419642857142858 0.20758928571428573 0.015625 0.011160714285714286
0 0.18973214285714285 0.1875 0.015625 0.015625
0 0.16294642857142858 0.16294642857142858 0.020089285714285716 0.013392857142857142
0 0.19196428571428573 0.12723214285714285 0.011160714285714286 0.011160714285714286
0 0.11830357142857142 0.12276785714285714 0.013392857142857142 0.015625
0 0.033482142857142856 0.13839285714285715 0.011160714285714286 0.013392857142857142