0 0.015625 0.23214285714285715 0.024553571428571428 0.017857142857142856
0 0.25223214285714285 0.23214285714285715 0.013392857142857142 0.015625
0 0.022321428571428572 0.03794642857142857 0.029017857142857144 0.013392857142857142
0 0.16071428571428573 0.008928571428571428 0.017857142857142856 0.017857142857142856
0 0.17410714285714285 0.05133928571428571 0.011160714285714286 0.020089285714285716
0 0.19196428571428573 0.017857142857142856 0.011160714285714286 0.015625
0 0.22767857142857142 0.017857142857142856 0.015625 0.013392857142857142
0 0.29910714285714285 0.033482142857142856 0.017857142857142856 0.013392857142857142
0 0.37276785714285715 0.029017857142857144 0.015625 0.015625
0 0.49776785714285715 0.10714285714285714 0.017857142857142856 0.011160714285714286
0 0.5044642857142857 0.03794642857142857 0.015625 0.015625
0 0.49107142857142855 0.05133928571428571 0.029017857142857144 0.011160714285714286
0 0.6651785714285714 0.06696428571428571 0.022321428571428572 0.013392857142857142
0 0.7299107142857143 0.05580357142857143 0.033482142857142856 0.013392857142857142
0 0.6964285714285714 0.06473214285714286 0.026785714285714284 0.008928571428571428
0 0.7901785714285714 0.07366071428571429 0.022321428571428572 0.011160714285714286
0 0.8125 0.06473214285714286 0.05133928571428571 0.015625