0 0.9241071428571429 0.14732142857142858 0.017857142857142856 0.015625
0 0.9508928571428571 0.19642857142857142 0.017857142857142856 0.015625
0 0.9129464285714286 0.171875 0.015625 0.013392857142857142
0 0.8638392857142857 0.14732142857142858 0.017857142857142856 0.017857142857142856
0 0.8504464285714286 0.17857142857142858 0.011160714285714286 0.017857142857142856
0 0.8772321428571429 0.20535714285714285 0.011160714285714286 0.017857142857142856
0 0.8035714285714286 0.16964285714285715 0.015625 0.017857142857142856
0 0.7232142857142857 0.19419642857142858 0.013392857142857142 0.020089285714285716
0 0.6852678571428571 0.16964285714285715 0.022321428571428572 0.015625
0 0.7589285714285714 0.15848214285714285 0.033482142857142856 0.015625
0 0.7522321428571429 0.2857142857142857 0.03125 0.015625
0 0.6160714285714286 0.21205357142857142 0.013392857142857142 0.017857142857142856
0 0.37723214285714285 0.20535714285714285 0.013392857142857142 0.017857142857142856
0 0.17633928571428573 0.20089285714285715 0.015625 0.020089285714285716
0 0.024553571428571428 0.21205357142857142 0.017857142857142856 0.024553571428571428
0 0.07366071428571429 0.21205357142857142 0.011160714285714286 0.015625
0 0.05580357142857143 0.21428571428571427 0.011160714285714286 0.022321428571428572