0 0.5669642857142857 0.11607142857142858 0.013392857142857142 0.013392857142857142
0 0.5267857142857143 0.11830357142857142 0.017857142857142856 0.017857142857142856
0 0.3080357142857143 0.12053571428571429 0.017857142857142856 0.03125
0 0.39955357142857145 0.171875 0.015625 0.011160714285714286
0 0.4732142857142857 0.12723214285714285 0.017857142857142856 0.020089285714285716
0 0.7232142857142857 0.20089285714285715 0.03125 0.013392857142857142
0 0.7299107142857143 0.39285714285714285 0.024553571428571428 0.011160714285714286
0 0.6629464285714286 0.11607142857142858 0.011160714285714286 0.013392857142857142
0 0.5558035714285714 0.16741071428571427 0.008928571428571428 0.013392857142857142
0 0.15178571428571427 0.203125 0.022321428571428572 0.013392857142857142
0 0.13839285714285715 0.11607142857142858 0.011160714285714286 0.015625
0 0.5200892857142857 0.15401785714285715 0.029017857142857144 0.020089285714285716