0 0.9933035714285714 0.18080357142857142 0.004464285714285714 0.022321428571428572
0 0.890625 0.19196428571428573 0.017857142857142856 0.017857142857142856
0 0.84375 0.3013392857142857 0.015625 0.017857142857142856
0 0.8504464285714286 0.25 0.013392857142857142 0.011160714285714286
0 0.7388392857142857 0.234375 0.017857142857142856 0.020089285714285716
0 0.7700892857142857 0.23214285714285715 0.011160714285714286 0.017857142857142856
0 0.7633928571428571 0.29464285714285715 0.015625 0.015625
0 0.671875 0.3169642857142857 0.015625 0.015625
0 0.5892857142857143 0.265625 0.013392857142857142 0.017857142857142856
0 0.484375 0.24553571428571427 0.015625 0.020089285714285716
0 0.30357142857142855 0.22991071428571427 0.026785714285714284 0.020089285714285716
0 0.2544642857142857 0.25 0.017857142857142856 0.020089285714285716
0 0.65625 0.38839285714285715 0.033482142857142856 0.015625
0 0.20758928571428573 0.3794642857142857 0.026785714285714284 0.015625
0 0.008928571428571428 0.3013392857142857 0.015625 0.013392857142857142