0 0.9910714285714286 0.15401785714285715 0.011160714285714286 0.017857142857142856
0 0.9330357142857143 0.16071428571428573 0.008928571428571428 0.013392857142857142
0 0.8660714285714286 0.16741071428571427 0.008928571428571428 0.013392857142857142
0 0.8549107142857143 0.15178571428571427 0.011160714285714286 0.013392857142857142
0 0.96875 0.16741071428571427 0.013392857142857142 0.017857142857142856
0 0.8058035714285714 0.17633928571428573 0.013392857142857142 0.008928571428571428
0 0.7857142857142857 0.16294642857142858 0.011160714285714286 0.011160714285714286
0 0.7120535714285714 0.16741071428571427 0.011160714285714286 0.013392857142857142
0 0.7723214285714286 0.18303571428571427 0.017857142857142856 0.011160714285714286
0 0.7566964285714286 0.171875 0.020089285714285716 0.020089285714285716
0 0.47098214285714285 0.20982142857142858 0.013392857142857142 0.015625
0 0.3236607142857143 0.22098214285714285 0.015625 0.013392857142857142
0 0.42857142857142855 0.24330357142857142 0.03794642857142857 0.013392857142857142
0 0.5111607142857143 0.16964285714285715 0.008928571428571428 0.011160714285714286
0 0.5089285714285714 0.20758928571428573 0.015625 0.011160714285714286
0 0.453125 0.19866071428571427 0.020089285714285716 0.011160714285714286
0 0.3392857142857143 0.20758928571428573 0.020089285714285716 0.011160714285714286
0 0.5982142857142857 0.3236607142857143 0.024553571428571428 0.022321428571428572
0 0.14285714285714285 0.21428571428571427 0.022321428571428572 0.013392857142857142