0 0.08705357142857142 0.17633928571428573 0.020089285714285716 0.015625
0 0.22991071428571427 0.18080357142857142 0.015625 0.011160714285714286
0 0.2544642857142857 0.17633928571428573 0.011160714285714286 0.008928571428571428
0 0.3705357142857143 0.15625 0.013392857142857142 0.013392857142857142
0 0.359375 0.19642857142857142 0.008928571428571428 0.008928571428571428
0 0.42410714285714285 0.20982142857142858 0.03571428571428571 0.013392857142857142
0 0.4732142857142857 0.21205357142857142 0.015625 0.015625
0 0.5379464285714286 0.18080357142857142 0.017857142857142856 0.011160714285714286
0 0.828125 0.21428571428571427 0.008928571428571428 0.015625
0 0.9241071428571429 0.20982142857142858 0.029017857142857144 0.013392857142857142
0 0.9910714285714286 0.21875 0.013392857142857142 0.020089285714285716