0 0.9933035714285714 0.171875 0.004464285714285714 0.022321428571428572
0 0.9732142857142857 0.171875 0.013392857142857142 0.013392857142857142
0 0.9441964285714286 0.1875 0.015625 0.013392857142857142
0 0.9732142857142857 0.20089285714285715 0.011160714285714286 0.013392857142857142
0 0.9107142857142857 0.23214285714285715 0.017857142857142856 0.013392857142857142
0 0.859375 0.21205357142857142 0.017857142857142856 0.011160714285714286
0 0.828125 0.17633928571428573 0.013392857142857142 0.013392857142857142
0 0.8950892857142857 0.16741071428571427 0.011160714285714286 0.011160714285714286
0 0.7299107142857143 0.1875 0.020089285714285716 0.013392857142857142
0 0.7142857142857143 0.21651785714285715 0.015625 0.015625
0 0.6919642857142857 0.20089285714285715 0.011160714285714286 0.013392857142857142
0 0.7120535714285714 0.17633928571428573 0.008928571428571428 0.011160714285714286
0 0.6450892857142857 0.21205357142857142 0.03125 0.011160714285714286
0 0.6116071428571429 0.19642857142857142 0.013392857142857142 0.011160714285714286
0 0.5200892857142857 0.20535714285714285 0.011160714285714286 0.017857142857142856
0 0.5 0.1875 0.020089285714285716 0.013392857142857142
0 0.5357142857142857 0.22991071428571427 0.011160714285714286 0.008928571428571428
0 0.26339285714285715 0.21651785714285715 0.015625 0.015625
0 0.31026785714285715 0.21205357142857142 0.024553571428571428 0.011160714285714286
0 0.13839285714285715 0.19419642857142858 0.013392857142857142 0.013392857142857142
0 0.022321428571428572 0.23214285714285715 0.026785714285714284 0.013392857142857142