0 0.006696428571428571 0.09598214285714286 0.013392857142857142 0.022321428571428572
0 0.044642857142857144 0.07366071428571429 0.015625 0.015625
0 0.10714285714285714 0.08035714285714286 0.013392857142857142 0.015625
0 0.14285714285714285 0.08482142857142858 0.015625 0.015625
0 0.20758928571428573 0.125 0.024553571428571428 0.011160714285714286
0 0.32142857142857145 0.08705357142857142 0.008928571428571428 0.015625
0 0.3705357142857143 0.08705357142857142 0.011160714285714286 0.015625
0 0.3861607142857143 0.10044642857142858 0.024553571428571428 0.013392857142857142
0 0.4174107142857143 0.13839285714285715 0.020089285714285716 0.013392857142857142
0 0.53125 0.08928571428571429 0.013392857142857142 0.013392857142857142
0 0.5133928571428571 0.09598214285714286 0.020089285714285716 0.013392857142857142
0 0.4888392857142857 0.12276785714285714 0.017857142857142856 0.015625
0 0.45982142857142855 0.12723214285714285 0.015625 0.008928571428571428
0 0.53125 0.13839285714285715 0.029017857142857144 0.013392857142857142
0 0.8035714285714286 0.109375 0.015625 0.013392857142857142
0 0.9017857142857143 0.12723214285714285 0.03125 0.017857142857142856