0 0.2544642857142857 0.24776785714285715 0.04017857142857143 0.017857142857142856
0 0.37276785714285715 0.20982142857142858 0.026785714285714284 0.022321428571428572
0 0.41294642857142855 0.09821428571428571 0.013392857142857142 0.015625
0 0.546875 0.20089285714285715 0.03794642857142857 0.017857142857142856
0 0.45089285714285715 0.22544642857142858 0.04241071428571429 0.015625
0 0.4330357142857143 0.19866071428571427 0.03125 0.015625
0 0.43526785714285715 0.16741071428571427 0.011160714285714286 0.022321428571428572
0 0.453125 0.15401785714285715 0.022321428571428572 0.020089285714285716
0 0.5066964285714286 0.09598214285714286 0.020089285714285716 0.020089285714285716
0 0.5200892857142857 0.13616071428571427 0.015625 0.020089285714285716
0 0.48214285714285715 0.09598214285714286 0.011160714285714286 0.013392857142857142
0 0.6941964285714286 0.15401785714285715 0.015625 0.017857142857142856
0 0.8258928571428571 0.15401785714285715 0.011160714285714286 0.017857142857142856
0 0.6183035714285714 0.15848214285714285 0.008928571428571428 0.013392857142857142
0 0.59375 0.15848214285714285 0.013392857142857142 0.011160714285714286
0 0.6674107142857143 0.140625 0.029017857142857144 0.015625
0 0.84375 0.18526785714285715 0.03794642857142857 0.017857142857142856