0 0.9620535714285714 0.18080357142857142 0.013392857142857142 0.013392857142857142
0 0.8549107142857143 0.18303571428571427 0.011160714285714286 0.011160714285714286
0 0.9263392857142857 0.171875 0.011160714285714286 0.015625
0 0.9397321428571429 0.16741071428571427 0.008928571428571428 0.013392857142857142
0 0.8727678571428571 0.18973214285714285 0.015625 0.013392857142857142
0 0.8080357142857143 0.26339285714285715 0.017857142857142856 0.013392857142857142
0 0.7767857142857143 0.21205357142857142 0.026785714285714284 0.011160714285714286
0 0.7321428571428571 0.18973214285714285 0.013392857142857142 0.011160714285714286
0 0.7098214285714286 0.19866071428571427 0.024553571428571428 0.008928571428571428
0 0.6517857142857143 0.19196428571428573 0.033482142857142856 0.011160714285714286
0 0.6696428571428571 0.19642857142857142 0.020089285714285716 0.011160714285714286
0 0.5625 0.19642857142857142 0.029017857142857144 0.011160714285714286
0 0.5245535714285714 0.19196428571428573 0.008928571428571428 0.015625
0 0.42410714285714285 0.19642857142857142 0.011160714285714286 0.011160714285714286
0 0.5580357142857143 0.22767857142857142 0.013392857142857142 0.029017857142857144
0 0.6361607142857143 0.26339285714285715 0.022321428571428572 0.013392857142857142
0 0.48214285714285715 0.265625 0.011160714285714286 0.013392857142857142
0 0.33705357142857145 0.47544642857142855 0.022321428571428572 0.026785714285714284
0 0.234375 0.2544642857142857 0.015625 0.011160714285714286
0 0.25669642857142855 0.19196428571428573 0.017857142857142856 0.011160714285714286