0 0.43526785714285715 0.25223214285714285 0.022321428571428572 0.013392857142857142
0 0.4799107142857143 0.07366071428571429 0.020089285714285716 0.013392857142857142
0 0.578125 0.078125 0.022321428571428572 0.013392857142857142
0 0.6517857142857143 0.07142857142857142 0.015625 0.011160714285714286
0 0.703125 0.08258928571428571 0.013392857142857142 0.015625
0 0.7522321428571429 0.08258928571428571 0.026785714285714284 0.011160714285714286
0 0.8191964285714286 0.08705357142857142 0.015625 0.013392857142857142
0 0.8169642857142857 0.19866071428571427 0.026785714285714284 0.020089285714285716
0 0.9107142857142857 0.08928571428571429 0.017857142857142856 0.017857142857142856
0 0.8727678571428571 0.10044642857142858 0.024553571428571428 0.017857142857142856
0 0.9754464285714286 0.09821428571428571 0.011160714285714286 0.013392857142857142
0 0.7946428571428571 0.11160714285714286 0.022321428571428572 0.017857142857142856
0 0.8973214285714286 0.12946428571428573 0.020089285714285716 0.017857142857142856