0 0.0625 0.12276785714285714 0.015625 0.015625
0 0.07142857142857142 0.17857142857142858 0.011160714285714286 0.015625
0 0.10267857142857142 0.12053571428571429 0.011160714285714286 0.017857142857142856
0 0.13169642857142858 0.13616071428571427 0.011160714285714286 0.020089285714285716
0 0.18526785714285715 0.12946428571428573 0.022321428571428572 0.017857142857142856
0 0.23660714285714285 0.16517857142857142 0.008928571428571428 0.020089285714285716
0 0.2924107142857143 0.18526785714285715 0.011160714285714286 0.020089285714285716
0 0.29464285714285715 0.13169642857142858 0.017857142857142856 0.017857142857142856
0 0.3236607142857143 0.13392857142857142 0.011160714285714286 0.013392857142857142
0 0.20535714285714285 0.140625 0.03571428571428571 0.011160714285714286
0 0.7723214285714286 0.17633928571428573 0.015625 0.020089285714285716
0 0.5892857142857143 0.17857142857142858 0.020089285714285716 0.015625
0 0.8973214285714286 0.18526785714285715 0.020089285714285716 0.013392857142857142
0 0.921875 0.18303571428571427 0.015625 0.020089285714285716