0 0.10714285714285714 0.4263392857142857 0.049107142857142856 0.013392857142857142
0 0.008928571428571428 0.19196428571428573 0.015625 0.017857142857142856
0 0.004464285714285714 0.21651785714285715 0.006696428571428571 0.011160714285714286
0 0.05133928571428571 0.22991071428571427 0.011160714285714286 0.015625
0 0.10044642857142858 0.21205357142857142 0.011160714285714286 0.015625
0 0.20758928571428573 0.20758928571428573 0.017857142857142856 0.011160714285714286
0 0.28125 0.20089285714285715 0.008928571428571428 0.013392857142857142
0 0.31919642857142855 0.20982142857142858 0.011160714285714286 0.015625
0 0.4263392857142857 0.22098214285714285 0.020089285714285716 0.008928571428571428
0 0.48660714285714285 0.21428571428571427 0.013392857142857142 0.017857142857142856
0 0.4330357142857143 0.203125 0.017857142857142856 0.011160714285714286
0 0.6049107142857143 0.22767857142857142 0.008928571428571428 0.011160714285714286
0 0.7142857142857143 0.20982142857142858 0.011160714285714286 0.017857142857142856
0 0.859375 0.22321428571428573 0.008928571428571428 0.013392857142857142