0 0.47098214285714285 0.15401785714285715 0.015625 0.015625
0 0.6428571428571429 0.15848214285714285 0.011160714285714286 0.013392857142857142
0 0.7299107142857143 0.17633928571428573 0.013392857142857142 0.013392857142857142
0 0.7477678571428571 0.16294642857142858 0.011160714285714286 0.015625
0 0.7790178571428571 0.17410714285714285 0.011160714285714286 0.011160714285714286
0 0.7946428571428571 0.16294642857142858 0.013392857142857142 0.015625
0 0.8928571428571429 0.171875 0.026785714285714284 0.013392857142857142
0 0.84375 0.16741071428571427 0.017857142857142856 0.011160714285714286
0 0.8549107142857143 0.18080357142857142 0.013392857142857142 0.011160714285714286
0 0.9308035714285714 0.18526785714285715 0.011160714285714286 0.013392857142857142
0 0.9151785714285714 0.17633928571428573 0.011160714285714286 0.013392857142857142
0 0.8191964285714286 0.23214285714285715 0.008928571428571428 0.011160714285714286
0 0.90625 0.3705357142857143 0.033482142857142856 0.011160714285714286