0 0.029017857142857144 0.18973214285714285 0.013392857142857142 0.015625
0 0.044642857142857144 0.171875 0.013392857142857142 0.013392857142857142
0 0.10267857142857142 0.16741071428571427 0.017857142857142856 0.011160714285714286
0 0.060267857142857144 0.19866071428571427 0.020089285714285716 0.011160714285714286
0 0.09151785714285714 0.21205357142857142 0.020089285714285716 0.011160714285714286
0 0.3013392857142857 0.17633928571428573 0.011160714285714286 0.017857142857142856
0 0.4263392857142857 0.19866071428571427 0.013392857142857142 0.011160714285714286
0 0.5602678571428571 0.20089285714285715 0.013392857142857142 0.013392857142857142
0 0.8660714285714286 0.19866071428571427 0.013392857142857142 0.013392857142857142
0 0.6428571428571429 0.19196428571428573 0.011160714285714286 0.015625
0 0.9151785714285714 0.24330357142857142 0.03794642857142857 0.011160714285714286