0 0.05133928571428571 0.13839285714285715 0.008928571428571428 0.011160714285714286
0 0.13392857142857142 0.1875 0.017857142857142856 0.015625
0 0.22991071428571427 0.24330357142857142 0.026785714285714284 0.013392857142857142
0 0.32142857142857145 0.16741071428571427 0.013392857142857142 0.013392857142857142
0 0.3482142857142857 0.16517857142857142 0.013392857142857142 0.013392857142857142
0 0.29910714285714285 0.17857142857142858 0.008928571428571428 0.013392857142857142
0 0.27232142857142855 0.15848214285714285 0.013392857142857142 0.013392857142857142
0 0.23883928571428573 0.14508928571428573 0.017857142857142856 0.011160714285714286
0 0.22767857142857142 0.13616071428571427 0.017857142857142856 0.015625
0 0.265625 0.14508928571428573 0.011160714285714286 0.011160714285714286
0 0.375 0.15625 0.015625 0.008928571428571428
0 0.4642857142857143 0.14955357142857142 0.008928571428571428 0.015625
0 0.48660714285714285 0.16071428571428573 0.008928571428571428 0.013392857142857142
0 0.5089285714285714 0.15401785714285715 0.008928571428571428 0.011160714285714286
0 0.6316964285714286 0.24107142857142858 0.024553571428571428 0.011160714285714286
0 0.6696428571428571 0.14955357142857142 0.015625 0.015625
0 0.609375 0.16964285714285715 0.015625 0.008928571428571428
0 0.8080357142857143 0.15848214285714285 0.015625 0.013392857142857142