0 0.17410714285714285 0.31026785714285715 0.015625 0.03794642857142857
0 0.21651785714285715 0.25 0.011160714285714286 0.020089285714285716
0 0.07142857142857142 0.22098214285714285 0.013392857142857142 0.015625
0 0.08035714285714286 0.19419642857142858 0.011160714285714286 0.011160714285714286
0 0.017857142857142856 0.203125 0.011160714285714286 0.015625
0 0.05133928571428571 0.17410714285714285 0.013392857142857142 0.011160714285714286
0 0.03125 0.18973214285714285 0.020089285714285716 0.008928571428571428
0 0.05133928571428571 0.16294642857142858 0.029017857142857144 0.013392857142857142
0 0.10044642857142858 0.1875 0.017857142857142856 0.011160714285714286
0 0.10491071428571429 0.21875 0.015625 0.015625
0 0.16517857142857142 0.19196428571428573 0.026785714285714284 0.015625
0 0.21875 0.17410714285714285 0.015625 0.017857142857142856
0 0.19196428571428573 0.22098214285714285 0.008928571428571428 0.011160714285714286
0 0.22321428571428573 0.18973214285714285 0.011160714285714286 0.011160714285714286
0 0.2611607142857143 0.1875 0.033482142857142856 0.011160714285714286
0 0.31473214285714285 0.17857142857142858 0.013392857142857142 0.020089285714285716
0 0.3705357142857143 0.1875 0.026785714285714284 0.011160714285714286
0 0.34375 0.16964285714285715 0.020089285714285716 0.008928571428571428
0 0.5290178571428571 0.19419642857142858 0.011160714285714286 0.013392857142857142
0 0.7276785714285714 0.21428571428571427 0.008928571428571428 0.011160714285714286
0 0.671875 0.20982142857142858 0.024553571428571428 0.011160714285714286
0 0.4955357142857143 0.18303571428571427 0.011160714285714286 0.008928571428571428
0 0.9330357142857143 0.21428571428571427 0.017857142857142856 0.011160714285714286