0 0.12276785714285714 0.17633928571428573 0.011160714285714286 0.013392857142857142
0 0.10044642857142858 0.171875 0.008928571428571428 0.013392857142857142
0 0.18973214285714285 0.25 0.022321428571428572 0.017857142857142856
0 0.27455357142857145 0.1875 0.008928571428571428 0.015625
0 0.23883928571428573 0.16964285714285715 0.011160714285714286 0.013392857142857142
0 0.25 0.18526785714285715 0.017857142857142856 0.015625
0 0.3013392857142857 0.18080357142857142 0.013392857142857142 0.013392857142857142
0 0.37723214285714285 0.203125 0.008928571428571428 0.017857142857142856
0 0.34375 0.203125 0.011160714285714286 0.011160714285714286
0 0.33035714285714285 0.21875 0.015625 0.013392857142857142
0 0.3549107142857143 0.265625 0.013392857142857142 0.015625
0 0.4642857142857143 0.19196428571428573 0.015625 0.013392857142857142
0 0.4486607142857143 0.19419642857142858 0.017857142857142856 0.011160714285714286
0 0.4419642857142857 0.22991071428571427 0.013392857142857142 0.011160714285714286
0 0.45535714285714285 0.20982142857142858 0.015625 0.011160714285714286
0 0.5066964285714286 0.23214285714285715 0.013392857142857142 0.015625
0 0.4642857142857143 0.2767857142857143 0.04241071428571429 0.015625
0 0.390625 0.2611607142857143 0.015625 0.013392857142857142
0 0.6629464285714286 0.19642857142857142 0.022321428571428572 0.017857142857142856
0 0.8258928571428571 0.22991071428571427 0.015625 0.013392857142857142
0 0.7053571428571429 0.20982142857142858 0.026785714285714284 0.013392857142857142
0 0.5111607142857143 0.19419642857142858 0.008928571428571428 0.011160714285714286
0 0.2924107142857143 0.20089285714285715 0.017857142857142856 0.011160714285714286