0 0.41294642857142855 0.12276785714285714 0.015625 0.017857142857142856
0 0.45535714285714285 0.12276785714285714 0.015625 0.013392857142857142
0 0.6071428571428571 0.125 0.020089285714285716 0.011160714285714286
0 0.7053571428571429 0.15178571428571427 0.013392857142857142 0.022321428571428572
0 0.6964285714285714 0.12723214285714285 0.022321428571428572 0.013392857142857142
0 0.7767857142857143 0.13169642857142858 0.011160714285714286 0.015625
0 0.7857142857142857 0.14285714285714285 0.015625 0.013392857142857142
0 0.8058035714285714 0.15625 0.022321428571428572 0.011160714285714286
0 0.8325892857142857 0.13392857142857142 0.013392857142857142 0.008928571428571428
0 0.9174107142857143 0.14732142857142858 0.013392857142857142 0.013392857142857142
0 0.9330357142857143 0.14508928571428573 0.015625 0.015625
0 0.9620535714285714 0.14508928571428573 0.015625 0.013392857142857142