0 0.5915178571428571 0.16964285714285715 0.013392857142857142 0.013392857142857142
0 0.5535714285714286 0.16964285714285715 0.015625 0.015625
0 0.35267857142857145 0.17410714285714285 0.015625 0.029017857142857144
0 0.4375 0.21875 0.013392857142857142 0.011160714285714286
0 0.5044642857142857 0.17857142857142858 0.017857142857142856 0.020089285714285716
0 0.734375 0.24553571428571427 0.029017857142857144 0.011160714285714286
0 0.7410714285714286 0.42410714285714285 0.024553571428571428 0.011160714285714286
0 0.6808035714285714 0.16741071428571427 0.008928571428571428 0.011160714285714286
0 0.5803571428571429 0.21651785714285715 0.008928571428571428 0.011160714285714286
0 0.20758928571428573 0.25 0.020089285714285716 0.013392857142857142
0 0.19642857142857142 0.16964285714285715 0.011160714285714286 0.015625
0 0.06473214285714286 0.20982142857142858 0.013392857142857142 0.011160714285714286
0 0.5491071428571429 0.203125 0.026785714285714284 0.017857142857142856