0 0.96875 0.11160714285714286 0.020089285714285716 0.020089285714285716
0 0.9196428571428571 0.10714285714285714 0.03125 0.011160714285714286
0 0.8839285714285714 0.109375 0.013392857142857142 0.008928571428571428
0 0.8839285714285714 0.09821428571428571 0.013392857142857142 0.013392857142857142
0 0.8415178571428571 0.14508928571428573 0.013392857142857142 0.015625
0 0.8125 0.125 0.017857142857142856 0.015625
0 0.6183035714285714 0.13839285714285715 0.017857142857142856 0.011160714285714286
0 0.5491071428571429 0.16741071428571427 0.015625 0.011160714285714286
0 0.45982142857142855 0.13839285714285715 0.013392857142857142 0.015625
0 0.36160714285714285 0.15625 0.033482142857142856 0.015625
0 0.013392857142857142 0.15401785714285715 0.017857142857142856 0.017857142857142856