0 0.004464285714285714 0.07589285714285714 0.006696428571428571 0.015625
0 0.004464285714285714 0.09598214285714286 0.008928571428571428 0.017857142857142856
0 0.033482142857142856 0.125 0.008928571428571428 0.015625
0 0.07366071428571429 0.10267857142857142 0.015625 0.017857142857142856
0 0.10044642857142858 0.12053571428571429 0.008928571428571428 0.015625
0 0.13616071428571427 0.11607142857142858 0.011160714285714286 0.015625
0 0.15401785714285715 0.10044642857142858 0.015625 0.015625
0 0.171875 0.109375 0.017857142857142856 0.013392857142857142
0 0.22098214285714285 0.13169642857142858 0.013392857142857142 0.017857142857142856
0 0.3013392857142857 0.125 0.013392857142857142 0.017857142857142856
0 0.28794642857142855 0.15178571428571427 0.020089285714285716 0.013392857142857142
0 0.11830357142857142 0.2767857142857143 0.017857142857142856 0.013392857142857142
0 0.33035714285714285 0.13392857142857142 0.017857142857142856 0.013392857142857142
0 0.43973214285714285 0.17410714285714285 0.020089285714285716 0.024553571428571428
0 0.4888392857142857 0.14732142857142858 0.022321428571428572 0.011160714285714286
0 0.5669642857142857 0.14285714285714285 0.020089285714285716 0.015625
0 0.44419642857142855 0.2611607142857143 0.011160714285714286 0.011160714285714286
0 0.14732142857142858 0.5625 0.017857142857142856 0.022321428571428572
0 0.36160714285714285 0.28125 0.026785714285714284 0.015625
0 0.7522321428571429 0.14508928571428573 0.013392857142857142 0.015625
0 0.5357142857142857 0.14508928571428573 0.011160714285714286 0.011160714285714286
0 0.8839285714285714 0.14508928571428573 0.011160714285714286 0.013392857142857142
0 0.9888392857142857 0.14285714285714285 0.015625 0.015625