0 0.33482142857142855 0.3861607142857143 0.013392857142857142 0.015625
0 0.3325892857142857 0.26785714285714285 0.03125 0.015625
0 0.75 0.21651785714285715 0.03794642857142857 0.020089285714285716
0 0.703125 0.08258928571428571 0.017857142857142856 0.017857142857142856
0 0.6205357142857143 0.03571428571428571 0.020089285714285716 0.017857142857142856
0 0.8035714285714286 0.07142857142857142 0.017857142857142856 0.017857142857142856
0 0.796875 0.049107142857142856 0.013392857142857142 0.015625
0 0.7857142857142857 0.033482142857142856 0.013392857142857142 0.015625
0 0.8683035714285714 0.033482142857142856 0.015625 0.013392857142857142
0 0.9754464285714286 0.08928571428571429 0.015625 0.017857142857142856
0 0.953125 0.046875 0.026785714285714284 0.017857142857142856
0 0.984375 0.05803571428571429 0.011160714285714286 0.011160714285714286
0 0.9910714285714286 0.04241071428571429 0.011160714285714286 0.017857142857142856
0 0.9174107142857143 0.03794642857142857 0.011160714285714286 0.015625