0 0.7723214285714286 0.19196428571428573 0.011160714285714286 0.013392857142857142
0 0.7209821428571429 0.19196428571428573 0.015625 0.015625
0 0.6763392857142857 0.19866071428571427 0.008928571428571428 0.011160714285714286
0 0.6629464285714286 0.20089285714285715 0.008928571428571428 0.013392857142857142
0 0.6428571428571429 0.234375 0.015625 0.017857142857142856
0 0.6071428571428571 0.26785714285714285 0.013392857142857142 0.013392857142857142
0 0.5825892857142857 0.19196428571428573 0.013392857142857142 0.013392857142857142
0 0.6071428571428571 0.19642857142857142 0.013392857142857142 0.011160714285714286
0 0.6361607142857143 0.19419642857142858 0.015625 0.008928571428571428
0 0.5379464285714286 0.19642857142857142 0.008928571428571428 0.013392857142857142
0 0.5602678571428571 0.21651785714285715 0.008928571428571428 0.008928571428571428
0 0.5200892857142857 0.19642857142857142 0.011160714285714286 0.013392857142857142
0 0.46205357142857145 0.19642857142857142 0.008928571428571428 0.013392857142857142
0 0.296875 0.22321428571428573 0.017857142857142856 0.011160714285714286
0 0.29464285714285715 0.20089285714285715 0.011160714285714286 0.011160714285714286
0 0.19642857142857142 0.21428571428571427 0.013392857142857142 0.011160714285714286