0 0.9464285714285714 0.15848214285714285 0.015625 0.017857142857142856
0 0.9933035714285714 0.16517857142857142 0.011160714285714286 0.015625
0 0.9888392857142857 0.18526785714285715 0.013392857142857142 0.022321428571428572
0 0.9754464285714286 0.17633928571428573 0.020089285714285716 0.013392857142857142
0 0.90625 0.16294642857142858 0.022321428571428572 0.011160714285714286
0 0.8147321428571429 0.16517857142857142 0.011160714285714286 0.013392857142857142
0 0.6986607142857143 0.13616071428571427 0.03571428571428571 0.017857142857142856
0 0.8080357142857143 0.18303571428571427 0.013392857142857142 0.013392857142857142
0 0.7946428571428571 0.17410714285714285 0.008928571428571428 0.015625
0 0.578125 0.21428571428571427 0.017857142857142856 0.03571428571428571
0 0.5133928571428571 0.13392857142857142 0.011160714285714286 0.020089285714285716
0 0.40625 0.171875 0.044642857142857144 0.013392857142857142
0 0.4955357142857143 0.15848214285714285 0.024553571428571428 0.008928571428571428
0 0.484375 0.18526785714285715 0.04017857142857143 0.011160714285714286
0 0.17857142857142858 0.17410714285714285 0.020089285714285716 0.015625