0 0.20758928571428573 0.3705357142857143 0.008928571428571428 0.011160714285714286
0 0.5133928571428571 0.3794642857142857 0.026785714285714284 0.017857142857142856
0 0.5892857142857143 0.31919642857142855 0.024553571428571428 0.013392857142857142
0 0.6941964285714286 0.16071428571428573 0.015625 0.020089285714285716
0 0.7098214285714286 0.19196428571428573 0.008928571428571428 0.011160714285714286
0 0.828125 0.16517857142857142 0.013392857142857142 0.013392857142857142
0 0.8325892857142857 0.19196428571428573 0.011160714285714286 0.008928571428571428
0 0.8482142857142857 0.17857142857142858 0.011160714285714286 0.013392857142857142
0 0.8772321428571429 0.171875 0.008928571428571428 0.015625
0 0.8995535714285714 0.16071428571428573 0.013392857142857142 0.013392857142857142
0 0.9575892857142857 0.16741071428571427 0.011160714285714286 0.011160714285714286
0 0.9709821428571429 0.171875 0.011160714285714286 0.013392857142857142
0 0.9821428571428571 0.19196428571428573 0.011160714285714286 0.008928571428571428
0 0.9955357142857143 0.1875 0.002232142857142857 0.013392857142857142