0 0.828125 0.19196428571428573 0.015625 0.015625
0 0.7366071428571429 0.18080357142857142 0.020089285714285716 0.011160714285714286
0 0.71875 0.20758928571428573 0.024553571428571428 0.008928571428571428
0 0.7142857142857143 0.26339285714285715 0.024553571428571428 0.013392857142857142
0 0.8549107142857143 0.13616071428571427 0.024553571428571428 0.013392857142857142
0 0.9263392857142857 0.17633928571428573 0.011160714285714286 0.011160714285714286
0 0.8839285714285714 0.18973214285714285 0.011160714285714286 0.011160714285714286
0 0.5825892857142857 0.19866071428571427 0.017857142857142856 0.015625
0 0.49330357142857145 0.20089285714285715 0.020089285714285716 0.011160714285714286
0 0.390625 0.19866071428571427 0.020089285714285716 0.013392857142857142
0 0.171875 0.20982142857142858 0.017857142857142856 0.006696428571428571
0 0.30357142857142855 0.21428571428571427 0.015625 0.008928571428571428
0 0.7745535714285714 0.13392857142857142 0.017857142857142856 0.015625