0 0.9776785714285714 0.17857142857142858 0.011160714285714286 0.015625
0 0.9263392857142857 0.19866071428571427 0.013392857142857142 0.013392857142857142
0 0.859375 0.18303571428571427 0.024553571428571428 0.017857142857142856
0 0.7455357142857143 0.19196428571428573 0.022321428571428572 0.011160714285714286
0 0.6986607142857143 0.19196428571428573 0.029017857142857144 0.011160714285714286
0 0.6026785714285714 0.1875 0.020089285714285716 0.015625
0 0.6205357142857143 0.20089285714285715 0.017857142857142856 0.013392857142857142
0 0.5669642857142857 0.203125 0.024553571428571428 0.017857142857142856
0 0.4799107142857143 0.20089285714285715 0.020089285714285716 0.011160714285714286
0 0.32142857142857145 0.20535714285714285 0.024553571428571428 0.013392857142857142
0 0.13169642857142858 0.20982142857142858 0.022321428571428572 0.026785714285714284
0 0.09375 0.1875 0.011160714285714286 0.013392857142857142