0 0.03794642857142857 0.28348214285714285 0.03125 0.017857142857142856
0 0.013392857142857142 0.22544642857142858 0.026785714285714284 0.013392857142857142
0 0.23214285714285715 0.29464285714285715 0.017857142857142856 0.015625
0 0.07589285714285714 0.39285714285714285 0.033482142857142856 0.015625
0 0.41964285714285715 0.2544642857142857 0.033482142857142856 0.013392857142857142
0 0.26339285714285715 0.26785714285714285 0.03571428571428571 0.011160714285714286
0 0.48214285714285715 0.24776785714285715 0.049107142857142856 0.013392857142857142
0 0.5133928571428571 0.21205357142857142 0.026785714285714284 0.011160714285714286
0 0.71875 0.14285714285714285 0.022321428571428572 0.026785714285714284
0 0.8705357142857143 0.14508928571428573 0.017857142857142856 0.011160714285714286
0 0.9598214285714286 0.1875 0.024553571428571428 0.011160714285714286