0 0.8973214285714286 0.4375 0.029017857142857144 0.026785714285714284
0 0.578125 0.18303571428571427 0.044642857142857144 0.013392857142857142
0 0.6986607142857143 0.15848214285714285 0.029017857142857144 0.013392857142857142
0 0.6919642857142857 0.08258928571428571 0.011160714285714286 0.011160714285714286
0 0.6183035714285714 0.06696428571428571 0.015625 0.017857142857142856
0 0.7544642857142857 0.08035714285714286 0.011160714285714286 0.013392857142857142
0 0.7924107142857143 0.08258928571428571 0.013392857142857142 0.015625
0 0.8638392857142857 0.10714285714285714 0.011160714285714286 0.013392857142857142
0 0.8928571428571429 0.09821428571428571 0.011160714285714286 0.015625
0 0.9107142857142857 0.11830357142857142 0.033482142857142856 0.011160714285714286
0 0.9241071428571429 0.078125 0.013392857142857142 0.013392857142857142
0 0.9419642857142857 0.09598214285714286 0.015625 0.013392857142857142
0 0.9910714285714286 0.08482142857142858 0.011160714285714286 0.017857142857142856