0 0.6830357142857143 0.31473214285714285 0.024553571428571428 0.020089285714285716
0 0.32589285714285715 0.27901785714285715 0.013392857142857142 0.017857142857142856
0 0.5602678571428571 0.18080357142857142 0.022321428571428572 0.011160714285714286
0 0.4888392857142857 0.14285714285714285 0.03571428571428571 0.013392857142857142
0 0.47767857142857145 0.13169642857142858 0.04241071428571429 0.015625
0 0.39955357142857145 0.14732142857142858 0.03125 0.013392857142857142
0 0.3080357142857143 0.1875 0.017857142857142856 0.013392857142857142
0 0.24776785714285715 0.14508928571428573 0.017857142857142856 0.011160714285714286
0 0.22098214285714285 0.14285714285714285 0.015625 0.013392857142857142
0 0.15625 0.140625 0.03125 0.015625
0 0.18973214285714285 0.14508928571428573 0.024553571428571428 0.011160714285714286
0 0.06696428571428571 0.15625 0.029017857142857144 0.013392857142857142
0 0.19642857142857142 0.13169642857142858 0.011160714285714286 0.011160714285714286
0 0.011160714285714286 0.15178571428571427 0.013392857142857142 0.013392857142857142