0 0.013392857142857142 0.29910714285714285 0.015625 0.013392857142857142
0 0.029017857142857144 0.16517857142857142 0.020089285714285716 0.013392857142857142
0 0.12946428571428573 0.171875 0.020089285714285716 0.013392857142857142
0 0.17633928571428573 0.171875 0.008928571428571428 0.015625
0 0.12946428571428573 0.25669642857142855 0.015625 0.017857142857142856
0 0.19196428571428573 0.22767857142857142 0.029017857142857144 0.013392857142857142
0 0.10714285714285714 0.16517857142857142 0.011160714285714286 0.013392857142857142
0 0.08482142857142858 0.16741071428571427 0.011160714285714286 0.011160714285714286
0 0.09375 0.17410714285714285 0.011160714285714286 0.011160714285714286
0 0.25892857142857145 0.17857142857142858 0.011160714285714286 0.011160714285714286
0 0.27901785714285715 0.17410714285714285 0.011160714285714286 0.013392857142857142
0 0.26785714285714285 0.26339285714285715 0.03571428571428571 0.013392857142857142
0 0.35044642857142855 0.20758928571428573 0.017857142857142856 0.011160714285714286
0 0.2857142857142857 0.20758928571428573 0.011160714285714286 0.017857142857142856
0 0.375 0.19419642857142858 0.015625 0.015625
0 0.3705357142857143 0.31919642857142855 0.020089285714285716 0.022321428571428572
0 0.3392857142857143 0.25669642857142855 0.008928571428571428 0.011160714285714286
0 0.19196428571428573 0.265625 0.017857142857142856 0.011160714285714286
0 0.5267857142857143 0.19196428571428573 0.013392857142857142 0.011160714285714286
0 0.07366071428571429 0.20535714285714285 0.011160714285714286 0.011160714285714286
0 0.11383928571428571 0.18973214285714285 0.020089285714285716 0.011160714285714286
0 0.8392857142857143 0.3950892857142857 0.020089285714285716 0.013392857142857142