0 0.9866071428571429 0.11383928571428571 0.013392857142857142 0.011160714285714286
0 0.8950892857142857 0.11160714285714286 0.015625 0.017857142857142856
0 0.8258928571428571 0.11383928571428571 0.017857142857142856 0.013392857142857142
0 0.8191964285714286 0.09598214285714286 0.011160714285714286 0.013392857142857142
0 0.7544642857142857 0.10044642857142858 0.013392857142857142 0.013392857142857142
0 0.828125 0.18973214285714285 0.022321428571428572 0.011160714285714286
0 0.7522321428571429 0.1875 0.020089285714285716 0.011160714285714286
0 0.7142857142857143 0.171875 0.04017857142857143 0.013392857142857142
0 0.7946428571428571 0.18303571428571427 0.013392857142857142 0.011160714285714286
0 0.7767857142857143 0.12276785714285714 0.017857142857142856 0.013392857142857142
0 0.7321428571428571 0.11160714285714286 0.011160714285714286 0.008928571428571428
0 0.6674107142857143 0.10714285714285714 0.015625 0.020089285714285716
0 0.703125 0.11383928571428571 0.008928571428571428 0.011160714285714286
0 0.5223214285714286 0.16741071428571427 0.017857142857142856 0.013392857142857142
0 0.04241071428571429 0.16517857142857142 0.022321428571428572 0.015625
0 0.07589285714285714 0.22767857142857142 0.017857142857142856 0.026785714285714284
0 0.3013392857142857 0.16517857142857142 0.008928571428571428 0.008928571428571428
0 0.29464285714285715 0.15178571428571427 0.024553571428571428 0.013392857142857142