0 0.9910714285714286 0.16071428571428573 0.008928571428571428 0.026785714285714284
0 0.9441964285714286 0.16071428571428573 0.015625 0.013392857142857142
0 0.9308035714285714 0.203125 0.008928571428571428 0.015625
0 0.8683035714285714 0.16517857142857142 0.013392857142857142 0.013392857142857142
0 0.859375 0.21651785714285715 0.011160714285714286 0.015625
0 0.8303571428571429 0.16294642857142858 0.011160714285714286 0.015625
0 0.8035714285714286 0.17633928571428573 0.011160714285714286 0.017857142857142856
0 0.7544642857142857 0.16964285714285715 0.020089285714285716 0.015625
0 0.7075892857142857 0.203125 0.008928571428571428 0.017857142857142856
0 0.65625 0.22098214285714285 0.008928571428571428 0.020089285714285716
0 0.6517857142857143 0.171875 0.017857142857142856 0.015625
0 0.625 0.17410714285714285 0.011160714285714286 0.013392857142857142
0 0.734375 0.18080357142857142 0.033482142857142856 0.011160714285714286
0 0.21205357142857142 0.21428571428571427 0.013392857142857142 0.017857142857142856
0 0.3794642857142857 0.21428571428571427 0.017857142857142856 0.015625
0 0.09375 0.22098214285714285 0.020089285714285716 0.013392857142857142
0 0.07366071428571429 0.22098214285714285 0.015625 0.017857142857142856