0 0.013392857142857142 0.19196428571428573 0.026785714285714284 0.017857142857142856
0 0.36607142857142855 0.22098214285714285 0.03794642857142857 0.020089285714285716
0 0.05357142857142857 0.10714285714285714 0.008928571428571428 0.015625
0 0.09151785714285714 0.12053571428571429 0.017857142857142856 0.017857142857142856
0 0.28348214285714285 0.13839285714285715 0.017857142857142856 0.026785714285714284
0 0.38839285714285715 0.11830357142857142 0.022321428571428572 0.024553571428571428
0 0.49330357142857145 0.09375 0.015625 0.011160714285714286
0 0.7410714285714286 0.203125 0.011160714285714286 0.013392857142857142
0 0.7589285714285714 0.13392857142857142 0.015625 0.015625
0 0.6473214285714286 0.09375 0.008928571428571428 0.011160714285714286
0 0.9508928571428571 0.13392857142857142 0.011160714285714286 0.022321428571428572
0 0.9709821428571429 0.21651785714285715 0.011160714285714286 0.008928571428571428
0 0.49330357142857145 0.30580357142857145 0.026785714285714284 0.013392857142857142