0 0.4107142857142857 0.22544642857142858 0.022321428571428572 0.03125
0 0.47767857142857145 0.011160714285714286 0.017857142857142856 0.022321428571428572
0 0.39732142857142855 0.011160714285714286 0.015625 0.015625
0 0.35714285714285715 0.020089285714285716 0.015625 0.017857142857142856
0 0.27232142857142855 0.013392857142857142 0.013392857142857142 0.020089285714285716
0 0.22321428571428573 0.015625 0.024553571428571428 0.015625
0 0.19419642857142858 0.16964285714285715 0.05133928571428571 0.015625
0 0.13392857142857142 0.13169642857142858 0.017857142857142856 0.020089285714285716
0 0.18303571428571427 0.033482142857142856 0.015625 0.013392857142857142
0 0.13839285714285715 0.029017857142857144 0.015625 0.015625
0 0.15178571428571427 0.04017857142857143 0.015625 0.017857142857142856
0 0.08928571428571429 0.020089285714285716 0.020089285714285716 0.011160714285714286
0 0.05803571428571429 0.046875 0.008928571428571428 0.013392857142857142
0 0.09151785714285714 0.06696428571428571 0.015625 0.013392857142857142
0 0.015625 0.05803571428571429 0.015625 0.017857142857142856
0 0.013392857142857142 0.022321428571428572 0.011160714285714286 0.013392857142857142