0 0.9352678571428571 0.33482142857142855 0.024553571428571428 0.017857142857142856
0 0.7232142857142857 0.3080357142857143 0.020089285714285716 0.026785714285714284
0 0.6450892857142857 0.35267857142857145 0.046875 0.015625
0 0.375 0.12276785714285714 0.013392857142857142 0.017857142857142856
0 0.23660714285714285 0.34598214285714285 0.013392857142857142 0.013392857142857142
0 0.15848214285714285 0.34151785714285715 0.022321428571428572 0.017857142857142856
0 0.05803571428571429 0.34151785714285715 0.024553571428571428 0.015625
0 0.049107142857142856 0.3705357142857143 0.026785714285714284 0.013392857142857142
0 0.046875 0.24553571428571427 0.015625 0.017857142857142856
0 0.17410714285714285 0.13616071428571427 0.011160714285714286 0.015625
0 0.15401785714285715 0.15625 0.017857142857142856 0.017857142857142856
0 0.10491071428571429 0.14955357142857142 0.011160714285714286 0.013392857142857142
0 0.08705357142857142 0.16071428571428573 0.026785714285714284 0.008928571428571428
0 0.049107142857142856 0.15625 0.011160714285714286 0.015625
0 0.024553571428571428 0.18080357142857142 0.015625 0.013392857142857142
0 0.08928571428571429 0.234375 0.008928571428571428 0.011160714285714286