0 0.984375 0.15625 0.013392857142857142 0.013392857142857142
0 0.9910714285714286 0.19419642857142858 0.015625 0.015625
0 0.9866071428571429 0.22544642857142858 0.017857142857142856 0.022321428571428572
0 0.9241071428571429 0.171875 0.008928571428571428 0.011160714285714286
0 0.8816964285714286 0.16741071428571427 0.011160714285714286 0.013392857142857142
0 0.8504464285714286 0.17410714285714285 0.008928571428571428 0.013392857142857142
0 0.8214285714285714 0.25 0.020089285714285716 0.020089285714285716
0 0.8571428571428571 0.24776785714285715 0.013392857142857142 0.013392857142857142
0 0.859375 0.22098214285714285 0.015625 0.011160714285714286
0 0.765625 0.19866071428571427 0.013392857142857142 0.013392857142857142
0 0.75 0.17410714285714285 0.013392857142857142 0.013392857142857142
0 0.7924107142857143 0.18080357142857142 0.022321428571428572 0.015625
0 0.7232142857142857 0.17633928571428573 0.011160714285714286 0.011160714285714286
0 0.7008928571428571 0.17857142857142858 0.008928571428571428 0.011160714285714286
0 0.6986607142857143 0.19866071428571427 0.013392857142857142 0.011160714285714286
0 0.6852678571428571 0.22991071428571427 0.013392857142857142 0.017857142857142856
0 0.5803571428571429 0.26785714285714285 0.015625 0.008928571428571428
0 0.5491071428571429 0.265625 0.008928571428571428 0.011160714285714286
0 0.5848214285714286 0.19196428571428573 0.017857142857142856 0.008928571428571428
0 0.4888392857142857 0.18303571428571427 0.029017857142857144 0.011160714285714286
0 0.47544642857142855 0.20982142857142858 0.029017857142857144 0.015625
0 0.6495535714285714 0.19196428571428573 0.017857142857142856 0.013392857142857142
0 0.8415178571428571 0.20758928571428573 0.013392857142857142 0.008928571428571428
0 0.008928571428571428 0.20089285714285715 0.013392857142857142 0.015625