0 0.5669642857142857 0.27901785714285715 0.020089285714285716 0.011160714285714286
0 0.5290178571428571 0.12053571428571429 0.017857142857142856 0.011160714285714286
0 0.43973214285714285 0.125 0.017857142857142856 0.011160714285714286
0 0.375 0.11607142857142858 0.013392857142857142 0.011160714285714286
0 0.328125 0.12723214285714285 0.011160714285714286 0.013392857142857142
0 0.2857142857142857 0.12723214285714285 0.022321428571428572 0.011160714285714286
0 0.22544642857142858 0.13169642857142858 0.013392857142857142 0.013392857142857142
0 0.22767857142857142 0.23214285714285715 0.024553571428571428 0.017857142857142856
0 0.14285714285714285 0.13169642857142858 0.015625 0.015625
0 0.17857142857142858 0.14285714285714285 0.022321428571428572 0.015625
0 0.08705357142857142 0.140625 0.008928571428571428 0.011160714285714286
0 0.24776785714285715 0.15401785714285715 0.020089285714285716 0.015625
0 0.15625 0.16964285714285715 0.017857142857142856 0.015625
0 0.029017857142857144 0.17410714285714285 0.029017857142857144 0.011160714285714286
0 0.049107142857142856 0.2611607142857143 0.008928571428571428 0.011160714285714286