0 0.9241071428571429 0.14732142857142858 0.011160714285714286 0.013392857142857142
0 0.8883928571428571 0.12723214285714285 0.03571428571428571 0.013392857142857142
0 0.8236607142857143 0.12723214285714285 0.013392857142857142 0.013392857142857142
0 0.8504464285714286 0.14955357142857142 0.029017857142857144 0.011160714285714286
0 0.7589285714285714 0.140625 0.015625 0.015625
0 0.78125 0.12723214285714285 0.008928571428571428 0.015625
0 0.7433035714285714 0.11830357142857142 0.011160714285714286 0.011160714285714286
0 0.65625 0.125 0.015625 0.017857142857142856
0 0.5513392857142857 0.13169642857142858 0.022321428571428572 0.015625
0 0.4375 0.12946428571428573 0.03125 0.017857142857142856
0 0.4888392857142857 0.12053571428571429 0.04017857142857143 0.015625
0 0.08928571428571429 0.140625 0.015625 0.026785714285714284