0 0.9799107142857143 0.16071428571428573 0.017857142857142856 0.013392857142857142
0 0.9888392857142857 0.18080357142857142 0.013392857142857142 0.022321428571428572
0 0.9575892857142857 0.16517857142857142 0.015625 0.011160714285714286
0 0.9196428571428571 0.17857142857142858 0.015625 0.013392857142857142
0 0.8839285714285714 0.17410714285714285 0.015625 0.013392857142857142
0 0.9174107142857143 0.15401785714285715 0.011160714285714286 0.015625
0 0.84375 0.24330357142857142 0.013392857142857142 0.020089285714285716
0 0.8303571428571429 0.17857142857142858 0.015625 0.013392857142857142
0 0.8571428571428571 0.17857142857142858 0.013392857142857142 0.020089285714285716
0 0.7120535714285714 0.1875 0.011160714285714286 0.013392857142857142
0 0.75 0.21875 0.022321428571428572 0.008928571428571428
0 0.7589285714285714 0.18303571428571427 0.022321428571428572 0.015625
0 0.7522321428571429 0.19866071428571427 0.013392857142857142 0.011160714285714286
0 0.6517857142857143 0.19642857142857142 0.015625 0.013392857142857142
0 0.6383928571428571 0.18080357142857142 0.011160714285714286 0.017857142857142856
0 0.5245535714285714 0.20535714285714285 0.033482142857142856 0.013392857142857142
0 0.5223214285714286 0.22321428571428573 0.011160714285714286 0.013392857142857142
0 0.4486607142857143 0.19866071428571427 0.026785714285714284 0.011160714285714286
0 0.4017857142857143 0.20535714285714285 0.013392857142857142 0.013392857142857142
0 0.34375 0.20982142857142858 0.033482142857142856 0.013392857142857142
0 0.18526785714285715 0.23660714285714285 0.029017857142857144 0.013392857142857142
0 0.140625 0.203125 0.011160714285714286 0.013392857142857142
0 0.16294642857142858 0.203125 0.006696428571428571 0.008928571428571428