0 0.08928571428571429 0.18303571428571427 0.020089285714285716 0.011160714285714286
0 0.09151785714285714 0.19642857142857142 0.011160714285714286 0.013392857142857142
0 0.12946428571428573 0.203125 0.008928571428571428 0.015625
0 0.125 0.17633928571428573 0.020089285714285716 0.017857142857142856
0 0.171875 0.171875 0.015625 0.011160714285714286
0 0.20758928571428573 0.17633928571428573 0.011160714285714286 0.013392857142857142
0 0.24330357142857142 0.17857142857142858 0.022321428571428572 0.015625
0 0.27232142857142855 0.29910714285714285 0.017857142857142856 0.015625
0 0.38169642857142855 0.20089285714285715 0.020089285714285716 0.013392857142857142
0 0.42857142857142855 0.17410714285714285 0.008928571428571428 0.015625
0 0.43973214285714285 0.20758928571428573 0.024553571428571428 0.011160714285714286
0 0.46205357142857145 0.296875 0.033482142857142856 0.017857142857142856