0 0.37276785714285715 0.34375 0.022321428571428572 0.022321428571428572
0 0.47098214285714285 0.265625 0.024553571428571428 0.03125
0 0.8950892857142857 0.13839285714285715 0.008928571428571428 0.015625
0 0.8549107142857143 0.140625 0.015625 0.020089285714285716
0 0.8169642857142857 0.14285714285714285 0.011160714285714286 0.013392857142857142
0 0.7879464285714286 0.12723214285714285 0.011160714285714286 0.020089285714285716
0 0.7455357142857143 0.140625 0.013392857142857142 0.015625
0 0.7165178571428571 0.125 0.011160714285714286 0.017857142857142856
0 0.7857142857142857 0.1875 0.022321428571428572 0.011160714285714286
0 0.7120535714285714 0.16517857142857142 0.013392857142857142 0.015625
0 0.6852678571428571 0.140625 0.013392857142857142 0.015625
0 0.6629464285714286 0.13839285714285715 0.011160714285714286 0.015625
0 0.6383928571428571 0.14285714285714285 0.015625 0.017857142857142856
0 0.640625 0.16294642857142858 0.013392857142857142 0.013392857142857142
0 0.5915178571428571 0.14508928571428573 0.013392857142857142 0.015625
0 0.5401785714285714 0.13839285714285715 0.017857142857142856 0.015625
0 0.5111607142857143 0.16071428571428573 0.015625 0.022321428571428572
0 0.5714285714285714 0.18526785714285715 0.026785714285714284 0.013392857142857142
0 0.46651785714285715 0.171875 0.011160714285714286 0.015625
0 0.16517857142857142 0.16964285714285715 0.024553571428571428 0.015625
0 0.05803571428571429 0.16741071428571427 0.026785714285714284 0.013392857142857142
0 0.008928571428571428 0.1875 0.015625 0.011160714285714286