0 0.36607142857142855 0.20982142857142858 0.017857142857142856 0.015625
0 0.609375 0.28348214285714285 0.015625 0.020089285714285716
0 0.5111607142857143 0.140625 0.015625 0.015625
0 0.46651785714285715 0.15178571428571427 0.022321428571428572 0.017857142857142856
0 0.7142857142857143 0.20089285714285715 0.020089285714285716 0.013392857142857142
0 0.6629464285714286 0.14732142857142858 0.022321428571428572 0.015625
0 0.7209821428571429 0.140625 0.011160714285714286 0.013392857142857142
0 0.8080357142857143 0.20982142857142858 0.013392857142857142 0.015625
0 0.7700892857142857 0.21651785714285715 0.017857142857142856 0.011160714285714286
0 0.8258928571428571 0.19866071428571427 0.013392857142857142 0.015625
0 0.7589285714285714 0.14508928571428573 0.008928571428571428 0.011160714285714286
0 0.7834821428571429 0.14955357142857142 0.017857142857142856 0.015625
0 0.9352678571428571 0.1875 0.011160714285714286 0.013392857142857142
0 0.8482142857142857 0.23214285714285715 0.022321428571428572 0.015625
0 0.9486607142857143 0.23660714285714285 0.022321428571428572 0.013392857142857142
0 0.9129464285714286 0.22544642857142858 0.015625 0.013392857142857142
0 0.8883928571428571 0.20758928571428573 0.017857142857142856 0.011160714285714286
0 0.9598214285714286 0.21205357142857142 0.017857142857142856 0.013392857142857142
0 0.9754464285714286 0.16517857142857142 0.013392857142857142 0.020089285714285716