0 0.9285714285714286 0.19866071428571427 0.017857142857142856 0.015625
0 0.8348214285714286 0.19866071428571427 0.013392857142857142 0.013392857142857142
0 0.8035714285714286 0.19642857142857142 0.015625 0.017857142857142856
0 0.7388392857142857 0.18080357142857142 0.017857142857142856 0.015625
0 0.6897321428571429 0.20535714285714285 0.011160714285714286 0.015625
0 0.65625 0.20982142857142858 0.017857142857142856 0.015625
0 0.6004464285714286 0.22098214285714285 0.013392857142857142 0.015625
0 0.5647321428571429 0.21428571428571427 0.011160714285714286 0.008928571428571428
0 0.9352678571428571 0.22991071428571427 0.017857142857142856 0.020089285714285716
0 0.24776785714285715 0.22321428571428573 0.011160714285714286 0.013392857142857142
0 0.19419642857142858 0.22098214285714285 0.008928571428571428 0.015625