0 0.05803571428571429 0.27455357142857145 0.017857142857142856 0.020089285714285716
0 0.140625 0.16294642857142858 0.017857142857142856 0.020089285714285716
0 0.26785714285714285 0.25223214285714285 0.011160714285714286 0.013392857142857142
0 0.34598214285714285 0.18080357142857142 0.011160714285714286 0.015625
0 0.41517857142857145 0.17410714285714285 0.008928571428571428 0.015625
0 0.44419642857142855 0.1875 0.015625 0.017857142857142856
0 0.48214285714285715 0.17633928571428573 0.011160714285714286 0.015625
0 0.4732142857142857 0.19866071428571427 0.017857142857142856 0.011160714285714286
0 0.5044642857142857 0.18526785714285715 0.015625 0.017857142857142856
0 0.5379464285714286 0.18303571428571427 0.011160714285714286 0.015625
0 0.47098214285714285 0.25 0.03571428571428571 0.015625
0 0.5870535714285714 0.19419642857142858 0.011160714285714286 0.011160714285714286
0 0.6785714285714286 0.18303571428571427 0.015625 0.013392857142857142
0 0.6741071428571429 0.20535714285714285 0.015625 0.013392857142857142
0 0.7321428571428571 0.18303571428571427 0.013392857142857142 0.013392857142857142
0 0.6071428571428571 0.18526785714285715 0.015625 0.013392857142857142
0 0.6517857142857143 0.33035714285714285 0.026785714285714284 0.011160714285714286
0 0.7745535714285714 0.25223214285714285 0.013392857142857142 0.013392857142857142
0 0.9285714285714286 0.27455357142857145 0.033482142857142856 0.013392857142857142
0 0.9308035714285714 0.32142857142857145 0.033482142857142856 0.013392857142857142
0 0.9151785714285714 0.20758928571428573 0.026785714285714284 0.013392857142857142
0 0.8482142857142857 0.18526785714285715 0.013392857142857142 0.011160714285714286
0 0.8571428571428571 0.20758928571428573 0.026785714285714284 0.017857142857142856
0 0.8973214285714286 0.19196428571428573 0.015625 0.015625