0 0.6964285714285714 0.296875 0.022321428571428572 0.013392857142857142
0 0.578125 0.3482142857142857 0.015625 0.015625
0 0.5267857142857143 0.34598214285714285 0.024553571428571428 0.020089285714285716
0 0.5558035714285714 0.24330357142857142 0.015625 0.015625
0 0.5267857142857143 0.20982142857142858 0.020089285714285716 0.011160714285714286
0 0.27901785714285715 0.19196428571428573 0.008928571428571428 0.011160714285714286
0 0.22098214285714285 0.17410714285714285 0.011160714285714286 0.008928571428571428
0 0.14285714285714285 0.18303571428571427 0.013392857142857142 0.017857142857142856
0 0.11383928571428571 0.16741071428571427 0.011160714285714286 0.015625
0 0.10714285714285714 0.20535714285714285 0.024553571428571428 0.011160714285714286
0 0.05580357142857143 0.16964285714285715 0.020089285714285716 0.013392857142857142
0 0.024553571428571428 0.16964285714285715 0.017857142857142856 0.013392857142857142
0 0.017857142857142856 0.21651785714285715 0.020089285714285716 0.011160714285714286
0 0.20535714285714285 0.2700892857142857 0.011160714285714286 0.013392857142857142
0 0.08705357142857142 0.21875 0.013392857142857142 0.008928571428571428