0 0.8638392857142857 0.08258928571428571 0.013392857142857142 0.017857142857142856
0 0.8816964285714286 0.08482142857142858 0.013392857142857142 0.015625
0 0.9241071428571429 0.08928571428571429 0.022321428571428572 0.020089285714285716
0 0.7388392857142857 0.08035714285714286 0.017857142857142856 0.015625
0 0.7879464285714286 0.11160714285714286 0.013392857142857142 0.015625
0 0.7589285714285714 0.08482142857142858 0.015625 0.011160714285714286
0 0.640625 0.08928571428571429 0.015625 0.013392857142857142
0 0.6473214285714286 0.11160714285714286 0.008928571428571428 0.015625
0 0.65625 0.13169642857142858 0.015625 0.017857142857142856
0 0.6741071428571429 0.13616071428571427 0.013392857142857142 0.017857142857142856
0 0.6674107142857143 0.08705357142857142 0.022321428571428572 0.020089285714285716
0 0.7120535714285714 0.08928571428571429 0.017857142857142856 0.017857142857142856
0 0.7165178571428571 0.10491071428571429 0.017857142857142856 0.013392857142857142
0 0.5602678571428571 0.10714285714285714 0.03794642857142857 0.015625
0 0.53125 0.08705357142857142 0.013392857142857142 0.013392857142857142
0 0.48660714285714285 0.109375 0.013392857142857142 0.013392857142857142
0 0.46651785714285715 0.09598214285714286 0.020089285714285716 0.017857142857142856
0 0.1875 0.140625 0.03571428571428571 0.015625
0 0.09375 0.10714285714285714 0.049107142857142856 0.015625