0 0.25892857142857145 0.17857142857142858 0.008928571428571428 0.013392857142857142
0 0.20982142857142858 0.14732142857142858 0.015625 0.020089285714285716
0 0.21651785714285715 0.17857142857142858 0.015625 0.015625
0 0.16964285714285715 0.16517857142857142 0.011160714285714286 0.020089285714285716
0 0.14285714285714285 0.15848214285714285 0.008928571428571428 0.015625
0 0.09821428571428571 0.16741071428571427 0.020089285714285716 0.013392857142857142
0 0.046875 0.16741071428571427 0.013392857142857142 0.011160714285714286
0 0.022321428571428572 0.16517857142857142 0.022321428571428572 0.013392857142857142
0 0.024553571428571428 0.17633928571428573 0.015625 0.011160714285714286
0 0.013392857142857142 0.19196428571428573 0.011160714285714286 0.013392857142857142
0 0.033482142857142856 0.21651785714285715 0.020089285714285716 0.013392857142857142