0 0.125 0.2857142857142857 0.03571428571428571 0.017857142857142856
0 0.47767857142857145 0.20535714285714285 0.017857142857142856 0.017857142857142856
0 0.6227678571428571 0.24107142857142858 0.013392857142857142 0.011160714285714286
0 0.65625 0.22544642857142858 0.008928571428571428 0.011160714285714286
0 0.6741071428571429 0.21428571428571427 0.015625 0.015625
0 0.5915178571428571 0.21651785714285715 0.020089285714285716 0.013392857142857142
0 0.6316964285714286 0.21205357142857142 0.017857142857142856 0.013392857142857142
0 0.6160714285714286 0.21875 0.020089285714285716 0.011160714285714286
0 0.703125 0.22544642857142858 0.008928571428571428 0.008928571428571428
0 0.7633928571428571 0.21875 0.011160714285714286 0.011160714285714286
0 0.7790178571428571 0.22544642857142858 0.022321428571428572 0.013392857142857142
0 0.8973214285714286 0.22098214285714285 0.022321428571428572 0.015625
0 0.8214285714285714 0.21428571428571427 0.022321428571428572 0.013392857142857142
0 0.8727678571428571 0.2611607142857143 0.04017857142857143 0.015625
0 0.8125 0.28348214285714285 0.03125 0.011160714285714286
0 0.7879464285714286 0.28125 0.04017857142857143 0.013392857142857142
0 0.734375 0.32142857142857145 0.044642857142857144 0.015625
0 0.9866071428571429 0.3013392857142857 0.017857142857142856 0.022321428571428572
0 0.984375 0.21651785714285715 0.013392857142857142 0.013392857142857142