0 0.9933035714285714 0.21651785714285715 0.011160714285714286 0.015625
0 0.9553571428571429 0.21428571428571427 0.022321428571428572 0.020089285714285716
0 0.921875 0.25892857142857145 0.020089285714285716 0.020089285714285716
0 0.8794642857142857 0.21205357142857142 0.017857142857142856 0.017857142857142856
0 0.8482142857142857 0.21205357142857142 0.015625 0.015625
0 0.7566964285714286 0.21651785714285715 0.015625 0.017857142857142856
0 0.7053571428571429 0.21651785714285715 0.013392857142857142 0.017857142857142856
0 0.7991071428571429 0.22767857142857142 0.011160714285714286 0.015625
0 0.6852678571428571 0.24330357142857142 0.029017857142857144 0.013392857142857142
0 0.6450892857142857 0.21875 0.015625 0.013392857142857142
0 0.6116071428571429 0.24553571428571427 0.015625 0.017857142857142856
0 0.5290178571428571 0.2544642857142857 0.015625 0.013392857142857142
0 0.46651785714285715 0.26785714285714285 0.013392857142857142 0.024553571428571428
0 0.40848214285714285 0.26785714285714285 0.013392857142857142 0.015625
0 0.35267857142857145 0.24553571428571427 0.013392857142857142 0.017857142857142856
0 0.20089285714285715 0.25669642857142855 0.015625 0.017857142857142856
0 0.13616071428571427 0.296875 0.03125 0.011160714285714286
0 0.078125 0.2611607142857143 0.029017857142857144 0.015625
0 0.390625 0.39955357142857145 0.026785714285714284 0.013392857142857142