0 0.25669642857142855 0.24107142857142858 0.03794642857142857 0.015625
0 0.2767857142857143 0.16294642857142858 0.015625 0.020089285714285716
0 0.3125 0.16517857142857142 0.011160714285714286 0.020089285714285716
0 0.21205357142857142 0.16517857142857142 0.008928571428571428 0.011160714285714286
0 0.22991071428571427 0.16294642857142858 0.008928571428571428 0.011160714285714286
0 0.4330357142857143 0.16294642857142858 0.008928571428571428 0.011160714285714286
0 0.5200892857142857 0.18303571428571427 0.011160714285714286 0.013392857142857142
0 0.5915178571428571 0.16517857142857142 0.013392857142857142 0.015625
0 0.5424107142857143 0.16071428571428573 0.008928571428571428 0.008928571428571428
0 0.6808035714285714 0.16294642857142858 0.013392857142857142 0.015625
0 0.7209821428571429 0.16741071428571427 0.029017857142857144 0.015625
0 0.875 0.15401785714285715 0.015625 0.015625
0 0.53125 0.24330357142857142 0.022321428571428572 0.013392857142857142
0 0.4888392857142857 0.22098214285714285 0.026785714285714284 0.013392857142857142
0 0.5178571428571429 0.328125 0.029017857142857144 0.03794642857142857
0 0.09821428571428571 0.28125 0.03571428571428571 0.015625