0 0.017857142857142856 0.20089285714285715 0.03571428571428571 0.022321428571428572
0 0.39732142857142855 0.11160714285714286 0.020089285714285716 0.020089285714285716
0 0.5513392857142857 0.15178571428571427 0.015625 0.011160714285714286
0 0.5892857142857143 0.13392857142857142 0.008928571428571428 0.011160714285714286
0 0.6071428571428571 0.12276785714285714 0.017857142857142856 0.017857142857142856
0 0.5178571428571429 0.12276785714285714 0.022321428571428572 0.013392857142857142
0 0.5602678571428571 0.12053571428571429 0.020089285714285716 0.013392857142857142
0 0.5446428571428571 0.12723214285714285 0.022321428571428572 0.013392857142857142
0 0.640625 0.13392857142857142 0.008928571428571428 0.011160714285714286
0 0.703125 0.12723214285714285 0.013392857142857142 0.013392857142857142
0 0.7209821428571429 0.13392857142857142 0.024553571428571428 0.013392857142857142
0 0.8482142857142857 0.12946428571428573 0.024553571428571428 0.015625
0 0.7678571428571429 0.12053571428571429 0.022321428571428572 0.015625
0 0.8214285714285714 0.171875 0.044642857142857144 0.015625
0 0.7566964285714286 0.19642857142857142 0.033482142857142856 0.011160714285714286
0 0.7299107142857143 0.19419642857142858 0.044642857142857144 0.013392857142857142
0 0.6741071428571429 0.23883928571428573 0.049107142857142856 0.017857142857142856
0 0.9464285714285714 0.21651785714285715 0.024553571428571428 0.017857142857142856
0 0.9419642857142857 0.125 0.015625 0.015625