0 0.8683035714285714 0.265625 0.026785714285714284 0.015625
0 0.9285714285714286 0.2611607142857143 0.046875 0.015625
0 0.9508928571428571 0.28125 0.015625 0.015625
0 0.9665178571428571 0.27232142857142855 0.017857142857142856 0.015625
0 0.6897321428571429 0.16294642857142858 0.015625 0.017857142857142856
0 0.6361607142857143 0.18526785714285715 0.013392857142857142 0.015625
0 0.5245535714285714 0.19419642857142858 0.008928571428571428 0.015625
0 0.53125 0.16741071428571427 0.015625 0.008928571428571428
0 0.484375 0.171875 0.017857142857142856 0.011160714285714286
0 0.453125 0.171875 0.015625 0.017857142857142856
0 0.421875 0.17633928571428573 0.017857142857142856 0.020089285714285716
0 0.38839285714285715 0.17857142857142858 0.022321428571428572 0.022321428571428572
0 0.35044642857142855 0.17633928571428573 0.013392857142857142 0.020089285714285716
0 0.328125 0.19642857142857142 0.008928571428571428 0.013392857142857142
0 0.29910714285714285 0.18080357142857142 0.020089285714285716 0.015625
0 0.24776785714285715 0.17857142857142858 0.013392857142857142 0.015625
0 0.171875 0.19196428571428573 0.011160714285714286 0.011160714285714286
0 0.15848214285714285 0.17633928571428573 0.008928571428571428 0.013392857142857142
0 0.11830357142857142 0.17857142857142858 0.024553571428571428 0.011160714285714286
0 0.10714285714285714 0.19196428571428573 0.011160714285714286 0.008928571428571428
0 0.06919642857142858 0.18303571428571427 0.013392857142857142 0.013392857142857142
0 0.049107142857142856 0.19642857142857142 0.020089285714285716 0.008928571428571428