0 0.9709821428571429 0.18973214285714285 0.013392857142857142 0.013392857142857142
0 0.9419642857142857 0.17633928571428573 0.008928571428571428 0.013392857142857142
0 0.9285714285714286 0.16964285714285715 0.011160714285714286 0.011160714285714286
0 0.921875 0.15401785714285715 0.013392857142857142 0.020089285714285716
0 0.8861607142857143 0.15401785714285715 0.008928571428571428 0.013392857142857142
0 0.8638392857142857 0.16964285714285715 0.013392857142857142 0.011160714285714286
0 0.8013392857142857 0.17410714285714285 0.013392857142857142 0.015625
0 0.765625 0.16517857142857142 0.011160714285714286 0.015625
0 0.7477678571428571 0.17410714285714285 0.013392857142857142 0.015625
0 0.7098214285714286 0.17633928571428573 0.011160714285714286 0.015625
0 0.6852678571428571 0.1875 0.013392857142857142 0.011160714285714286
0 0.6629464285714286 0.16741071428571427 0.008928571428571428 0.013392857142857142
0 0.6651785714285714 0.1875 0.008928571428571428 0.011160714285714286
0 0.6450892857142857 0.18080357142857142 0.011160714285714286 0.013392857142857142
0 0.609375 0.18526785714285715 0.008928571428571428 0.011160714285714286
0 0.609375 0.234375 0.006696428571428571 0.011160714285714286
0 0.546875 0.22767857142857142 0.008928571428571428 0.013392857142857142
0 0.5401785714285714 0.31026785714285715 0.015625 0.017857142857142856
0 0.5200892857142857 0.31026785714285715 0.024553571428571428 0.011160714285714286
0 0.4888392857142857 0.234375 0.011160714285714286 0.013392857142857142
0 0.49776785714285715 0.19642857142857142 0.011160714285714286 0.008928571428571428
0 0.41294642857142855 0.18526785714285715 0.011160714285714286 0.013392857142857142
0 0.38392857142857145 0.18526785714285715 0.011160714285714286 0.013392857142857142
0 0.37276785714285715 0.21875 0.011160714285714286 0.015625
0 0.3482142857142857 0.18973214285714285 0.026785714285714284 0.013392857142857142
0 0.07366071428571429 0.3236607142857143 0.015625 0.026785714285714284