0 0.29910714285714285 0.2611607142857143 0.03571428571428571 0.013392857142857142
0 0.3169642857142857 0.18526785714285715 0.013392857142857142 0.017857142857142856
0 0.35267857142857145 0.18973214285714285 0.011160714285714286 0.017857142857142856
0 0.25669642857142855 0.18973214285714285 0.008928571428571428 0.011160714285714286
0 0.27232142857142855 0.18526785714285715 0.008928571428571428 0.011160714285714286
0 0.46875 0.18526785714285715 0.008928571428571428 0.011160714285714286
0 0.5513392857142857 0.20535714285714285 0.011160714285714286 0.013392857142857142
0 0.6205357142857143 0.1875 0.013392857142857142 0.015625
0 0.5736607142857143 0.18303571428571427 0.008928571428571428 0.008928571428571428
0 0.7053571428571429 0.1875 0.013392857142857142 0.015625
0 0.7455357142857143 0.19196428571428573 0.026785714285714284 0.015625
0 0.8928571428571429 0.17857142857142858 0.015625 0.015625
0 0.5625 0.26339285714285715 0.022321428571428572 0.011160714285714286
0 0.5223214285714286 0.24107142857142858 0.024553571428571428 0.011160714285714286
0 0.5491071428571429 0.34375 0.029017857142857144 0.03571428571428571
0 0.14732142857142858 0.29910714285714285 0.033482142857142856 0.015625