0 0.11383928571428571 0.32589285714285715 0.017857142857142856 0.013392857142857142
0 0.004464285714285714 0.19196428571428573 0.008928571428571428 0.008928571428571428
0 0.06919642857142858 0.16741071428571427 0.011160714285714286 0.011160714285714286
0 0.109375 0.171875 0.008928571428571428 0.013392857142857142
0 0.13839285714285715 0.18526785714285715 0.013392857142857142 0.006696428571428571
0 0.14285714285714285 0.16741071428571427 0.015625 0.013392857142857142
0 0.19196428571428573 0.171875 0.008928571428571428 0.013392857142857142
0 0.18303571428571427 0.20089285714285715 0.024553571428571428 0.011160714285714286
0 0.21205357142857142 0.17410714285714285 0.022321428571428572 0.008928571428571428
0 0.29910714285714285 0.18303571428571427 0.013392857142857142 0.013392857142857142
0 0.34375 0.1875 0.011160714285714286 0.011160714285714286
0 0.38839285714285715 0.18526785714285715 0.011160714285714286 0.013392857142857142
0 0.5066964285714286 0.19419642857142858 0.011160714285714286 0.013392857142857142
0 0.5424107142857143 0.19642857142857142 0.008928571428571428 0.015625
0 0.8705357142857143 0.22544642857142858 0.008928571428571428 0.013392857142857142