0 0.006696428571428571 0.15401785714285715 0.013392857142857142 0.013392857142857142
0 0.024553571428571428 0.15401785714285715 0.013392857142857142 0.015625
0 0.0625 0.15401785714285715 0.011160714285714286 0.013392857142857142
0 0.09375 0.16294642857142858 0.011160714285714286 0.017857142857142856
0 0.029017857142857144 0.20982142857142858 0.013392857142857142 0.013392857142857142
0 0.13616071428571427 0.25669642857142855 0.024553571428571428 0.015625
0 0.28125 0.21651785714285715 0.020089285714285716 0.013392857142857142
0 0.16741071428571427 0.15625 0.015625 0.022321428571428572
0 0.14508928571428573 0.15401785714285715 0.013392857142857142 0.013392857142857142
0 0.32589285714285715 0.16294642857142858 0.008928571428571428 0.011160714285714286
0 0.375 0.16964285714285715 0.022321428571428572 0.015625
0 0.46205357142857145 0.16741071428571427 0.008928571428571428 0.013392857142857142
0 0.5714285714285714 0.18526785714285715 0.020089285714285716 0.015625
0 0.7276785714285714 0.171875 0.013392857142857142 0.013392857142857142
0 0.7321428571428571 0.19196428571428573 0.013392857142857142 0.011160714285714286
0 0.6361607142857143 0.20535714285714285 0.015625 0.011160714285714286
0 0.39732142857142855 0.30580357142857145 0.011160714285714286 0.011160714285714286
0 0.8058035714285714 0.26785714285714285 0.017857142857142856 0.013392857142857142
0 0.8415178571428571 0.22098214285714285 0.020089285714285716 0.011160714285714286
0 0.9508928571428571 0.18303571428571427 0.03125 0.013392857142857142