0 0.026785714285714284 0.37723214285714285 0.029017857142857144 0.015625
0 0.6294642857142857 0.078125 0.013392857142857142 0.017857142857142856
0 0.5870535714285714 0.19642857142857142 0.013392857142857142 0.017857142857142856
0 0.6450892857142857 0.21205357142857142 0.03125 0.020089285714285716
0 0.7299107142857143 0.19642857142857142 0.015625 0.020089285714285716
0 0.6897321428571429 0.12723214285714285 0.020089285714285716 0.017857142857142856
0 0.7455357142857143 0.10044642857142858 0.011160714285714286 0.017857142857142856
0 0.8013392857142857 0.12276785714285714 0.013392857142857142 0.017857142857142856
0 0.8705357142857143 0.17410714285714285 0.04017857142857143 0.013392857142857142
0 0.8370535714285714 0.10267857142857142 0.011160714285714286 0.013392857142857142
0 0.8883928571428571 0.109375 0.020089285714285716 0.020089285714285716