0 0.875 0.25669642857142855 0.033482142857142856 0.017857142857142856
0 0.5424107142857143 0.18080357142857142 0.017857142857142856 0.017857142857142856
0 0.40848214285714285 0.21651785714285715 0.013392857142857142 0.011160714285714286
0 0.375 0.19866071428571427 0.006696428571428571 0.008928571428571428
0 0.359375 0.18973214285714285 0.015625 0.015625
0 0.4375 0.18973214285714285 0.017857142857142856 0.011160714285714286
0 0.39955357142857145 0.1875 0.017857142857142856 0.011160714285714286
0 0.41294642857142855 0.19419642857142858 0.020089285714285716 0.011160714285714286
0 0.33035714285714285 0.19866071428571427 0.008928571428571428 0.008928571428571428
0 0.27455357142857145 0.19419642857142858 0.011160714285714286 0.011160714285714286
0 0.2611607142857143 0.20089285714285715 0.020089285714285716 0.013392857142857142
0 0.14955357142857142 0.19419642857142858 0.022321428571428572 0.013392857142857142
0 0.21875 0.1875 0.020089285714285716 0.013392857142857142
0 0.171875 0.23214285714285715 0.03794642857142857 0.013392857142857142
0 0.22767857142857142 0.2544642857142857 0.029017857142857144 0.011160714285714286
0 0.25223214285714285 0.25223214285714285 0.03794642857142857 0.013392857142857142
0 0.3013392857142857 0.29017857142857145 0.04241071428571429 0.015625
0 0.0625 0.27232142857142855 0.022321428571428572 0.015625
0 0.06696428571428571 0.19196428571428573 0.013392857142857142 0.013392857142857142