0 0.7522321428571429 0.33705357142857145 0.026785714285714284 0.020089285714285716
0 0.38169642857142855 0.3013392857142857 0.015625 0.020089285714285716
0 0.6272321428571429 0.19866071428571427 0.022321428571428572 0.013392857142857142
0 0.5535714285714286 0.15848214285714285 0.03571428571428571 0.013392857142857142
0 0.5424107142857143 0.14732142857142858 0.044642857142857144 0.015625
0 0.45982142857142855 0.16294642857142858 0.03125 0.013392857142857142
0 0.36607142857142855 0.20535714285714285 0.020089285714285716 0.013392857142857142
0 0.30357142857142855 0.16071428571428573 0.017857142857142856 0.011160714285714286
0 0.27455357142857145 0.15848214285714285 0.017857142857142856 0.013392857142857142
0 0.20758928571428573 0.15625 0.03125 0.015625
0 0.24330357142857142 0.16071428571428573 0.024553571428571428 0.011160714285714286
0 0.11607142857142858 0.17410714285714285 0.029017857142857144 0.013392857142857142
0 0.25 0.14732142857142858 0.013392857142857142 0.011160714285714286
0 0.029017857142857144 0.19642857142857142 0.013392857142857142 0.015625
0 0.05357142857142857 0.16517857142857142 0.022321428571428572 0.011160714285714286
0 0.020089285714285716 0.23660714285714285 0.015625 0.011160714285714286