0 0.10714285714285714 0.14955357142857142 0.013392857142857142 0.017857142857142856
0 0.12053571428571429 0.15625 0.011160714285714286 0.015625
0 0.15401785714285715 0.15401785714285715 0.017857142857142856 0.017857142857142856
0 0.19642857142857142 0.15625 0.013392857142857142 0.015625
0 0.17633928571428573 0.203125 0.015625 0.011160714285714286
0 0.25892857142857145 0.14955357142857142 0.017857142857142856 0.015625
0 0.3080357142857143 0.14508928571428573 0.011160714285714286 0.015625
0 0.3638392857142857 0.16517857142857142 0.020089285714285716 0.015625
0 0.36830357142857145 0.18973214285714285 0.011160714285714286 0.015625
0 0.48214285714285715 0.16071428571428573 0.029017857142857144 0.015625
0 0.5669642857142857 0.18303571428571427 0.024553571428571428 0.022321428571428572
0 0.5513392857142857 0.15625 0.013392857142857142 0.011160714285714286
0 0.6361607142857143 0.1875 0.04017857142857143 0.015625
0 0.6919642857142857 0.18526785714285715 0.013392857142857142 0.013392857142857142
0 0.7388392857142857 0.17410714285714285 0.013392857142857142 0.017857142857142856
0 0.765625 0.21205357142857142 0.04017857142857143 0.015625
0 0.828125 0.18303571428571427 0.020089285714285716 0.015625
0 0.7165178571428571 0.15848214285714285 0.015625 0.013392857142857142