0 0.8727678571428571 0.3482142857142857 0.022321428571428572 0.017857142857142856
0 0.7388392857142857 0.3325892857142857 0.026785714285714284 0.017857142857142856
0 0.6071428571428571 0.3169642857142857 0.026785714285714284 0.022321428571428572
0 0.5044642857142857 0.34598214285714285 0.024553571428571428 0.013392857142857142
0 0.2700892857142857 0.30580357142857145 0.011160714285714286 0.011160714285714286
0 0.08928571428571429 0.28348214285714285 0.04017857142857143 0.013392857142857142
0 0.024553571428571428 0.23883928571428573 0.03125 0.013392857142857142
0 0.03794642857142857 0.18526785714285715 0.013392857142857142 0.017857142857142856
0 0.11383928571428571 0.16964285714285715 0.011160714285714286 0.013392857142857142
0 0.16964285714285715 0.1875 0.011160714285714286 0.013392857142857142
0 0.21428571428571427 0.16964285714285715 0.024553571428571428 0.011160714285714286