0 0.08928571428571429 0.12723214285714285 0.022321428571428572 0.015625
0 0.1875 0.12946428571428573 0.015625 0.020089285714285716
0 0.22098214285714285 0.12723214285714285 0.015625 0.017857142857142856
0 0.17633928571428573 0.17857142857142858 0.024553571428571428 0.015625
0 0.32142857142857145 0.21205357142857142 0.017857142857142856 0.017857142857142856
0 0.42410714285714285 0.140625 0.015625 0.020089285714285716
0 0.45982142857142855 0.18973214285714285 0.024553571428571428 0.013392857142857142
0 0.5111607142857143 0.18973214285714285 0.013392857142857142 0.022321428571428572
0 0.609375 0.17857142857142858 0.013392857142857142 0.017857142857142856
0 0.6473214285714286 0.17857142857142858 0.011160714285714286 0.015625
0 0.7232142857142857 0.17410714285714285 0.024553571428571428 0.013392857142857142
0 0.7767857142857143 0.15178571428571427 0.020089285714285716 0.017857142857142856
0 0.8995535714285714 0.20535714285714285 0.015625 0.013392857142857142