0 0.19196428571428573 0.328125 0.011160714285714286 0.015625
0 0.3325892857142857 0.31919642857142855 0.013392857142857142 0.011160714285714286
0 0.21651785714285715 0.25669642857142855 0.015625 0.013392857142857142
0 0.296875 0.16071428571428573 0.015625 0.017857142857142856
0 0.40848214285714285 0.2544642857142857 0.020089285714285716 0.008928571428571428
0 0.39732142857142855 0.16294642857142858 0.008928571428571428 0.015625
0 0.34598214285714285 0.21428571428571427 0.013392857142857142 0.013392857142857142
0 0.296875 0.28794642857142855 0.022321428571428572 0.013392857142857142
0 0.3080357142857143 0.2700892857142857 0.015625 0.015625
0 0.3236607142857143 0.2611607142857143 0.029017857142857144 0.013392857142857142
0 0.53125 0.19866071428571427 0.011160714285714286 0.015625
0 0.5758928571428571 0.1875 0.017857142857142856 0.013392857142857142
0 0.609375 0.16964285714285715 0.011160714285714286 0.008928571428571428
0 0.625 0.18080357142857142 0.013392857142857142 0.015625
0 0.6540178571428571 0.22321428571428573 0.008928571428571428 0.015625
0 0.6830357142857143 0.21875 0.015625 0.015625
0 0.6808035714285714 0.16741071428571427 0.013392857142857142 0.011160714285714286
0 0.6852678571428571 0.18973214285714285 0.029017857142857144 0.011160714285714286
0 0.5401785714285714 0.16741071428571427 0.017857142857142856 0.013392857142857142
0 0.8013392857142857 0.19642857142857142 0.013392857142857142 0.013392857142857142
0 0.8058035714285714 0.23214285714285715 0.024553571428571428 0.011160714285714286
0 0.78125 0.24553571428571427 0.022321428571428572 0.011160714285714286
0 0.890625 0.22544642857142858 0.03571428571428571 0.013392857142857142
0 0.44642857142857145 0.171875 0.017857142857142856 0.013392857142857142