0 0.9888392857142857 0.20982142857142858 0.011160714285714286 0.013392857142857142
0 0.9754464285714286 0.18080357142857142 0.008928571428571428 0.015625
0 0.8169642857142857 0.19419642857142858 0.015625 0.015625
0 0.734375 0.19196428571428573 0.015625 0.015625
0 0.7901785714285714 0.28125 0.020089285714285716 0.011160714285714286
0 0.5848214285714286 0.21651785714285715 0.008928571428571428 0.013392857142857142
0 0.6696428571428571 0.21428571428571427 0.011160714285714286 0.017857142857142856
0 0.546875 0.22098214285714285 0.024553571428571428 0.013392857142857142
0 0.46651785714285715 0.20758928571428573 0.013392857142857142 0.013392857142857142
0 0.4263392857142857 0.21428571428571427 0.020089285714285716 0.011160714285714286
0 0.42410714285714285 0.3169642857142857 0.017857142857142856 0.017857142857142856
0 0.4263392857142857 0.24107142857142858 0.026785714285714284 0.011160714285714286
0 0.026785714285714284 0.234375 0.013392857142857142 0.017857142857142856