0 0.006696428571428571 0.14955357142857142 0.013392857142857142 0.022321428571428572
0 0.015625 0.09375 0.011160714285714286 0.022321428571428572
0 0.05580357142857143 0.10044642857142858 0.008928571428571428 0.015625
0 0.26339285714285715 0.11607142857142858 0.013392857142857142 0.017857142857142856
0 0.18303571428571427 0.203125 0.017857142857142856 0.011160714285714286
0 0.21205357142857142 0.125 0.013392857142857142 0.013392857142857142
0 0.21205357142857142 0.09821428571428571 0.013392857142857142 0.013392857142857142
0 0.16071428571428573 0.10044642857142858 0.008928571428571428 0.013392857142857142
0 0.12723214285714285 0.09151785714285714 0.013392857142857142 0.013392857142857142
0 0.12946428571428573 0.10714285714285714 0.011160714285714286 0.013392857142857142
0 0.09598214285714286 0.10267857142857142 0.011160714285714286 0.011160714285714286
0 0.10267857142857142 0.11607142857142858 0.013392857142857142 0.011160714285714286
0 0.31919642857142855 0.140625 0.011160714285714286 0.015625
0 0.37723214285714285 0.12053571428571429 0.017857142857142856 0.017857142857142856
0 0.41294642857142855 0.14508928571428573 0.013392857142857142 0.017857142857142856
0 0.45982142857142855 0.13392857142857142 0.011160714285714286 0.013392857142857142
0 0.4732142857142857 0.14508928571428573 0.011160714285714286 0.013392857142857142
0 0.5178571428571429 0.13839285714285715 0.013392857142857142 0.013392857142857142
0 0.5245535714285714 0.15848214285714285 0.015625 0.013392857142857142
0 0.7053571428571429 0.17410714285714285 0.022321428571428572 0.013392857142857142
0 0.9397321428571429 0.20758928571428573 0.033482142857142856 0.013392857142857142
0 0.9955357142857143 0.20535714285714285 0.004464285714285714 0.013392857142857142