0 0.008928571428571428 0.10714285714285714 0.017857142857142856 0.017857142857142856
0 0.05357142857142857 0.11160714285714286 0.013392857142857142 0.020089285714285716
0 0.12053571428571429 0.10714285714285714 0.015625 0.015625
0 0.15848214285714285 0.13616071428571427 0.015625 0.017857142857142856
0 0.08482142857142858 0.12053571428571429 0.015625 0.015625
0 0.20089285714285715 0.109375 0.013392857142857142 0.015625
0 0.24330357142857142 0.109375 0.013392857142857142 0.015625
0 0.23883928571428573 0.16294642857142858 0.011160714285714286 0.017857142857142856
0 0.28125 0.125 0.017857142857142856 0.017857142857142856
0 0.36160714285714285 0.125 0.029017857142857144 0.017857142857142856
0 0.5044642857142857 0.15848214285714285 0.015625 0.020089285714285716
0 0.546875 0.15401785714285715 0.013392857142857142 0.015625
0 0.6138392857142857 0.14508928571428573 0.017857142857142856 0.020089285714285716
0 0.6964285714285714 0.11160714285714286 0.04241071428571429 0.017857142857142856
0 0.828125 0.14955357142857142 0.03794642857142857 0.015625
0 0.9397321428571429 0.15625 0.03125 0.011160714285714286
0 0.9620535714285714 0.16294642857142858 0.033482142857142856 0.011160714285714286
0 0.8839285714285714 0.18526785714285715 0.015625 0.011160714285714286