0 0.44642857142857145 0.14285714285714285 0.029017857142857144 0.011160714285714286
0 0.32589285714285715 0.19419642857142858 0.015625 0.015625
0 0.37276785714285715 0.14285714285714285 0.020089285714285716 0.011160714285714286
0 0.3482142857142857 0.16071428571428573 0.011160714285714286 0.013392857142857142
0 0.33035714285714285 0.16071428571428573 0.008928571428571428 0.013392857142857142
0 0.3013392857142857 0.14955357142857142 0.024553571428571428 0.011160714285714286
0 0.28125 0.15178571428571427 0.011160714285714286 0.015625
0 0.22321428571428573 0.15401785714285715 0.022321428571428572 0.013392857142857142
0 0.22098214285714285 0.18973214285714285 0.022321428571428572 0.013392857142857142
0 0.1875 0.22098214285714285 0.013392857142857142 0.015625
0 0.19642857142857142 0.171875 0.013392857142857142 0.013392857142857142
0 0.16294642857142858 0.16964285714285715 0.017857142857142856 0.015625
0 0.08928571428571429 0.19196428571428573 0.013392857142857142 0.017857142857142856
0 0.060267857142857144 0.16517857142857142 0.013392857142857142 0.015625
0 0.033482142857142856 0.21205357142857142 0.020089285714285716 0.017857142857142856