0 0.9285714285714286 0.17857142857142858 0.015625 0.015625
0 0.890625 0.22991071428571427 0.013392857142857142 0.013392857142857142
0 0.8549107142857143 0.18080357142857142 0.017857142857142856 0.013392857142857142
0 0.7901785714285714 0.20982142857142858 0.013392857142857142 0.017857142857142856
0 0.7366071428571429 0.17857142857142858 0.011160714285714286 0.015625
0 0.71875 0.18973214285714285 0.013392857142857142 0.013392857142857142
0 0.6160714285714286 0.19196428571428573 0.015625 0.013392857142857142
0 0.29910714285714285 0.19642857142857142 0.011160714285714286 0.011160714285714286
0 0.5178571428571429 0.18080357142857142 0.026785714285714284 0.008928571428571428
0 0.13169642857142858 0.19419642857142858 0.013392857142857142 0.011160714285714286
0 0.16071428571428573 0.19196428571428573 0.020089285714285716 0.008928571428571428
0 0.07589285714285714 0.19196428571428573 0.011160714285714286 0.008928571428571428