0 0.9107142857142857 0.11160714285714286 0.022321428571428572 0.015625
0 0.8549107142857143 0.11383928571428571 0.011160714285714286 0.017857142857142856
0 0.9129464285714286 0.21651785714285715 0.020089285714285716 0.022321428571428572
0 0.8348214285714286 0.18303571428571427 0.033482142857142856 0.017857142857142856
0 0.9397321428571429 0.10491071428571429 0.013392857142857142 0.015625
0 0.9665178571428571 0.10714285714285714 0.013392857142857142 0.013392857142857142
0 0.953125 0.11607142857142858 0.013392857142857142 0.013392857142857142
0 0.7544642857142857 0.12276785714285714 0.013392857142857142 0.013392857142857142
0 0.7299107142857143 0.11830357142857142 0.015625 0.017857142857142856
0 0.7410714285714286 0.22544642857142858 0.044642857142857144 0.015625
0 0.640625 0.15848214285714285 0.022321428571428572 0.013392857142857142
0 0.71875 0.15848214285714285 0.013392857142857142 0.020089285714285716
0 0.6116071428571429 0.140625 0.017857142857142856 0.017857142857142856
0 0.6160714285714286 0.2924107142857143 0.024553571428571428 0.026785714285714284
0 0.6517857142857143 0.21651785714285715 0.011160714285714286 0.013392857142857142
0 0.8325892857142857 0.22767857142857142 0.022321428571428572 0.013392857142857142
0 0.4263392857142857 0.13839285714285715 0.017857142857142856 0.013392857142857142
0 0.9799107142857143 0.15401785714285715 0.015625 0.013392857142857142
0 0.9308035714285714 0.13392857142857142 0.024553571428571428 0.013392857142857142
0 0.04241071428571429 0.38839285714285715 0.024553571428571428 0.015625