0 0.9464285714285714 0.2924107142857143 0.026785714285714284 0.029017857142857144
0 0.7165178571428571 0.29017857142857145 0.024553571428571428 0.029017857142857144
0 0.6160714285714286 0.109375 0.015625 0.011160714285714286
0 0.47098214285714285 0.19642857142857142 0.011160714285714286 0.011160714285714286
0 0.375 0.109375 0.03571428571428571 0.013392857142857142
0 0.390625 0.14285714285714285 0.03794642857142857 0.017857142857142856
0 0.41517857142857145 0.109375 0.022321428571428572 0.015625
0 0.2700892857142857 0.13616071428571427 0.008928571428571428 0.011160714285714286
0 0.19866071428571427 0.14732142857142858 0.008928571428571428 0.013392857142857142
0 0.18080357142857142 0.12946428571428573 0.013392857142857142 0.017857142857142856
0 0.171875 0.15401785714285715 0.024553571428571428 0.013392857142857142
0 0.14285714285714285 0.15401785714285715 0.015625 0.011160714285714286
0 0.13616071428571427 0.17633928571428573 0.013392857142857142 0.013392857142857142
0 0.109375 0.16294642857142858 0.008928571428571428 0.013392857142857142
0 0.24553571428571427 0.16964285714285715 0.03125 0.011160714285714286
0 0.033482142857142856 0.16294642857142858 0.008928571428571428 0.011160714285714286
0 0.013392857142857142 0.20758928571428573 0.022321428571428572 0.013392857142857142
0 0.022321428571428572 0.18973214285714285 0.006696428571428571 0.011160714285714286