0 0.9776785714285714 0.19196428571428573 0.017857142857142856 0.011160714285714286
0 0.9776785714285714 0.17410714285714285 0.024553571428571428 0.006696428571428571
0 0.875 0.18080357142857142 0.013392857142857142 0.013392857142857142
0 0.7924107142857143 0.23883928571428573 0.03794642857142857 0.013392857142857142
0 0.8370535714285714 0.171875 0.011160714285714286 0.011160714285714286
0 0.8370535714285714 0.1875 0.011160714285714286 0.013392857142857142
0 0.625 0.18526785714285715 0.017857142857142856 0.011160714285714286
0 0.5758928571428571 0.20982142857142858 0.03125 0.013392857142857142
0 0.6116071428571429 0.26785714285714285 0.04017857142857143 0.013392857142857142
0 0.41294642857142855 0.21205357142857142 0.020089285714285716 0.011160714285714286
0 0.13616071428571427 0.22544642857142858 0.022321428571428572 0.024553571428571428
0 0.18080357142857142 0.25 0.033482142857142856 0.008928571428571428
0 0.09151785714285714 0.26339285714285715 0.017857142857142856 0.008928571428571428
0 0.024553571428571428 0.20535714285714285 0.015625 0.015625
0 0.006696428571428571 0.18080357142857142 0.006696428571428571 0.013392857142857142