0 0.060267857142857144 0.31026785714285715 0.033482142857142856 0.017857142857142856
0 0.006696428571428571 0.1875 0.013392857142857142 0.026785714285714284
0 0.024553571428571428 0.24776785714285715 0.04241071428571429 0.011160714285714286
0 0.265625 0.32142857142857145 0.020089285714285716 0.015625
0 0.10044642857142858 0.42410714285714285 0.03571428571428571 0.015625
0 0.46205357142857145 0.27901785714285715 0.03571428571428571 0.015625
0 0.29910714285714285 0.2924107142857143 0.03794642857142857 0.011160714285714286
0 0.5290178571428571 0.27232142857142855 0.05133928571428571 0.013392857142857142
0 0.5625 0.234375 0.029017857142857144 0.013392857142857142
0 0.78125 0.16294642857142858 0.022321428571428572 0.026785714285714284
0 0.9397321428571429 0.16517857142857142 0.017857142857142856 0.011160714285714286