0 0.060267857142857144 0.28348214285714285 0.024553571428571428 0.020089285714285716
0 0.28348214285714285 0.2544642857142857 0.022321428571428572 0.029017857142857144
0 0.3638392857142857 0.3013392857142857 0.05133928571428571 0.015625
0 0.6495535714285714 0.060267857142857144 0.013392857142857142 0.017857142857142856
0 0.796875 0.29464285714285715 0.015625 0.013392857142857142
0 0.8772321428571429 0.29017857142857145 0.022321428571428572 0.017857142857142856
0 0.984375 0.29017857142857145 0.024553571428571428 0.015625
0 0.9866071428571429 0.32142857142857145 0.017857142857142856 0.015625
0 0.9910714285714286 0.18973214285714285 0.011160714285714286 0.022321428571428572
0 0.859375 0.07366071428571429 0.011160714285714286 0.015625
0 0.8816964285714286 0.09375 0.017857142857142856 0.020089285714285716
0 0.9330357142857143 0.08705357142857142 0.011160714285714286 0.015625
0 0.9508928571428571 0.10044642857142858 0.029017857142857144 0.011160714285714286
0 0.9910714285714286 0.09598214285714286 0.011160714285714286 0.015625
0 0.9508928571428571 0.17857142857142858 0.008928571428571428 0.011160714285714286