0 0.026785714285714284 0.17410714285714285 0.013392857142857142 0.013392857142857142
0 0.13169642857142858 0.17633928571428573 0.011160714285714286 0.011160714285714286
0 0.060267857142857144 0.16517857142857142 0.011160714285714286 0.015625
0 0.046875 0.16294642857142858 0.008928571428571428 0.013392857142857142
0 0.11383928571428571 0.18303571428571427 0.015625 0.013392857142857142
0 0.17857142857142858 0.25892857142857145 0.017857142857142856 0.013392857142857142
0 0.20982142857142858 0.20535714285714285 0.026785714285714284 0.011160714285714286
0 0.2544642857142857 0.18303571428571427 0.013392857142857142 0.011160714285714286
0 0.2767857142857143 0.19196428571428573 0.024553571428571428 0.008928571428571428
0 0.33705357142857145 0.18526785714285715 0.033482142857142856 0.011160714285714286
0 0.3169642857142857 0.18973214285714285 0.020089285714285716 0.011160714285714286
0 0.42410714285714285 0.18973214285714285 0.029017857142857144 0.011160714285714286
0 0.46205357142857145 0.18526785714285715 0.008928571428571428 0.015625
0 0.5647321428571429 0.18973214285714285 0.011160714285714286 0.011160714285714286
0 0.42857142857142855 0.22098214285714285 0.013392857142857142 0.029017857142857144
0 0.35044642857142855 0.25892857142857145 0.022321428571428572 0.013392857142857142
0 0.5044642857142857 0.25892857142857145 0.011160714285714286 0.013392857142857142
0 0.6495535714285714 0.46875 0.022321428571428572 0.026785714285714284
0 0.7522321428571429 0.24776785714285715 0.015625 0.011160714285714286
0 0.7321428571428571 0.1875 0.017857142857142856 0.011160714285714286