0 0.546875 0.12723214285714285 0.015625 0.020089285714285716
0 0.46205357142857145 0.13169642857142858 0.015625 0.015625
0 0.359375 0.13169642857142858 0.022321428571428572 0.017857142857142856
0 0.29464285714285715 0.13392857142857142 0.011160714285714286 0.015625
0 0.25892857142857145 0.15401785714285715 0.017857142857142856 0.015625
0 0.2611607142857143 0.26339285714285715 0.029017857142857144 0.020089285714285716
0 0.23214285714285715 0.19196428571428573 0.026785714285714284 0.015625
0 0.23660714285714285 0.14285714285714285 0.013392857142857142 0.011160714285714286
0 0.1875 0.22767857142857142 0.017857142857142856 0.013392857142857142
0 0.14508928571428573 0.3013392857142857 0.049107142857142856 0.015625
0 0.16071428571428573 0.14508928571428573 0.011160714285714286 0.013392857142857142
0 0.13839285714285715 0.14285714285714285 0.020089285714285716 0.013392857142857142
0 0.14508928571428573 0.16517857142857142 0.013392857142857142 0.015625
0 0.08705357142857142 0.16294642857142858 0.015625 0.015625
0 0.05357142857142857 0.14508928571428573 0.017857142857142856 0.013392857142857142
0 0.006696428571428571 0.21205357142857142 0.006696428571428571 0.017857142857142856