0 0.18303571428571427 0.15625 0.013392857142857142 0.013392857142857142
0 0.20982142857142858 0.17410714285714285 0.013392857142857142 0.011160714285714286
0 0.26785714285714285 0.20982142857142858 0.033482142857142856 0.013392857142857142
0 0.109375 0.265625 0.011160714285714286 0.020089285714285716
0 0.08258928571428571 0.25 0.020089285714285716 0.013392857142857142
0 0.015625 0.17633928571428573 0.03125 0.015625
0 0.2767857142857143 0.17857142857142858 0.011160714285714286 0.011160714285714286
0 0.34375 0.18303571428571427 0.033482142857142856 0.015625
0 0.5044642857142857 0.18303571428571427 0.022321428571428572 0.013392857142857142
0 0.5758928571428571 0.17857142857142858 0.013392857142857142 0.013392857142857142
0 0.5424107142857143 0.24776785714285715 0.015625 0.015625
0 0.3482142857142857 0.46651785714285715 0.017857142857142856 0.015625
0 0.21875 0.4330357142857143 0.011160714285714286 0.013392857142857142
0 0.6361607142857143 0.328125 0.05133928571428571 0.015625
0 0.5558035714285714 0.22098214285714285 0.029017857142857144 0.013392857142857142
0 0.28794642857142855 0.2611607142857143 0.008928571428571428 0.011160714285714286