0 0.013392857142857142 0.002232142857142857 0.011160714285714286 0.004464285714285714
0 0.09375 0.006696428571428571 0.011160714285714286 0.011160714285714286
0 0.16517857142857142 0.008928571428571428 0.017857142857142856 0.011160714285714286
0 0.18973214285714285 0.002232142857142857 0.015625 0.004464285714285714
0 0.27901785714285715 0.006696428571428571 0.015625 0.011160714285714286
0 0.20535714285714285 0.017857142857142856 0.022321428571428572 0.013392857142857142
0 0.22991071428571427 0.011160714285714286 0.03125 0.022321428571428572
0 0.5691964285714286 0.05133928571428571 0.017857142857142856 0.020089285714285716
0 0.7455357142857143 0.06473214285714286 0.017857142857142856 0.015625
0 0.6205357142857143 0.09151785714285714 0.044642857142857144 0.015625
0 0.5200892857142857 0.006696428571428571 0.011160714285714286 0.011160714285714286
0 0.5245535714285714 0.049107142857142856 0.017857142857142856 0.013392857142857142
0 0.5915178571428571 0.03571428571428571 0.022321428571428572 0.013392857142857142
0 0.7299107142857143 0.049107142857142856 0.024553571428571428 0.015625
0 0.41517857142857145 0.18973214285714285 0.029017857142857144 0.026785714285714284
0 0.9642857142857143 0.05803571428571429 0.026785714285714284 0.015625