0 0.05580357142857143 0.125 0.011160714285714286 0.013392857142857142
0 0.008928571428571428 0.203125 0.017857142857142856 0.011160714285714286
0 0.14955357142857142 0.16517857142857142 0.011160714285714286 0.013392857142857142
0 0.12946428571428573 0.14955357142857142 0.015625 0.015625
0 0.10044642857142858 0.18973214285714285 0.015625 0.011160714285714286
0 0.11383928571428571 0.17633928571428573 0.011160714285714286 0.008928571428571428
0 0.06696428571428571 0.171875 0.013392857142857142 0.011160714285714286
0 0.08482142857142858 0.18303571428571427 0.013392857142857142 0.008928571428571428
0 0.03125 0.16294642857142858 0.015625 0.011160714285714286
0 0.024553571428571428 0.18973214285714285 0.015625 0.008928571428571428
0 0.044642857142857144 0.17857142857142858 0.013392857142857142 0.013392857142857142
0 0.19866071428571427 0.17857142857142858 0.026785714285714284 0.013392857142857142
0 0.375 0.16294642857142858 0.022321428571428572 0.015625
0 0.3482142857142857 0.234375 0.017857142857142856 0.011160714285714286
0 0.203125 0.26785714285714285 0.024553571428571428 0.026785714285714284
0 0.45535714285714285 0.17410714285714285 0.015625 0.011160714285714286
0 0.8995535714285714 0.1875 0.020089285714285716 0.011160714285714286