0 0.984375 0.19642857142857142 0.011160714285714286 0.013392857142857142
0 0.9933035714285714 0.17633928571428573 0.011160714285714286 0.013392857142857142
0 0.96875 0.16517857142857142 0.017857142857142856 0.011160714285714286
0 0.9508928571428571 0.16964285714285715 0.013392857142857142 0.013392857142857142
0 0.9352678571428571 0.22321428571428573 0.015625 0.011160714285714286
0 0.9263392857142857 0.16294642857142858 0.006696428571428571 0.011160714285714286
0 0.8392857142857143 0.17410714285714285 0.015625 0.013392857142857142
0 0.8013392857142857 0.25892857142857145 0.013392857142857142 0.013392857142857142
0 0.8058035714285714 0.21875 0.011160714285714286 0.008928571428571428
0 0.7165178571428571 0.20535714285714285 0.015625 0.015625
0 0.7433035714285714 0.20535714285714285 0.008928571428571428 0.015625
0 0.7366071428571429 0.25669642857142855 0.011160714285714286 0.013392857142857142
0 0.6629464285714286 0.27232142857142855 0.011160714285714286 0.013392857142857142
0 0.5959821428571429 0.23214285714285715 0.011160714285714286 0.013392857142857142
0 0.5133928571428571 0.21651785714285715 0.013392857142857142 0.015625
0 0.36830357142857145 0.203125 0.022321428571428572 0.015625
0 0.33035714285714285 0.21875 0.013392857142857142 0.015625
0 0.6495535714285714 0.33035714285714285 0.026785714285714284 0.013392857142857142
0 0.29017857142857145 0.3236607142857143 0.020089285714285716 0.011160714285714286
0 0.13169642857142858 0.2611607142857143 0.013392857142857142 0.011160714285714286
0 0.011160714285714286 0.22991071428571427 0.011160714285714286 0.011160714285714286
0 0.03125 0.22767857142857142 0.020089285714285716 0.008928571428571428