0 0.3482142857142857 0.12723214285714285 0.013392857142857142 0.015625
0 0.359375 0.14285714285714285 0.015625 0.011160714285714286
0 0.28794642857142855 0.14285714285714285 0.029017857142857144 0.011160714285714286
0 0.25669642857142855 0.13392857142857142 0.013392857142857142 0.015625
0 0.21875 0.15178571428571427 0.008928571428571428 0.013392857142857142
0 0.15625 0.15401785714285715 0.006696428571428571 0.013392857142857142
0 0.12276785714285714 0.15625 0.013392857142857142 0.011160714285714286
0 0.07366071428571429 0.16964285714285715 0.013392857142857142 0.013392857142857142
0 0.05133928571428571 0.18303571428571427 0.017857142857142856 0.015625
0 0.07142857142857142 0.22321428571428573 0.013392857142857142 0.011160714285714286
0 0.004464285714285714 0.18526785714285715 0.002232142857142857 0.017857142857142856
0 0.013392857142857142 0.18080357142857142 0.008928571428571428 0.013392857142857142