0 0.18303571428571427 0.09151785714285714 0.013392857142857142 0.015625
0 0.27901785714285715 0.008928571428571428 0.015625 0.015625
0 0.36160714285714285 0.004464285714285714 0.011160714285714286 0.008928571428571428
0 0.39732142857142855 0.013392857142857142 0.017857142857142856 0.020089285714285716
0 0.44419642857142855 0.006696428571428571 0.015625 0.011160714285714286
0 0.43080357142857145 0.026785714285714284 0.022321428571428572 0.015625
0 0.46875 0.011160714285714286 0.017857142857142856 0.022321428571428572
0 0.5133928571428571 0.011160714285714286 0.017857142857142856 0.022321428571428572
0 0.43080357142857145 0.08928571428571429 0.044642857142857144 0.020089285714285716
0 0.5691964285714286 0.022321428571428572 0.013392857142857142 0.015625
0 0.6808035714285714 0.008928571428571428 0.017857142857142856 0.017857142857142856
0 0.6741071428571429 0.03571428571428571 0.017857142857142856 0.017857142857142856
0 0.7433035714285714 0.008928571428571428 0.015625 0.015625
0 0.59375 0.013392857142857142 0.017857142857142856 0.017857142857142856
0 0.6473214285714286 0.1875 0.03125 0.015625
0 0.796875 0.09151785714285714 0.015625 0.015625
0 0.9776785714285714 0.12053571428571429 0.03571428571428571 0.015625
0 0.9799107142857143 0.17633928571428573 0.03125 0.015625
0 0.9642857142857143 0.04017857142857143 0.033482142857142856 0.015625
0 0.8839285714285714 0.011160714285714286 0.017857142857142856 0.015625
0 0.8973214285714286 0.03794642857142857 0.033482142857142856 0.020089285714285716
0 0.9441964285714286 0.022321428571428572 0.017857142857142856 0.017857142857142856