0 0.8727678571428571 0.29017857142857145 0.022321428571428572 0.013392857142857142
0 0.7142857142857143 0.28794642857142855 0.011160714285714286 0.013392857142857142
0 0.6026785714285714 0.19642857142857142 0.013392857142857142 0.017857142857142856
0 0.5736607142857143 0.203125 0.013392857142857142 0.013392857142857142
0 0.47098214285714285 0.20089285714285715 0.011160714285714286 0.013392857142857142
0 0.421875 0.203125 0.013392857142857142 0.013392857142857142
0 0.5066964285714286 0.28794642857142855 0.024553571428571428 0.029017857142857144
0 0.39285714285714285 0.203125 0.015625 0.013392857142857142
0 0.3705357142857143 0.20535714285714285 0.017857142857142856 0.015625
0 0.3549107142857143 0.20535714285714285 0.011160714285714286 0.015625
0 0.33035714285714285 0.203125 0.011160714285714286 0.013392857142857142
0 0.2611607142857143 0.20535714285714285 0.013392857142857142 0.015625
0 0.2611607142857143 0.25 0.011160714285714286 0.015625
0 0.22321428571428573 0.20758928571428573 0.017857142857142856 0.015625
0 0.18303571428571427 0.20758928571428573 0.013392857142857142 0.013392857142857142
0 0.16741071428571427 0.22767857142857142 0.015625 0.015625
0 0.09375 0.20758928571428573 0.013392857142857142 0.013392857142857142
0 0.20982142857142858 0.22767857142857142 0.013392857142857142 0.011160714285714286
0 0.18973214285714285 0.23883928571428573 0.020089285714285716 0.013392857142857142
0 0.05133928571428571 0.20535714285714285 0.011160714285714286 0.011160714285714286
0 0.033482142857142856 0.21875 0.011160714285714286 0.020089285714285716
0 0.17633928571428573 0.33482142857142855 0.022321428571428572 0.015625