0 0.9397321428571429 0.23883928571428573 0.04017857142857143 0.013392857142857142
0 0.7790178571428571 0.22991071428571427 0.015625 0.013392857142857142
0 0.8080357142857143 0.22544642857142858 0.013392857142857142 0.011160714285714286
0 0.6517857142857143 0.2767857142857143 0.011160714285714286 0.011160714285714286
0 0.5647321428571429 0.2767857142857143 0.015625 0.011160714285714286
0 0.29017857142857145 0.23660714285714285 0.03571428571428571 0.013392857142857142
0 0.36830357142857145 0.23660714285714285 0.024553571428571428 0.008928571428571428
0 0.4174107142857143 0.18973214285714285 0.029017857142857144 0.017857142857142856
0 0.40625 0.22544642857142858 0.017857142857142856 0.008928571428571428
0 0.27455357142857145 0.35267857142857145 0.024553571428571428 0.011160714285714286
0 0.15625 0.24553571428571427 0.026785714285714284 0.013392857142857142
0 0.07366071428571429 0.23214285714285715 0.029017857142857144 0.013392857142857142