0 0.890625 0.11607142857142858 0.008928571428571428 0.013392857142857142
0 0.8258928571428571 0.12946428571428573 0.015625 0.013392857142857142
0 0.8035714285714286 0.16294642857142858 0.015625 0.015625
0 0.7924107142857143 0.12053571428571429 0.008928571428571428 0.013392857142857142
0 0.7276785714285714 0.12946428571428573 0.020089285714285716 0.015625
0 0.7455357142857143 0.12723214285714285 0.006696428571428571 0.013392857142857142
0 0.65625 0.17857142857142858 0.011160714285714286 0.008928571428571428
0 0.6361607142857143 0.140625 0.015625 0.013392857142857142
0 0.6473214285714286 0.12946428571428573 0.013392857142857142 0.015625
0 0.6785714285714286 0.125 0.013392857142857142 0.013392857142857142
0 0.7165178571428571 0.15401785714285715 0.013392857142857142 0.011160714285714286
0 0.6919642857142857 0.140625 0.008928571428571428 0.008928571428571428
0 0.6696428571428571 0.265625 0.029017857142857144 0.015625
0 0.6339285714285714 0.24107142857142858 0.026785714285714284 0.011160714285714286
0 0.5870535714285714 0.18080357142857142 0.017857142857142856 0.011160714285714286
0 0.5803571428571429 0.13169642857142858 0.015625 0.013392857142857142
0 0.5491071428571429 0.18526785714285715 0.015625 0.015625
0 0.5 0.171875 0.015625 0.015625
0 0.45535714285714285 0.14732142857142858 0.022321428571428572 0.013392857142857142
0 0.41964285714285715 0.140625 0.015625 0.011160714285714286
0 0.3482142857142857 0.14955357142857142 0.013392857142857142 0.011160714285714286
0 0.31919642857142855 0.17410714285714285 0.013392857142857142 0.013392857142857142
0 0.3236607142857143 0.140625 0.029017857142857144 0.011160714285714286
0 0.15848214285714285 0.171875 0.04241071428571429 0.013392857142857142