0 0.13169642857142858 0.03794642857142857 0.029017857142857144 0.015625
0 0.13169642857142858 0.05803571428571429 0.029017857142857144 0.013392857142857142
0 0.30357142857142855 0.13392857142857142 0.022321428571428572 0.020089285714285716
0 0.2700892857142857 0.03571428571428571 0.015625 0.015625
0 0.3080357142857143 0.049107142857142856 0.013392857142857142 0.013392857142857142
0 0.33035714285714285 0.04241071428571429 0.013392857142857142 0.015625
0 0.3392857142857143 0.060267857142857144 0.013392857142857142 0.013392857142857142
0 0.36830357142857145 0.06919642857142858 0.017857142857142856 0.015625
0 0.4107142857142857 0.06696428571428571 0.015625 0.015625
0 0.40401785714285715 0.09598214285714286 0.020089285714285716 0.013392857142857142
0 0.48660714285714285 0.05580357142857143 0.011160714285714286 0.015625
0 0.5379464285714286 0.05803571428571429 0.011160714285714286 0.015625
0 0.5022321428571429 0.06473214285714286 0.013392857142857142 0.020089285714285716
0 0.5223214285714286 0.08035714285714286 0.011160714285714286 0.017857142857142856
0 0.5089285714285714 0.13839285714285715 0.05803571428571429 0.017857142857142856
0 0.5691964285714286 0.109375 0.03125 0.015625
0 0.6227678571428571 0.12946428571428573 0.033482142857142856 0.017857142857142856
0 0.6674107142857143 0.06696428571428571 0.015625 0.015625
0 0.9508928571428571 0.09821428571428571 0.017857142857142856 0.017857142857142856
0 0.7879464285714286 0.06473214285714286 0.013392857142857142 0.017857142857142856