0 0.6205357142857143 0.21205357142857142 0.03571428571428571 0.015625
0 0.5133928571428571 0.17857142857142858 0.024553571428571428 0.020089285714285716
0 0.47544642857142855 0.07589285714285714 0.013392857142857142 0.013392857142857142
0 0.3549107142857143 0.16964285714285715 0.033482142857142856 0.017857142857142856
0 0.4419642857142857 0.19196428571428573 0.03794642857142857 0.013392857142857142
0 0.4575892857142857 0.16741071428571427 0.029017857142857144 0.015625
0 0.45535714285714285 0.13839285714285715 0.011160714285714286 0.020089285714285716
0 0.43973214285714285 0.12723214285714285 0.020089285714285716 0.017857142857142856
0 0.390625 0.07366071428571429 0.017857142857142856 0.017857142857142856
0 0.3794642857142857 0.109375 0.013392857142857142 0.017857142857142856
0 0.41294642857142855 0.07366071428571429 0.011160714285714286 0.011160714285714286
0 0.21875 0.125 0.013392857142857142 0.015625
0 0.09821428571428571 0.125 0.011160714285714286 0.015625
0 0.28794642857142855 0.13169642857142858 0.008928571428571428 0.013392857142857142
0 0.31026785714285715 0.12946428571428573 0.013392857142857142 0.011160714285714286
0 0.24330357142857142 0.11383928571428571 0.026785714285714284 0.015625
0 0.08258928571428571 0.15401785714285715 0.033482142857142856 0.017857142857142856