0 0.26339285714285715 0.2544642857142857 0.022321428571428572 0.013392857142857142
0 0.29910714285714285 0.24330357142857142 0.011160714285714286 0.017857142857142856
0 0.296875 0.15625 0.011160714285714286 0.013392857142857142
0 0.15848214285714285 0.15401785714285715 0.017857142857142856 0.015625
0 0.4174107142857143 0.15401785714285715 0.013392857142857142 0.008928571428571428
0 0.46875 0.15178571428571427 0.013392857142857142 0.011160714285714286
0 0.5044642857142857 0.14955357142857142 0.020089285714285716 0.011160714285714286
0 0.4107142857142857 0.23214285714285715 0.04017857142857143 0.015625
0 0.4575892857142857 0.24330357142857142 0.03571428571428571 0.015625
0 0.6138392857142857 0.15401785714285715 0.022321428571428572 0.022321428571428572
0 0.890625 0.23660714285714285 0.017857142857142856 0.011160714285714286
0 0.9933035714285714 0.27232142857142855 0.006696428571428571 0.013392857142857142