0 0.9866071428571429 0.05803571428571429 0.013392857142857142 0.011160714285714286
0 0.8660714285714286 0.08928571428571429 0.017857142857142856 0.015625
0 0.7723214285714286 0.08705357142857142 0.013392857142857142 0.013392857142857142
0 0.7410714285714286 0.08482142857142858 0.015625 0.017857142857142856
0 0.6763392857142857 0.07142857142857142 0.017857142857142856 0.015625
0 0.6272321428571429 0.09598214285714286 0.011160714285714286 0.015625
0 0.59375 0.10044642857142858 0.017857142857142856 0.015625
0 0.5379464285714286 0.11160714285714286 0.013392857142857142 0.015625
0 0.5022321428571429 0.10267857142857142 0.011160714285714286 0.008928571428571428
0 0.8727678571428571 0.12053571428571429 0.017857142857142856 0.020089285714285716
0 0.18526785714285715 0.11383928571428571 0.011160714285714286 0.013392857142857142
0 0.13169642857142858 0.109375 0.008928571428571428 0.015625