0 0.7254464285714286 0.30357142857142855 0.017857142857142856 0.020089285714285716
0 0.5022321428571429 0.30580357142857145 0.022321428571428572 0.015625
0 0.10714285714285714 0.23214285714285715 0.015625 0.008928571428571428
0 0.11160714285714286 0.22098214285714285 0.017857142857142856 0.011160714285714286
0 0.07366071428571429 0.16964285714285715 0.011160714285714286 0.017857142857142856
0 0.046875 0.15848214285714285 0.011160714285714286 0.015625
0 0.08035714285714286 0.13616071428571427 0.011160714285714286 0.013392857142857142
0 0.11830357142857142 0.13616071428571427 0.015625 0.013392857142857142
0 0.109375 0.140625 0.011160714285714286 0.013392857142857142
0 0.18080357142857142 0.13392857142857142 0.017857142857142856 0.013392857142857142
0 0.234375 0.140625 0.03571428571428571 0.011160714285714286
0 0.011160714285714286 0.16517857142857142 0.015625 0.022321428571428572