0 0.11160714285714286 0.3169642857142857 0.020089285714285716 0.013392857142857142
0 0.44642857142857145 0.35044642857142855 0.029017857142857144 0.026785714285714284
0 0.6517857142857143 0.15625 0.011160714285714286 0.015625
0 0.7098214285714286 0.21428571428571427 0.022321428571428572 0.011160714285714286
0 0.7299107142857143 0.19642857142857142 0.022321428571428572 0.013392857142857142
0 0.7209821428571429 0.2924107142857143 0.020089285714285716 0.013392857142857142
0 0.7232142857142857 0.11830357142857142 0.022321428571428572 0.013392857142857142
0 0.8571428571428571 0.14732142857142858 0.020089285714285716 0.017857142857142856
0 0.8816964285714286 0.11160714285714286 0.011160714285714286 0.013392857142857142
0 0.8928571428571429 0.12723214285714285 0.017857142857142856 0.008928571428571428
0 0.9642857142857143 0.11383928571428571 0.013392857142857142 0.013392857142857142