0 0.7098214285714286 0.26785714285714285 0.029017857142857144 0.015625
0 0.6785714285714286 0.265625 0.015625 0.011160714285714286
0 0.6272321428571429 0.109375 0.013392857142857142 0.017857142857142856
0 0.6785714285714286 0.11160714285714286 0.015625 0.015625
0 0.7276785714285714 0.11160714285714286 0.008928571428571428 0.013392857142857142
0 0.7767857142857143 0.10714285714285714 0.008928571428571428 0.015625
0 0.7924107142857143 0.11383928571428571 0.024553571428571428 0.013392857142857142
0 0.828125 0.11383928571428571 0.011160714285714286 0.013392857142857142
0 0.8526785714285714 0.109375 0.015625 0.011160714285714286
0 0.8392857142857143 0.12723214285714285 0.011160714285714286 0.013392857142857142
0 0.8861607142857143 0.13392857142857142 0.015625 0.017857142857142856
0 0.9129464285714286 0.18080357142857142 0.015625 0.013392857142857142
0 0.9397321428571429 0.11830357142857142 0.022321428571428572 0.013392857142857142
0 0.9620535714285714 0.14732142857142858 0.015625 0.011160714285714286
0 0.9754464285714286 0.11830357142857142 0.015625 0.013392857142857142
0 0.9910714285714286 0.21205357142857142 0.015625 0.015625