0 0.9821428571428571 0.17410714285714285 0.026785714285714284 0.017857142857142856
0 0.9598214285714286 0.17633928571428573 0.011160714285714286 0.013392857142857142
0 0.9241071428571429 0.17410714285714285 0.008928571428571428 0.011160714285714286
0 0.8973214285714286 0.18303571428571427 0.008928571428571428 0.015625
0 0.9553571428571429 0.22544642857142858 0.011160714285714286 0.013392857142857142
0 0.859375 0.26785714285714285 0.022321428571428572 0.013392857142857142
0 0.7299107142857143 0.23214285714285715 0.017857142857142856 0.011160714285714286
0 0.8303571428571429 0.17857142857142858 0.013392857142857142 0.017857142857142856
0 0.8504464285714286 0.17410714285714285 0.011160714285714286 0.011160714285714286
0 0.6897321428571429 0.18303571428571427 0.008928571428571428 0.011160714285714286
0 0.6450892857142857 0.18973214285714285 0.020089285714285716 0.015625
0 0.5691964285714286 0.1875 0.006696428571428571 0.011160714285714286
0 0.47098214285714285 0.203125 0.017857142857142856 0.013392857142857142
0 0.33035714285714285 0.18973214285714285 0.013392857142857142 0.011160714285714286
0 0.328125 0.20758928571428573 0.013392857142857142 0.008928571428571428
0 0.41294642857142855 0.22098214285714285 0.013392857142857142 0.011160714285714286
0 0.625 0.31026785714285715 0.008928571428571428 0.008928571428571428
0 0.26339285714285715 0.2767857142857143 0.015625 0.011160714285714286
0 0.22991071428571427 0.234375 0.017857142857142856 0.011160714285714286
0 0.13392857142857142 0.20089285714285715 0.026785714285714284 0.013392857142857142