0 0.8616071428571429 0.296875 0.017857142857142856 0.017857142857142856
0 0.9642857142857143 0.328125 0.022321428571428572 0.017857142857142856
0 0.9888392857142857 0.33035714285714285 0.020089285714285716 0.013392857142857142
0 0.6941964285714286 0.30580357142857145 0.020089285714285716 0.015625
0 0.38839285714285715 0.10044642857142858 0.015625 0.020089285714285716
0 0.15848214285714285 0.09821428571428571 0.03125 0.015625
0 0.15625 0.15625 0.011160714285714286 0.013392857142857142
0 0.06473214285714286 0.10714285714285714 0.024553571428571428 0.013392857142857142
0 0.08928571428571429 0.09821428571428571 0.011160714285714286 0.008928571428571428
0 0.004464285714285714 0.23883928571428573 0.004464285714285714 0.017857142857142856
0 0.020089285714285716 0.09821428571428571 0.017857142857142856 0.015625