0 0.03125 0.006696428571428571 0.022321428571428572 0.011160714285714286
0 0.033482142857142856 0.017857142857142856 0.013392857142857142 0.013392857142857142
0 0.07589285714285714 0.024553571428571428 0.011160714285714286 0.017857142857142856
0 0.07142857142857142 0.004464285714285714 0.022321428571428572 0.008928571428571428
0 0.16517857142857142 0.002232142857142857 0.015625 0.004464285714285714
0 0.20535714285714285 0.004464285714285714 0.026785714285714284 0.008928571428571428
0 0.23660714285714285 0.13392857142857142 0.020089285714285716 0.017857142857142856
0 0.359375 0.022321428571428572 0.022321428571428572 0.015625
0 0.41294642857142855 0.002232142857142857 0.011160714285714286 0.004464285714285714
0 0.42410714285714285 0.029017857142857144 0.029017857142857144 0.011160714285714286
0 0.4486607142857143 0.13169642857142858 0.03794642857142857 0.020089285714285716