0 0.3861607142857143 0.296875 0.03125 0.013392857142857142
0 0.48214285714285715 0.26785714285714285 0.020089285714285716 0.017857142857142856
0 0.515625 0.17633928571428573 0.011160714285714286 0.011160714285714286
0 0.6227678571428571 0.25892857142857145 0.029017857142857144 0.015625
0 0.5446428571428571 0.27901785714285715 0.033482142857142856 0.011160714285714286
0 0.53125 0.25892857142857145 0.024553571428571428 0.013392857142857142
0 0.5334821428571429 0.23214285714285715 0.008928571428571428 0.017857142857142856
0 0.546875 0.22098214285714285 0.017857142857142856 0.015625
0 0.5892857142857143 0.17410714285714285 0.015625 0.015625
0 0.6004464285714286 0.20535714285714285 0.013392857142857142 0.015625
0 0.5714285714285714 0.17410714285714285 0.008928571428571428 0.011160714285714286
0 0.7410714285714286 0.22098214285714285 0.013392857142857142 0.013392857142857142
0 0.8482142857142857 0.22098214285714285 0.008928571428571428 0.013392857142857142
0 0.6808035714285714 0.22544642857142858 0.006696428571428571 0.011160714285714286
0 0.6607142857142857 0.22544642857142858 0.011160714285714286 0.008928571428571428
0 0.71875 0.21205357142857142 0.024553571428571428 0.013392857142857142
0 0.8616071428571429 0.24553571428571427 0.029017857142857144 0.015625