0 0.03571428571428571 0.11160714285714286 0.022321428571428572 0.015625
0 0.05580357142857143 0.12723214285714285 0.015625 0.015625
0 0.10044642857142858 0.12723214285714285 0.015625 0.020089285714285716
0 0.09375 0.14508928571428573 0.04241071428571429 0.013392857142857142
0 0.16741071428571427 0.19866071428571427 0.015625 0.017857142857142856
0 0.25669642857142855 0.10491071428571429 0.017857142857142856 0.015625
0 0.3392857142857143 0.09375 0.015625 0.015625
0 0.33035714285714285 0.13616071428571427 0.013392857142857142 0.015625
0 0.39732142857142855 0.11160714285714286 0.022321428571428572 0.011160714285714286
0 0.421875 0.13392857142857142 0.015625 0.015625
0 0.6183035714285714 0.203125 0.015625 0.011160714285714286
0 0.484375 0.12946428571428573 0.017857142857142856 0.011160714285714286
0 0.734375 0.15848214285714285 0.015625 0.015625
0 0.7879464285714286 0.15848214285714285 0.008928571428571428 0.015625