0 0.9754464285714286 0.125 0.011160714285714286 0.013392857142857142
0 0.9375 0.18303571428571427 0.033482142857142856 0.011160714285714286
0 0.9129464285714286 0.16517857142857142 0.015625 0.020089285714285716
0 0.9308035714285714 0.15401785714285715 0.015625 0.013392857142857142
0 0.8861607142857143 0.16071428571428573 0.017857142857142856 0.011160714285714286
0 0.9017857142857143 0.1875 0.024553571428571428 0.013392857142857142
0 0.8236607142857143 0.171875 0.026785714285714284 0.015625
0 0.8839285714285714 0.19196428571428573 0.015625 0.015625
0 0.7767857142857143 0.19642857142857142 0.015625 0.013392857142857142
0 0.7142857142857143 0.22098214285714285 0.015625 0.03794642857142857
0 0.625 0.19642857142857142 0.046875 0.017857142857142856
0 0.4174107142857143 0.16294642857142858 0.013392857142857142 0.015625
0 0.36160714285714285 0.18303571428571427 0.008928571428571428 0.015625
0 0.359375 0.15848214285714285 0.013392857142857142 0.015625
0 0.3392857142857143 0.16964285714285715 0.013392857142857142 0.015625
0 0.9598214285714286 0.11830357142857142 0.022321428571428572 0.015625
0 0.004464285714285714 0.19866071428571427 0.004464285714285714 0.013392857142857142