0 0.020089285714285716 0.18080357142857142 0.013392857142857142 0.015625
0 0.008928571428571428 0.171875 0.017857142857142856 0.017857142857142856
0 0.11830357142857142 0.20535714285714285 0.017857142857142856 0.013392857142857142
0 0.19196428571428573 0.19642857142857142 0.011160714285714286 0.013392857142857142
0 0.17410714285714285 0.18973214285714285 0.015625 0.015625
0 0.234375 0.18973214285714285 0.013392857142857142 0.013392857142857142
0 0.28348214285714285 0.19642857142857142 0.011160714285714286 0.015625
0 0.359375 0.21651785714285715 0.020089285714285716 0.017857142857142856
0 0.42410714285714285 0.20982142857142858 0.011160714285714286 0.013392857142857142
0 0.484375 0.20758928571428573 0.020089285714285716 0.015625
0 0.43526785714285715 0.24107142857142858 0.017857142857142856 0.015625
0 0.4732142857142857 0.22544642857142858 0.011160714285714286 0.013392857142857142
0 0.5290178571428571 0.23883928571428573 0.013392857142857142 0.015625
0 0.8816964285714286 0.24553571428571427 0.013392857142857142 0.013392857142857142
0 0.9308035714285714 0.24553571428571427 0.008928571428571428 0.015625
0 0.9441964285714286 0.26339285714285715 0.008928571428571428 0.011160714285714286