0 0.65625 0.13169642857142858 0.013392857142857142 0.015625
0 0.6830357142857143 0.13616071428571427 0.015625 0.013392857142857142
0 0.7633928571428571 0.14285714285714285 0.013392857142857142 0.011160714285714286
0 0.8214285714285714 0.13392857142857142 0.011160714285714286 0.013392857142857142
0 0.8303571428571429 0.15401785714285715 0.029017857142857144 0.013392857142857142
0 0.8415178571428571 0.203125 0.013392857142857142 0.015625
0 0.8883928571428571 0.17633928571428573 0.008928571428571428 0.015625
0 0.9151785714285714 0.14955357142857142 0.011160714285714286 0.013392857142857142
0 0.9263392857142857 0.16517857142857142 0.006696428571428571 0.013392857142857142
0 0.9754464285714286 0.15178571428571427 0.013392857142857142 0.013392857142857142
0 0.9709821428571429 0.20089285714285715 0.017857142857142856 0.015625
0 0.9508928571428571 0.1875 0.011160714285714286 0.013392857142857142