0 0.20758928571428573 0.29017857142857145 0.024553571428571428 0.013392857142857142
0 0.265625 0.22321428571428573 0.015625 0.013392857142857142
0 0.6227678571428571 0.35044642857142855 0.020089285714285716 0.013392857142857142
0 0.7232142857142857 0.18080357142857142 0.020089285714285716 0.022321428571428572
0 0.7232142857142857 0.14955357142857142 0.020089285714285716 0.008928571428571428
0 0.765625 0.21428571428571427 0.017857142857142856 0.011160714285714286
0 0.8013392857142857 0.22321428571428573 0.013392857142857142 0.011160714285714286
0 0.8013392857142857 0.25 0.022321428571428572 0.015625
0 0.8303571428571429 0.30580357142857145 0.024553571428571428 0.011160714285714286
0 0.9508928571428571 0.27232142857142855 0.017857142857142856 0.011160714285714286
0 0.8348214285714286 0.14732142857142858 0.024553571428571428 0.011160714285714286
0 0.8638392857142857 0.16071428571428573 0.017857142857142856 0.008928571428571428
0 0.9486607142857143 0.15401785714285715 0.015625 0.011160714285714286
0 0.84375 0.1875 0.020089285714285716 0.017857142857142856