0 0.984375 0.15178571428571427 0.015625 0.008928571428571428
0 0.9754464285714286 0.13616071428571427 0.011160714285714286 0.013392857142857142
0 0.9419642857142857 0.15848214285714285 0.015625 0.015625
0 0.9397321428571429 0.18526785714285715 0.029017857142857144 0.017857142857142856
0 0.8616071428571429 0.15848214285714285 0.015625 0.013392857142857142
0 0.8035714285714286 0.16071428571428573 0.017857142857142856 0.013392857142857142
0 0.8995535714285714 0.20089285714285715 0.022321428571428572 0.011160714285714286
0 0.6339285714285714 0.15401785714285715 0.020089285714285716 0.015625
0 0.6763392857142857 0.23214285714285715 0.022321428571428572 0.013392857142857142
0 0.39955357142857145 0.23214285714285715 0.020089285714285716 0.013392857142857142
0 0.23214285714285715 0.25669642857142855 0.017857142857142856 0.015625
0 0.11830357142857142 0.19642857142857142 0.022321428571428572 0.013392857142857142
0 0.35044642857142855 0.19866071428571427 0.03794642857142857 0.015625
0 0.5558035714285714 0.16071428571428573 0.017857142857142856 0.017857142857142856
0 0.5089285714285714 0.18973214285714285 0.020089285714285716 0.013392857142857142
0 0.006696428571428571 0.20758928571428573 0.006696428571428571 0.013392857142857142