0 0.13169642857142858 0.3861607142857143 0.044642857142857144 0.013392857142857142
0 0.04017857142857143 0.16964285714285715 0.015625 0.015625
0 0.03125 0.19196428571428573 0.015625 0.008928571428571428
0 0.08035714285714286 0.203125 0.011160714285714286 0.015625
0 0.125 0.1875 0.011160714285714286 0.013392857142857142
0 0.22544642857142858 0.18303571428571427 0.017857142857142856 0.011160714285714286
0 0.29464285714285715 0.17633928571428573 0.008928571428571428 0.011160714285714286
0 0.328125 0.18526785714285715 0.011160714285714286 0.013392857142857142
0 0.42857142857142855 0.19419642857142858 0.017857142857142856 0.008928571428571428
0 0.484375 0.18973214285714285 0.013392857142857142 0.017857142857142856
0 0.43526785714285715 0.18080357142857142 0.017857142857142856 0.011160714285714286
0 0.59375 0.20089285714285715 0.008928571428571428 0.008928571428571428
0 0.6964285714285714 0.18526785714285715 0.011160714285714286 0.015625
0 0.8303571428571429 0.19642857142857142 0.008928571428571428 0.013392857142857142
0 0.9933035714285714 0.19419642857142858 0.006696428571428571 0.015625
0 0.9799107142857143 0.20535714285714285 0.008928571428571428 0.008928571428571428