0 0.11830357142857142 0.33705357142857145 0.011160714285714286 0.013392857142857142
0 0.46205357142857145 0.34598214285714285 0.03125 0.020089285714285716
0 0.546875 0.27901785714285715 0.026785714285714284 0.015625
0 0.6651785714285714 0.10044642857142858 0.017857142857142856 0.022321428571428572
0 0.6830357142857143 0.13616071428571427 0.008928571428571428 0.011160714285714286
0 0.8147321428571429 0.10491071428571429 0.015625 0.015625
0 0.8191964285714286 0.13616071428571427 0.013392857142857142 0.011160714285714286
0 0.8348214285714286 0.12053571428571429 0.011160714285714286 0.015625
0 0.8705357142857143 0.11383928571428571 0.008928571428571428 0.017857142857142856
0 0.8950892857142857 0.10267857142857142 0.015625 0.015625
0 0.9575892857142857 0.10714285714285714 0.011160714285714286 0.013392857142857142
0 0.9732142857142857 0.11383928571428571 0.011160714285714286 0.015625
0 0.9888392857142857 0.13616071428571427 0.013392857142857142 0.011160714285714286