0 0.4419642857142857 0.28125 0.026785714285714284 0.026785714285714284
0 0.38169642857142855 0.203125 0.029017857142857144 0.013392857142857142
0 0.5022321428571429 0.13169642857142858 0.04241071428571429 0.015625
0 0.34375 0.06696428571428571 0.026785714285714284 0.015625
0 0.296875 0.046875 0.015625 0.015625
0 0.2700892857142857 0.024553571428571428 0.015625 0.017857142857142856
0 0.13839285714285715 0.08258928571428571 0.022321428571428572 0.015625
0 0.49330357142857145 0.03571428571428571 0.015625 0.017857142857142856
0 0.43080357142857145 0.049107142857142856 0.011160714285714286 0.015625
0 0.39955357142857145 0.017857142857142856 0.011160714285714286 0.013392857142857142
0 0.578125 0.060267857142857144 0.015625 0.013392857142857142
0 0.6026785714285714 0.05580357142857143 0.015625 0.013392857142857142
0 0.5848214285714286 0.04241071428571429 0.013392857142857142 0.015625
0 0.609375 0.03794642857142857 0.013392857142857142 0.015625
0 0.6004464285714286 0.015625 0.011160714285714286 0.015625
0 0.7566964285714286 0.049107142857142856 0.015625 0.017857142857142856
0 0.7388392857142857 0.033482142857142856 0.017857142857142856 0.015625
0 0.8102678571428571 0.03794642857142857 0.013392857142857142 0.017857142857142856
0 0.84375 0.16517857142857142 0.011160714285714286 0.015625
0 0.8705357142857143 0.09151785714285714 0.026785714285714284 0.017857142857142856
0 0.9107142857142857 0.08705357142857142 0.011160714285714286 0.017857142857142856
0 0.8816964285714286 0.07366071428571429 0.011160714285714286 0.013392857142857142
0 0.9508928571428571 0.049107142857142856 0.015625 0.015625
0 0.9754464285714286 0.07366071428571429 0.03125 0.013392857142857142