0 0.03794642857142857 0.05580357142857143 0.015625 0.015625
0 0.011160714285714286 0.10267857142857142 0.015625 0.015625
0 0.046875 0.08035714285714286 0.015625 0.013392857142857142
0 0.09821428571428571 0.05580357142857143 0.017857142857142856 0.015625
0 0.109375 0.08482142857142858 0.011160714285714286 0.017857142857142856
0 0.08258928571428571 0.11160714285714286 0.011160714285714286 0.017857142857142856
0 0.15401785714285715 0.078125 0.015625 0.017857142857142856
0 0.234375 0.10267857142857142 0.013392857142857142 0.020089285714285716
0 0.27232142857142855 0.078125 0.020089285714285716 0.015625
0 0.20089285714285715 0.06696428571428571 0.033482142857142856 0.015625
0 0.20535714285714285 0.19196428571428573 0.03125 0.015625
0 0.33705357142857145 0.11830357142857142 0.013392857142857142 0.017857142857142856
0 0.5736607142857143 0.11160714285714286 0.013392857142857142 0.017857142857142856
0 0.7700892857142857 0.109375 0.015625 0.020089285714285716
0 0.9174107142857143 0.11830357142857142 0.017857142857142856 0.024553571428571428
0 0.8705357142857143 0.11830357142857142 0.011160714285714286 0.015625
0 0.8883928571428571 0.12053571428571429 0.011160714285714286 0.022321428571428572