0 0.5022321428571429 0.296875 0.026785714285714284 0.026785714285714284
0 0.5602678571428571 0.22098214285714285 0.026785714285714284 0.013392857142857142
0 0.4419642857142857 0.15178571428571427 0.04017857142857143 0.015625
0 0.5982142857142857 0.08928571428571429 0.026785714285714284 0.015625
0 0.6428571428571429 0.06696428571428571 0.015625 0.015625
0 0.6696428571428571 0.044642857142857144 0.015625 0.015625
0 0.796875 0.10267857142857142 0.022321428571428572 0.015625
0 0.453125 0.05580357142857143 0.015625 0.017857142857142856
0 0.5133928571428571 0.06919642857142858 0.011160714285714286 0.015625
0 0.5424107142857143 0.04017857142857143 0.011160714285714286 0.013392857142857142
0 0.36830357142857145 0.08035714285714286 0.013392857142857142 0.013392857142857142
0 0.34598214285714285 0.07589285714285714 0.015625 0.013392857142857142
0 0.36160714285714285 0.0625 0.013392857142857142 0.015625
0 0.3392857142857143 0.05803571428571429 0.013392857142857142 0.013392857142857142
0 0.3482142857142857 0.03794642857142857 0.011160714285714286 0.015625
0 0.19419642857142858 0.07142857142857142 0.015625 0.017857142857142856
0 0.21205357142857142 0.05580357142857143 0.017857142857142856 0.015625
0 0.140625 0.060267857142857144 0.013392857142857142 0.017857142857142856
0 0.109375 0.18303571428571427 0.011160714285714286 0.013392857142857142
0 0.08258928571428571 0.11160714285714286 0.024553571428571428 0.017857142857142856
0 0.04241071428571429 0.10714285714285714 0.011160714285714286 0.017857142857142856
0 0.07142857142857142 0.09375 0.011160714285714286 0.011160714285714286
0 0.006696428571428571 0.07142857142857142 0.006696428571428571 0.017857142857142856