0 0.011160714285714286 0.36160714285714285 0.022321428571428572 0.022321428571428572
0 0.6026785714285714 0.171875 0.015625 0.015625
0 0.7700892857142857 0.171875 0.011160714285714286 0.015625
0 0.8504464285714286 0.18080357142857142 0.013392857142857142 0.015625
0 0.8415178571428571 0.29464285714285715 0.026785714285714284 0.015625
0 0.9308035714285714 0.28125 0.015625 0.020089285714285716
0 0.9888392857142857 0.21205357142857142 0.013392857142857142 0.022321428571428572
0 0.9799107142857143 0.296875 0.029017857142857144 0.015625
0 0.9151785714285714 0.18303571428571427 0.015625 0.024553571428571428
0 0.7991071428571429 0.18526785714285715 0.015625 0.011160714285714286
0 0.8102678571428571 0.16964285714285715 0.011160714285714286 0.011160714285714286
0 0.8950892857142857 0.16517857142857142 0.008928571428571428 0.011160714285714286
0 0.9933035714285714 0.17633928571428573 0.006696428571428571 0.015625
0 0.9821428571428571 0.16964285714285715 0.024553571428571428 0.017857142857142856