0 0.09375 0.29910714285714285 0.024553571428571428 0.026785714285714284
0 0.31026785714285715 0.296875 0.024553571428571428 0.026785714285714284
0 0.40401785714285715 0.12723214285714285 0.013392857142857142 0.011160714285714286
0 0.5401785714285714 0.20982142857142858 0.011160714285714286 0.011160714285714286
0 0.6294642857142857 0.12946428571428573 0.033482142857142856 0.011160714285714286
0 0.6160714285714286 0.15848214285714285 0.03571428571428571 0.017857142857142856
0 0.5915178571428571 0.12723214285714285 0.020089285714285716 0.013392857142857142
0 0.7276785714285714 0.15401785714285715 0.008928571428571428 0.011160714285714286
0 0.7946428571428571 0.16294642857142858 0.008928571428571428 0.013392857142857142
0 0.8102678571428571 0.14732142857142858 0.013392857142857142 0.017857142857142856
0 0.8191964285714286 0.16964285714285715 0.022321428571428572 0.013392857142857142
0 0.8482142857142857 0.16964285714285715 0.015625 0.011160714285714286
0 0.8526785714285714 0.19196428571428573 0.013392857142857142 0.011160714285714286
0 0.8772321428571429 0.17857142857142858 0.008928571428571428 0.011160714285714286
0 0.75 0.18526785714285715 0.029017857142857144 0.011160714285714286
0 0.9508928571428571 0.17857142857142858 0.008928571428571428 0.011160714285714286
0 0.9888392857142857 0.19642857142857142 0.017857142857142856 0.008928571428571428
0 0.96875 0.22098214285714285 0.020089285714285716 0.013392857142857142
0 0.9598214285714286 0.203125 0.006696428571428571 0.011160714285714286