0 0.9151785714285714 0.14732142857142858 0.011160714285714286 0.015625
0 0.8035714285714286 0.16517857142857142 0.017857142857142856 0.013392857142857142
0 0.7700892857142857 0.15401785714285715 0.015625 0.011160714285714286
0 0.7388392857142857 0.15401785714285715 0.015625 0.013392857142857142
0 0.75 0.17410714285714285 0.013392857142857142 0.013392857142857142
0 0.6852678571428571 0.15848214285714285 0.020089285714285716 0.015625
0 0.6495535714285714 0.15401785714285715 0.015625 0.011160714285714286
0 0.5758928571428571 0.16964285714285715 0.013392857142857142 0.013392857142857142
0 0.59375 0.16071428571428573 0.017857142857142856 0.011160714285714286
0 0.5602678571428571 0.15625 0.022321428571428572 0.011160714285714286
0 0.484375 0.27455357142857145 0.022321428571428572 0.015625
0 0.48660714285714285 0.17410714285714285 0.020089285714285716 0.008928571428571428
0 0.43526785714285715 0.15401785714285715 0.033482142857142856 0.011160714285714286
0 0.47098214285714285 0.16294642857142858 0.017857142857142856 0.011160714285714286
0 0.42410714285714285 0.17857142857142858 0.015625 0.013392857142857142
0 0.34375 0.171875 0.024553571428571428 0.015625
0 0.4419642857142857 0.16741071428571427 0.022321428571428572 0.013392857142857142
0 0.12723214285714285 0.21875 0.020089285714285716 0.013392857142857142