0 0.05803571428571429 0.359375 0.015625 0.013392857142857142
0 0.4263392857142857 0.46651785714285715 0.013392857142857142 0.013392857142857142
0 0.42410714285714285 0.3638392857142857 0.026785714285714284 0.013392857142857142
0 0.7857142857142857 0.3169642857142857 0.03125 0.017857142857142856
0 0.7455357142857143 0.203125 0.015625 0.015625
0 0.6741071428571429 0.16071428571428573 0.017857142857142856 0.015625
0 0.8325892857142857 0.19196428571428573 0.015625 0.015625
0 0.828125 0.171875 0.013392857142857142 0.013392857142857142
0 0.8191964285714286 0.15848214285714285 0.011160714285714286 0.013392857142857142
0 0.8883928571428571 0.15848214285714285 0.013392857142857142 0.011160714285714286
0 0.9821428571428571 0.20758928571428573 0.013392857142857142 0.015625
0 0.9642857142857143 0.16964285714285715 0.022321428571428572 0.015625
0 0.9888392857142857 0.18080357142857142 0.008928571428571428 0.008928571428571428
0 0.9933035714285714 0.16741071428571427 0.006696428571428571 0.015625
0 0.9308035714285714 0.16294642857142858 0.008928571428571428 0.013392857142857142