0 0.5044642857142857 0.015625 0.015625 0.015625
0 0.45982142857142855 0.017857142857142856 0.020089285714285716 0.017857142857142856
0 0.21651785714285715 0.020089285714285716 0.020089285714285716 0.033482142857142856
0 0.31919642857142855 0.07589285714285714 0.017857142857142856 0.013392857142857142
0 0.39955357142857145 0.026785714285714284 0.020089285714285716 0.022321428571428572
0 0.6785714285714286 0.109375 0.03571428571428571 0.013392857142857142
0 0.6852678571428571 0.3236607142857143 0.029017857142857144 0.013392857142857142
0 0.6116071428571429 0.015625 0.011160714285714286 0.013392857142857142
0 0.49107142857142855 0.07366071428571429 0.011160714285714286 0.013392857142857142
0 0.04241071428571429 0.11383928571428571 0.024553571428571428 0.015625
0 0.029017857142857144 0.015625 0.013392857142857142 0.017857142857142856
0 0.453125 0.05803571428571429 0.03125 0.022321428571428572