0 0.9776785714285714 0.2700892857142857 0.017857142857142856 0.020089285714285716
0 0.9084821428571429 0.3013392857142857 0.024553571428571428 0.013392857142857142
0 0.9508928571428571 0.27232142857142855 0.008928571428571428 0.013392857142857142
0 0.9107142857142857 0.24330357142857142 0.033482142857142856 0.013392857142857142
0 0.8683035714285714 0.1875 0.013392857142857142 0.015625
0 0.890625 0.18526785714285715 0.022321428571428572 0.011160714285714286
0 0.8169642857142857 0.171875 0.017857142857142856 0.011160714285714286
0 0.7946428571428571 0.20089285714285715 0.011160714285714286 0.011160714285714286
0 0.75 0.18526785714285715 0.013392857142857142 0.011160714285714286
0 0.5714285714285714 0.19196428571428573 0.013392857142857142 0.017857142857142856
0 0.6785714285714286 0.34151785714285715 0.029017857142857144 0.03125
0 0.42410714285714285 0.24330357142857142 0.022321428571428572 0.011160714285714286
0 0.4017857142857143 0.22098214285714285 0.017857142857142856 0.011160714285714286
0 0.28348214285714285 0.296875 0.024553571428571428 0.011160714285714286
0 0.3125 0.18303571428571427 0.011160714285714286 0.013392857142857142