0 0.5691964285714286 0.15848214285714285 0.015625 0.017857142857142856
0 0.4955357142857143 0.16294642857142858 0.013392857142857142 0.015625
0 0.4017857142857143 0.16294642857142858 0.020089285714285716 0.015625
0 0.34598214285714285 0.16517857142857142 0.011160714285714286 0.015625
0 0.31473214285714285 0.18080357142857142 0.015625 0.015625
0 0.3169642857142857 0.27901785714285715 0.024553571428571428 0.017857142857142856
0 0.2924107142857143 0.21651785714285715 0.024553571428571428 0.013392857142857142
0 0.29464285714285715 0.171875 0.011160714285714286 0.008928571428571428
0 0.25 0.24776785714285715 0.015625 0.013392857142857142
0 0.21428571428571427 0.3125 0.044642857142857144 0.013392857142857142
0 0.22767857142857142 0.17410714285714285 0.008928571428571428 0.011160714285714286
0 0.20758928571428573 0.17410714285714285 0.017857142857142856 0.011160714285714286
0 0.21428571428571427 0.19196428571428573 0.011160714285714286 0.015625
0 0.16071428571428573 0.19196428571428573 0.013392857142857142 0.013392857142857142
0 0.13169642857142858 0.17410714285714285 0.015625 0.011160714285714286
0 0.08928571428571429 0.23214285714285715 0.008928571428571428 0.015625
0 0.078125 0.20089285714285715 0.013392857142857142 0.022321428571428572
0 0.015625 0.20535714285714285 0.013392857142857142 0.015625