0 0.9910714285714286 0.13169642857142858 0.015625 0.024553571428571428
0 0.9151785714285714 0.13169642857142858 0.020089285714285716 0.017857142857142856
0 0.90625 0.11160714285714286 0.013392857142857142 0.015625
0 0.8303571428571429 0.11607142857142858 0.015625 0.017857142857142856
0 0.9151785714285714 0.22098214285714285 0.026785714285714284 0.013392857142857142
0 0.8258928571428571 0.21651785714285715 0.024553571428571428 0.013392857142857142
0 0.78125 0.19866071428571427 0.046875 0.015625
0 0.8772321428571429 0.21205357142857142 0.015625 0.013392857142857142
0 0.8549107142857143 0.14285714285714285 0.020089285714285716 0.015625
0 0.8035714285714286 0.12946428571428573 0.013392857142857142 0.011160714285714286
0 0.7254464285714286 0.12276785714285714 0.020089285714285716 0.022321428571428572
0 0.7678571428571429 0.12946428571428573 0.011160714285714286 0.013392857142857142
0 0.5535714285714286 0.19419642857142858 0.020089285714285716 0.015625
0 0.024553571428571428 0.265625 0.020089285714285716 0.033482142857142856
0 0.2924107142857143 0.19196428571428573 0.011160714285714286 0.011160714285714286
0 0.28348214285714285 0.17410714285714285 0.029017857142857144 0.015625