0 0.03571428571428571 0.3482142857142857 0.024553571428571428 0.022321428571428572
0 0.140625 0.32142857142857145 0.022321428571428572 0.020089285714285716
0 0.2857142857142857 0.34151785714285715 0.015625 0.013392857142857142
0 0.3080357142857143 0.3125 0.022321428571428572 0.020089285714285716
0 0.6919642857142857 0.2544642857142857 0.026785714285714284 0.020089285714285716
0 0.8125 0.22544642857142858 0.017857142857142856 0.011160714285714286
0 0.8772321428571429 0.16071428571428573 0.013392857142857142 0.015625
0 0.859375 0.14955357142857142 0.013392857142857142 0.015625
0 0.7165178571428571 0.140625 0.013392857142857142 0.015625
0 0.9196428571428571 0.16517857142857142 0.026785714285714284 0.011160714285714286
0 0.9642857142857143 0.16741071428571427 0.008928571428571428 0.015625
0 0.9441964285714286 0.19642857142857142 0.011160714285714286 0.013392857142857142
0 0.9241071428571429 0.18080357142857142 0.022321428571428572 0.015625
0 0.9174107142857143 0.26339285714285715 0.03571428571428571 0.015625
0 0.9933035714285714 0.17857142857142858 0.006696428571428571 0.015625