0 0.004464285714285714 0.25669642857142855 0.006696428571428571 0.020089285714285716
0 0.03794642857142857 0.19196428571428573 0.017857142857142856 0.013392857142857142
0 0.06919642857142858 0.19866071428571427 0.017857142857142856 0.011160714285714286
0 0.10491071428571429 0.18303571428571427 0.013392857142857142 0.015625
0 0.234375 0.18526785714285715 0.015625 0.011160714285714286
0 0.37276785714285715 0.22544642857142858 0.017857142857142856 0.015625
0 0.375 0.18080357142857142 0.008928571428571428 0.011160714285714286
0 0.48214285714285715 0.21428571428571427 0.029017857142857144 0.011160714285714286
0 0.6116071428571429 0.24776785714285715 0.04241071428571429 0.015625
0 0.7232142857142857 0.22544642857142858 0.013392857142857142 0.011160714285714286
0 0.90625 0.22767857142857142 0.011160714285714286 0.011160714285714286
0 0.9620535714285714 0.22544642857142858 0.013392857142857142 0.011160714285714286