0 0.828125 0.2611607142857143 0.013392857142857142 0.015625
0 0.7008928571428571 0.15625 0.015625 0.020089285714285716
0 0.6674107142857143 0.16517857142857142 0.017857142857142856 0.015625
0 0.5491071428571429 0.16071428571428573 0.013392857142857142 0.015625
0 0.49330357142857145 0.16294642857142858 0.015625 0.013392857142857142
0 0.5892857142857143 0.26339285714285715 0.029017857142857144 0.033482142857142856
0 0.4575892857142857 0.16517857142857142 0.017857142857142856 0.015625
0 0.4330357142857143 0.16517857142857142 0.020089285714285716 0.017857142857142856
0 0.41517857142857145 0.16517857142857142 0.013392857142857142 0.017857142857142856
0 0.3861607142857143 0.16517857142857142 0.013392857142857142 0.015625
0 0.30580357142857145 0.16517857142857142 0.015625 0.017857142857142856
0 0.30580357142857145 0.21875 0.013392857142857142 0.017857142857142856
0 0.2611607142857143 0.16964285714285715 0.020089285714285716 0.017857142857142856
0 0.21651785714285715 0.16964285714285715 0.015625 0.015625
0 0.19642857142857142 0.19196428571428573 0.017857142857142856 0.020089285714285716
0 0.11160714285714286 0.16964285714285715 0.015625 0.015625
0 0.24553571428571427 0.19419642857142858 0.015625 0.013392857142857142
0 0.22321428571428573 0.20535714285714285 0.022321428571428572 0.015625
0 0.06473214285714286 0.16741071428571427 0.013392857142857142 0.013392857142857142
0 0.04241071428571429 0.18303571428571427 0.013392857142857142 0.022321428571428572
0 0.20758928571428573 0.31473214285714285 0.024553571428571428 0.020089285714285716