0 0.011160714285714286 0.2857142857142857 0.022321428571428572 0.026785714285714284
0 0.09821428571428571 0.16294642857142858 0.017857142857142856 0.022321428571428572
0 0.23660714285714285 0.25892857142857145 0.013392857142857142 0.013392857142857142
0 0.3236607142857143 0.18080357142857142 0.013392857142857142 0.017857142857142856
0 0.39732142857142855 0.17410714285714285 0.008928571428571428 0.015625
0 0.42857142857142855 0.18973214285714285 0.015625 0.017857142857142856
0 0.47098214285714285 0.17857142857142858 0.011160714285714286 0.017857142857142856
0 0.45982142857142855 0.20089285714285715 0.020089285714285716 0.013392857142857142
0 0.49330357142857145 0.18526785714285715 0.017857142857142856 0.020089285714285716
0 0.53125 0.18526785714285715 0.011160714285714286 0.017857142857142856
0 0.4575892857142857 0.25669642857142855 0.04017857142857143 0.017857142857142856
0 0.5848214285714286 0.19642857142857142 0.011160714285714286 0.013392857142857142
0 0.6852678571428571 0.18303571428571427 0.015625 0.015625
0 0.6763392857142857 0.20982142857142858 0.015625 0.015625
0 0.7410714285714286 0.18303571428571427 0.015625 0.015625
0 0.6049107142857143 0.1875 0.017857142857142856 0.015625
0 0.6540178571428571 0.34375 0.029017857142857144 0.013392857142857142
0 0.7879464285714286 0.25892857142857145 0.013392857142857142 0.013392857142857142
0 0.953125 0.28348214285714285 0.03794642857142857 0.013392857142857142
0 0.9575892857142857 0.33482142857142855 0.03794642857142857 0.013392857142857142
0 0.9397321428571429 0.21205357142857142 0.029017857142857144 0.015625
0 0.8683035714285714 0.1875 0.015625 0.013392857142857142
0 0.8772321428571429 0.20982142857142858 0.029017857142857144 0.017857142857142856
0 0.921875 0.19642857142857142 0.015625 0.015625