0 0.015625 0.20982142857142858 0.011160714285714286 0.017857142857142856
0 0.12053571428571429 0.24553571428571427 0.017857142857142856 0.015625
0 0.15625 0.21875 0.015625 0.015625
0 0.15178571428571427 0.24107142857142858 0.015625 0.013392857142857142
0 0.20535714285714285 0.23883928571428573 0.022321428571428572 0.015625
0 0.22098214285714285 0.26785714285714285 0.015625 0.011160714285714286
0 0.29017857142857145 0.25892857142857145 0.017857142857142856 0.015625
0 0.29910714285714285 0.23660714285714285 0.013392857142857142 0.013392857142857142
0 0.23214285714285715 0.24776785714285715 0.013392857142857142 0.015625
0 0.23214285714285715 0.22544642857142858 0.015625 0.029017857142857144
0 0.26785714285714285 0.21428571428571427 0.022321428571428572 0.011160714285714286
0 0.3549107142857143 0.2611607142857143 0.011160714285714286 0.020089285714285716
0 0.42857142857142855 0.26785714285714285 0.04017857142857143 0.015625
0 0.5290178571428571 0.25669642857142855 0.013392857142857142 0.017857142857142856
0 0.5714285714285714 0.24776785714285715 0.017857142857142856 0.011160714285714286
0 0.6004464285714286 0.2857142857142857 0.03571428571428571 0.017857142857142856
0 0.6763392857142857 0.26785714285714285 0.015625 0.017857142857142856
0 0.7165178571428571 0.265625 0.03571428571428571 0.013392857142857142