0 0.9598214285714286 0.0625 0.017857142857142856 0.017857142857142856
0 0.8928571428571429 0.08482142857142858 0.020089285714285716 0.013392857142857142
0 0.9017857142857143 0.06919642857142858 0.017857142857142856 0.020089285714285716
0 0.8013392857142857 0.09151785714285714 0.022321428571428572 0.017857142857142856
0 0.8191964285714286 0.11383928571428571 0.011160714285714286 0.017857142857142856
0 0.765625 0.07589285714285714 0.024553571428571428 0.020089285714285716
0 0.8169642857142857 0.07589285714285714 0.03125 0.017857142857142856
0 0.6696428571428571 0.08035714285714286 0.03794642857142857 0.020089285714285716
0 0.49776785714285715 0.07366071428571429 0.017857142857142856 0.015625
0 0.4486607142857143 0.10044642857142858 0.017857142857142856 0.022321428571428572
0 0.29017857142857145 0.07366071428571429 0.013392857142857142 0.013392857142857142
0 0.23660714285714285 0.31919642857142855 0.049107142857142856 0.022321428571428572