0 0.8526785714285714 0.27232142857142855 0.022321428571428572 0.013392857142857142
0 0.9754464285714286 0.20758928571428573 0.015625 0.022321428571428572
0 0.9933035714285714 0.203125 0.004464285714285714 0.022321428571428572
0 0.8035714285714286 0.21428571428571427 0.008928571428571428 0.013392857142857142
0 0.75 0.21875 0.024553571428571428 0.017857142857142856
0 0.65625 0.21875 0.008928571428571428 0.013392857142857142
0 0.5357142857142857 0.23883928571428573 0.022321428571428572 0.015625
0 0.3638392857142857 0.22321428571428573 0.015625 0.015625
0 0.359375 0.24330357142857142 0.015625 0.011160714285714286
0 0.4642857142857143 0.2611607142857143 0.015625 0.013392857142857142
0 0.7254464285714286 0.36830357142857145 0.011160714285714286 0.011160714285714286
0 0.27901785714285715 0.328125 0.020089285714285716 0.013392857142857142
0 0.23883928571428573 0.2767857142857143 0.022321428571428572 0.013392857142857142
0 0.12053571428571429 0.234375 0.033482142857142856 0.015625