0 0.8303571428571429 0.13169642857142858 0.03125 0.017857142857142856
0 0.8973214285714286 0.12946428571428573 0.05357142857142857 0.017857142857142856
0 0.9241071428571429 0.15178571428571427 0.015625 0.017857142857142856
0 0.9419642857142857 0.13839285714285715 0.020089285714285716 0.017857142857142856
0 0.625 0.015625 0.017857142857142856 0.022321428571428572
0 0.5647321428571429 0.04017857142857143 0.015625 0.017857142857142856
0 0.43526785714285715 0.05133928571428571 0.008928571428571428 0.017857142857142856
0 0.44419642857142855 0.022321428571428572 0.017857142857142856 0.011160714285714286
0 0.390625 0.026785714285714284 0.020089285714285716 0.013392857142857142
0 0.3549107142857143 0.024553571428571428 0.017857142857142856 0.020089285714285716
0 0.31919642857142855 0.03125 0.020089285714285716 0.022321428571428572
0 0.28125 0.033482142857142856 0.024553571428571428 0.024553571428571428
0 0.23883928571428573 0.03125 0.015625 0.022321428571428572
0 0.21205357142857142 0.05580357142857143 0.011160714285714286 0.015625
0 0.17857142857142858 0.03571428571428571 0.022321428571428572 0.017857142857142856
0 0.11830357142857142 0.033482142857142856 0.015625 0.017857142857142856
0 0.033482142857142856 0.049107142857142856 0.013392857142857142 0.011160714285714286
0 0.017857142857142856 0.03125 0.011160714285714286 0.015625