0 0.022321428571428572 0.19642857142857142 0.017857142857142856 0.013392857142857142
0 0.022321428571428572 0.17857142857142858 0.024553571428571428 0.008928571428571428
0 0.12723214285714285 0.18526785714285715 0.013392857142857142 0.015625
0 0.21428571428571427 0.24553571428571427 0.03794642857142857 0.013392857142857142
0 0.16741071428571427 0.17633928571428573 0.011160714285714286 0.011160714285714286
0 0.16741071428571427 0.19196428571428573 0.011160714285714286 0.013392857142857142
0 0.3861607142857143 0.18973214285714285 0.020089285714285716 0.011160714285714286
0 0.43526785714285715 0.21428571428571427 0.033482142857142856 0.013392857142857142
0 0.39955357142857145 0.27455357142857145 0.04241071428571429 0.013392857142857142
0 0.6049107142857143 0.21651785714285715 0.020089285714285716 0.011160714285714286
0 0.8883928571428571 0.22991071428571427 0.022321428571428572 0.024553571428571428
0 0.8415178571428571 0.25669642857142855 0.033482142857142856 0.011160714285714286
0 0.9330357142857143 0.2700892857142857 0.017857142857142856 0.008928571428571428
0 0.9955357142857143 0.21205357142857142 0.004464285714285714 0.020089285714285716