0 0.3169642857142857 0.26339285714285715 0.022321428571428572 0.013392857142857142
0 0.4419642857142857 0.31919642857142855 0.015625 0.017857142857142856
0 0.4955357142857143 0.3169642857142857 0.026785714285714284 0.020089285714285716
0 0.46651785714285715 0.20758928571428573 0.017857142857142856 0.015625
0 0.49776785714285715 0.171875 0.022321428571428572 0.013392857142857142
0 0.7589285714285714 0.15401785714285715 0.011160714285714286 0.011160714285714286
0 0.8191964285714286 0.13616071428571427 0.011160714285714286 0.011160714285714286
0 0.9017857142857143 0.14285714285714285 0.015625 0.020089285714285716
0 0.9330357142857143 0.12723214285714285 0.013392857142857142 0.015625
0 0.9375 0.16741071428571427 0.024553571428571428 0.013392857142857142
0 0.9888392857142857 0.13169642857142858 0.013392857142857142 0.017857142857142856
0 0.8370535714285714 0.23660714285714285 0.011160714285714286 0.015625
0 0.9620535714285714 0.18080357142857142 0.013392857142857142 0.011160714285714286