0 0.9866071428571429 0.1875 0.017857142857142856 0.017857142857142856
0 0.9129464285714286 0.18080357142857142 0.020089285714285716 0.013392857142857142
0 0.7633928571428571 0.19196428571428573 0.013392857142857142 0.015625
0 0.7276785714285714 0.18526785714285715 0.011160714285714286 0.011160714285714286
0 0.7321428571428571 0.20535714285714285 0.013392857142857142 0.011160714285714286
0 0.828125 0.20758928571428573 0.011160714285714286 0.008928571428571428
0 0.890625 0.20758928571428573 0.013392857142857142 0.008928571428571428
0 0.9598214285714286 0.22098214285714285 0.03125 0.022321428571428572
0 0.4375 0.35044642857142855 0.022321428571428572 0.03571428571428571
0 0.6339285714285714 0.20758928571428573 0.011160714285714286 0.008928571428571428
0 0.015625 0.20982142857142858 0.022321428571428572 0.020089285714285716