0 0.4575892857142857 0.25 0.015625 0.017857142857142856
0 0.5602678571428571 0.25892857142857145 0.024553571428571428 0.011160714285714286
0 0.5513392857142857 0.24553571428571427 0.03794642857142857 0.015625
0 0.45089285714285715 0.20535714285714285 0.022321428571428572 0.013392857142857142
0 0.3950892857142857 0.22544642857142858 0.013392857142857142 0.013392857142857142
0 0.35267857142857145 0.18080357142857142 0.020089285714285716 0.020089285714285716
0 0.20758928571428573 0.15625 0.011160714285714286 0.013392857142857142
0 0.24107142857142858 0.15625 0.017857142857142856 0.015625
0 0.23214285714285715 0.16964285714285715 0.017857142857142856 0.015625
0 0.14508928571428573 0.15848214285714285 0.011160714285714286 0.011160714285714286
0 0.109375 0.15401785714285715 0.011160714285714286 0.013392857142857142
0 0.09151785714285714 0.15401785714285715 0.011160714285714286 0.008928571428571428
0 0.12276785714285714 0.18303571428571427 0.013392857142857142 0.013392857142857142
0 0.0625 0.16964285714285715 0.015625 0.011160714285714286
0 0.03125 0.16294642857142858 0.013392857142857142 0.013392857142857142
0 0.006696428571428571 0.17410714285714285 0.011160714285714286 0.013392857142857142
0 0.029017857142857144 0.21428571428571427 0.03794642857142857 0.013392857142857142