0 0.004464285714285714 0.12276785714285714 0.006696428571428571 0.015625
0 0.06696428571428571 0.109375 0.011160714285714286 0.017857142857142856
0 0.10714285714285714 0.12053571428571429 0.013392857142857142 0.017857142857142856
0 0.08035714285714286 0.12053571428571429 0.022321428571428572 0.015625
0 0.20982142857142858 0.11383928571428571 0.013392857142857142 0.013392857142857142
0 0.18526785714285715 0.16964285714285715 0.015625 0.017857142857142856
0 0.21205357142857142 0.15178571428571427 0.015625 0.020089285714285716
0 0.15625 0.11830357142857142 0.026785714285714284 0.013392857142857142
0 0.31473214285714285 0.13839285714285715 0.015625 0.017857142857142856
0 0.24776785714285715 0.13392857142857142 0.033482142857142856 0.015625
0 0.375 0.18526785714285715 0.011160714285714286 0.017857142857142856
0 0.41964285714285715 0.18973214285714285 0.013392857142857142 0.017857142857142856
0 0.390625 0.16741071428571427 0.020089285714285716 0.013392857142857142
0 0.5133928571428571 0.14285714285714285 0.020089285714285716 0.015625
0 0.5089285714285714 0.20982142857142858 0.015625 0.013392857142857142
0 0.6183035714285714 0.20089285714285715 0.03571428571428571 0.015625
0 0.6741071428571429 0.1875 0.015625 0.013392857142857142
0 0.7321428571428571 0.18526785714285715 0.015625 0.015625
0 0.5870535714285714 0.18080357142857142 0.011160714285714286 0.013392857142857142
0 0.8348214285714286 0.17410714285714285 0.008928571428571428 0.020089285714285716
0 0.07142857142857142 0.31026785714285715 0.013392857142857142 0.026785714285714284