0 0.9598214285714286 0.10491071428571429 0.011160714285714286 0.015625
0 0.8950892857142857 0.09598214285714286 0.013392857142857142 0.017857142857142856
0 0.8816964285714286 0.09821428571428571 0.011160714285714286 0.015625
0 0.8660714285714286 0.10714285714285714 0.011160714285714286 0.015625
0 0.8459821428571429 0.10267857142857142 0.013392857142857142 0.017857142857142856
0 0.8236607142857143 0.09821428571428571 0.011160714285714286 0.015625
0 0.7410714285714286 0.15178571428571427 0.013392857142857142 0.015625
0 0.7879464285714286 0.10714285714285714 0.013392857142857142 0.013392857142857142
0 0.7857142857142857 0.12723214285714285 0.015625 0.013392857142857142
0 0.7723214285714286 0.109375 0.008928571428571428 0.015625
0 0.7366071428571429 0.10714285714285714 0.011160714285714286 0.017857142857142856
0 0.71875 0.11383928571428571 0.017857142857142856 0.015625
0 0.6026785714285714 0.12723214285714285 0.017857142857142856 0.017857142857142856
0 0.5714285714285714 0.140625 0.017857142857142856 0.015625
0 0.5446428571428571 0.140625 0.011160714285714286 0.017857142857142856
0 0.5200892857142857 0.13169642857142858 0.008928571428571428 0.013392857142857142
0 0.5 0.125 0.013392857142857142 0.013392857142857142
0 0.8459821428571429 0.21875 0.013392857142857142 0.013392857142857142
0 0.265625 0.15178571428571427 0.013392857142857142 0.017857142857142856
0 0.22098214285714285 0.15178571428571427 0.011160714285714286 0.015625
0 0.21651785714285715 0.13392857142857142 0.015625 0.015625
0 0.25669642857142855 0.24330357142857142 0.017857142857142856 0.013392857142857142
0 0.029017857142857144 0.13616071428571427 0.011160714285714286 0.015625