0 0.011160714285714286 0.23214285714285715 0.022321428571428572 0.022321428571428572
0 0.03125 0.14285714285714285 0.026785714285714284 0.013392857142857142
0 0.026785714285714284 0.18080357142857142 0.026785714285714284 0.017857142857142856
0 0.046875 0.16294642857142858 0.015625 0.008928571428571428
0 0.12946428571428573 0.04017857142857143 0.015625 0.015625
0 0.16294642857142858 0.18973214285714285 0.013392857142857142 0.013392857142857142
0 0.23660714285714285 0.13392857142857142 0.013392857142857142 0.011160714285714286
0 0.25 0.14955357142857142 0.026785714285714284 0.013392857142857142
0 0.20982142857142858 0.1875 0.020089285714285716 0.017857142857142856
0 0.328125 0.06919642857142858 0.022321428571428572 0.015625
0 0.4486607142857143 0.12723214285714285 0.011160714285714286 0.013392857142857142
0 0.5803571428571429 0.09598214285714286 0.015625 0.013392857142857142
0 0.5223214285714286 0.13169642857142858 0.008928571428571428 0.011160714285714286
0 0.328125 0.17633928571428573 0.008928571428571428 0.011160714285714286
0 0.7678571428571429 0.10491071428571429 0.013392857142857142 0.015625
0 0.8928571428571429 0.10491071428571429 0.020089285714285716 0.011160714285714286