0 0.953125 0.3125 0.024553571428571428 0.015625
0 0.9642857142857143 0.27455357142857145 0.011160714285714286 0.015625
0 0.9308035714285714 0.234375 0.024553571428571428 0.013392857142857142
0 0.9330357142857143 0.26785714285714285 0.024553571428571428 0.015625
0 0.9174107142857143 0.25223214285714285 0.013392857142857142 0.008928571428571428
0 0.84375 0.14285714285714285 0.013392857142857142 0.013392857142857142
0 0.8125 0.27455357142857145 0.011160714285714286 0.011160714285714286
0 0.7477678571428571 0.22544642857142858 0.013392857142857142 0.008928571428571428
0 0.734375 0.23883928571428573 0.024553571428571428 0.011160714285714286
0 0.7700892857142857 0.27455357142857145 0.017857142857142856 0.015625
0 0.6629464285714286 0.16741071428571427 0.020089285714285716 0.015625
0 0.5558035714285714 0.22098214285714285 0.008928571428571428 0.011160714285714286
0 0.4375 0.19196428571428573 0.015625 0.011160714285714286
0 0.4888392857142857 0.22321428571428573 0.008928571428571428 0.011160714285714286
0 0.6629464285714286 0.26339285714285715 0.006696428571428571 0.008928571428571428
0 0.2700892857142857 0.20089285714285715 0.013392857142857142 0.015625
0 0.15848214285714285 0.20089285714285715 0.017857142857142856 0.011160714285714286
0 0.049107142857142856 0.21205357142857142 0.03125 0.013392857142857142
0 0.006696428571428571 0.22991071428571427 0.006696428571428571 0.013392857142857142