0 0.33035714285714285 0.09151785714285714 0.015625 0.017857142857142856
0 0.5290178571428571 0.20089285714285715 0.011160714285714286 0.017857142857142856
0 0.4955357142857143 0.265625 0.029017857142857144 0.013392857142857142
0 0.40625 0.26785714285714285 0.029017857142857144 0.013392857142857142
0 0.2700892857142857 0.2924107142857143 0.026785714285714284 0.029017857142857144
0 0.27232142857142855 0.203125 0.04017857142857143 0.011160714285714286
0 0.22544642857142858 0.18973214285714285 0.015625 0.011160714285714286
0 0.22321428571428573 0.171875 0.015625 0.015625
0 0.19642857142857142 0.14732142857142858 0.020089285714285716 0.013392857142857142
0 0.22321428571428573 0.11160714285714286 0.011160714285714286 0.011160714285714286
0 0.14955357142857142 0.10714285714285714 0.013392857142857142 0.015625
0 0.06696428571428571 0.12276785714285714 0.011160714285714286 0.013392857142857142
0 0.024553571428571428 0.15401785714285715 0.013392857142857142 0.015625
0 0.017857142857142856 0.10714285714285714 0.011160714285714286 0.013392857142857142