0 0.9285714285714286 0.16294642857142858 0.022321428571428572 0.013392857142857142
0 0.8348214285714286 0.21428571428571427 0.013392857142857142 0.008928571428571428
0 0.8325892857142857 0.17410714285714285 0.022321428571428572 0.011160714285714286
0 0.7946428571428571 0.17410714285714285 0.017857142857142856 0.015625
0 0.7678571428571429 0.20758928571428573 0.015625 0.015625
0 0.734375 0.171875 0.013392857142857142 0.013392857142857142
0 0.7098214285714286 0.171875 0.013392857142857142 0.011160714285714286
0 0.6383928571428571 0.17633928571428573 0.013392857142857142 0.013392857142857142
0 0.5982142857142857 0.17633928571428573 0.011160714285714286 0.013392857142857142
0 0.6696428571428571 0.18526785714285715 0.008928571428571428 0.013392857142857142
0 0.5825892857142857 0.19642857142857142 0.022321428571428572 0.011160714285714286
0 0.5513392857142857 0.17633928571428573 0.011160714285714286 0.011160714285714286
0 0.5245535714285714 0.19866071428571427 0.011160714285714286 0.013392857142857142
0 0.45982142857142855 0.20535714285714285 0.011160714285714286 0.011160714285714286
0 0.4107142857142857 0.21651785714285715 0.008928571428571428 0.020089285714285716
0 0.36607142857142855 0.21651785714285715 0.011160714285714286 0.011160714285714286
0 0.3236607142857143 0.19642857142857142 0.011160714285714286 0.013392857142857142
0 0.203125 0.20758928571428573 0.011160714285714286 0.013392857142857142
0 0.15401785714285715 0.23883928571428573 0.024553571428571428 0.008928571428571428
0 0.10714285714285714 0.20982142857142858 0.022321428571428572 0.013392857142857142
0 0.35267857142857145 0.3169642857142857 0.020089285714285716 0.011160714285714286