0 0.8816964285714286 0.33035714285714285 0.03125 0.015625
0 0.8504464285714286 0.3125 0.020089285714285716 0.020089285714285716
0 0.7209821428571429 0.31473214285714285 0.020089285714285716 0.022321428571428572
0 0.20758928571428573 0.23883928571428573 0.026785714285714284 0.013392857142857142
0 0.3482142857142857 0.20089285714285715 0.04017857142857143 0.015625
0 0.22767857142857142 0.34375 0.026785714285714284 0.020089285714285716
0 0.10044642857142858 0.27232142857142855 0.020089285714285716 0.020089285714285716
0 0.008928571428571428 0.20535714285714285 0.011160714285714286 0.017857142857142856
0 0.046875 0.17633928571428573 0.011160714285714286 0.013392857142857142
0 0.049107142857142856 0.11830357142857142 0.017857142857142856 0.015625
0 0.07589285714285714 0.16517857142857142 0.013392857142857142 0.017857142857142856
0 0.08928571428571429 0.09598214285714286 0.008928571428571428 0.011160714285714286