0 0.9732142857142857 0.16964285714285715 0.008928571428571428 0.013392857142857142
0 0.9330357142857143 0.1875 0.006696428571428571 0.015625
0 0.7857142857142857 0.20982142857142858 0.008928571428571428 0.011160714285714286
0 0.7544642857142857 0.17633928571428573 0.024553571428571428 0.015625
0 0.7366071428571429 0.1875 0.015625 0.011160714285714286
0 0.7053571428571429 0.18303571428571427 0.011160714285714286 0.013392857142857142
0 0.6741071428571429 0.17857142857142858 0.015625 0.013392857142857142
0 0.5669642857142857 0.203125 0.015625 0.013392857142857142
0 0.4017857142857143 0.21875 0.017857142857142856 0.017857142857142856
0 0.18303571428571427 0.22544642857142858 0.015625 0.015625
0 0.49107142857142855 0.21651785714285715 0.013392857142857142 0.006696428571428571