0 0.21205357142857142 0.26339285714285715 0.017857142857142856 0.022321428571428572
0 0.45535714285714285 0.26339285714285715 0.022321428571428572 0.015625
0 0.8861607142857143 0.18303571428571427 0.017857142857142856 0.011160714285714286
0 0.8816964285714286 0.16964285714285715 0.020089285714285716 0.011160714285714286
0 0.921875 0.11383928571428571 0.011160714285714286 0.017857142857142856
0 0.953125 0.10267857142857142 0.011160714285714286 0.015625
0 0.9151785714285714 0.078125 0.013392857142857142 0.015625
0 0.875 0.078125 0.015625 0.015625
0 0.8839285714285714 0.08482142857142858 0.013392857142857142 0.013392857142857142
0 0.8080357142857143 0.07589285714285714 0.020089285714285716 0.013392857142857142
0 0.7455357142857143 0.08258928571428571 0.03794642857142857 0.013392857142857142
0 0.9888392857142857 0.109375 0.013392857142857142 0.024553571428571428