0 0.17410714285714285 0.19642857142857142 0.008928571428571428 0.011160714285714286
0 0.20535714285714285 0.17857142857142858 0.03125 0.011160714285714286
0 0.26339285714285715 0.17857142857142858 0.011160714285714286 0.013392857142857142
0 0.23883928571428573 0.19866071428571427 0.024553571428571428 0.008928571428571428
0 0.3169642857142857 0.18973214285714285 0.013392857142857142 0.013392857142857142
0 0.296875 0.18080357142857142 0.008928571428571428 0.013392857142857142
0 0.33035714285714285 0.171875 0.008928571428571428 0.008928571428571428
0 0.40625 0.17857142857142858 0.013392857142857142 0.015625
0 0.4955357142857143 0.18303571428571427 0.020089285714285716 0.013392857142857142
0 0.59375 0.18080357142857142 0.026785714285714284 0.015625
0 0.5491071428571429 0.17410714285714285 0.033482142857142856 0.013392857142857142
0 0.8928571428571429 0.19196428571428573 0.013392857142857142 0.022321428571428572