0 0.23660714285714285 0.17410714285714285 0.013392857142857142 0.013392857142857142
0 0.28794642857142855 0.171875 0.015625 0.017857142857142856
0 0.33482142857142855 0.17857142857142858 0.008928571428571428 0.011160714285714286
0 0.3482142857142857 0.18080357142857142 0.008928571428571428 0.015625
0 0.36830357142857145 0.21651785714285715 0.015625 0.017857142857142856
0 0.40401785714285715 0.25 0.013392857142857142 0.013392857142857142
0 0.43080357142857145 0.17410714285714285 0.013392857142857142 0.013392857142857142
0 0.40401785714285715 0.17633928571428573 0.015625 0.011160714285714286
0 0.375 0.17410714285714285 0.015625 0.008928571428571428
0 0.47544642857142855 0.17633928571428573 0.008928571428571428 0.013392857142857142
0 0.45089285714285715 0.19866071428571427 0.008928571428571428 0.011160714285714286
0 0.49330357142857145 0.17633928571428573 0.011160714285714286 0.015625
0 0.5513392857142857 0.17633928571428573 0.008928571428571428 0.013392857142857142
0 0.71875 0.20535714285714285 0.020089285714285716 0.011160714285714286
0 0.7232142857142857 0.18303571428571427 0.011160714285714286 0.011160714285714286
0 0.8236607142857143 0.19642857142857142 0.013392857142857142 0.011160714285714286