0 0.017857142857142856 0.109375 0.008928571428571428 0.013392857142857142
0 0.21875 0.12276785714285714 0.013392857142857142 0.015625
0 0.140625 0.20758928571428573 0.017857142857142856 0.011160714285714286
0 0.16964285714285715 0.13169642857142858 0.013392857142857142 0.013392857142857142
0 0.16964285714285715 0.10491071428571429 0.013392857142857142 0.013392857142857142
0 0.11830357142857142 0.10714285714285714 0.008928571428571428 0.013392857142857142
0 0.08705357142857142 0.09821428571428571 0.011160714285714286 0.013392857142857142
0 0.08928571428571429 0.11607142857142858 0.011160714285714286 0.013392857142857142
0 0.05580357142857143 0.11160714285714286 0.011160714285714286 0.011160714285714286
0 0.06473214285714286 0.12276785714285714 0.013392857142857142 0.011160714285714286
0 0.27232142857142855 0.14508928571428573 0.011160714285714286 0.015625
0 0.33035714285714285 0.12723214285714285 0.017857142857142856 0.017857142857142856
0 0.3638392857142857 0.14955357142857142 0.013392857142857142 0.017857142857142856
0 0.4107142857142857 0.140625 0.008928571428571428 0.011160714285714286
0 0.42410714285714285 0.15178571428571427 0.011160714285714286 0.013392857142857142
0 0.46651785714285715 0.14508928571428573 0.013392857142857142 0.013392857142857142
0 0.4732142857142857 0.16517857142857142 0.015625 0.013392857142857142
0 0.6495535714285714 0.17857142857142858 0.022321428571428572 0.013392857142857142
0 0.8772321428571429 0.21205357142857142 0.033482142857142856 0.013392857142857142
0 0.9330357142857143 0.20982142857142858 0.011160714285714286 0.011160714285714286