0 0.008928571428571428 0.18526785714285715 0.015625 0.011160714285714286
0 0.017857142857142856 0.21205357142857142 0.022321428571428572 0.013392857142857142
0 0.024553571428571428 0.22544642857142858 0.017857142857142856 0.008928571428571428
0 0.046875 0.20535714285714285 0.011160714285714286 0.013392857142857142
0 0.05357142857142857 0.18526785714285715 0.008928571428571428 0.013392857142857142
0 0.08035714285714286 0.19866071428571427 0.015625 0.013392857142857142
0 0.12053571428571429 0.19196428571428573 0.015625 0.011160714285714286
0 0.11830357142857142 0.21428571428571427 0.024553571428571428 0.013392857142857142
0 0.22544642857142858 0.19196428571428573 0.013392857142857142 0.013392857142857142
0 0.21428571428571427 0.25223214285714285 0.020089285714285716 0.020089285714285716
0 0.46205357142857145 0.21875 0.026785714285714284 0.008928571428571428
0 0.6316964285714286 0.20758928571428573 0.033482142857142856 0.013392857142857142
0 0.5602678571428571 0.23883928571428573 0.013392857142857142 0.008928571428571428
0 0.47544642857142855 0.24553571428571427 0.011160714285714286 0.008928571428571428
0 0.6183035714285714 0.33035714285714285 0.017857142857142856 0.011160714285714286
0 0.6941964285714286 0.2767857142857143 0.022321428571428572 0.015625
0 0.7834821428571429 0.22321428571428573 0.024553571428571428 0.011160714285714286