0 0.10044642857142858 0.12276785714285714 0.011160714285714286 0.015625
0 0.11160714285714286 0.12723214285714285 0.011160714285714286 0.013392857142857142
0 0.14285714285714285 0.125 0.015625 0.015625
0 0.18080357142857142 0.12723214285714285 0.011160714285714286 0.013392857142857142
0 0.16071428571428573 0.16964285714285715 0.013392857142857142 0.008928571428571428
0 0.23660714285714285 0.12053571428571429 0.015625 0.015625
0 0.27901785714285715 0.11830357142857142 0.008928571428571428 0.013392857142857142
0 0.33035714285714285 0.13392857142857142 0.017857142857142856 0.013392857142857142
0 0.33482142857142855 0.15848214285714285 0.008928571428571428 0.013392857142857142
0 0.43526785714285715 0.13169642857142858 0.026785714285714284 0.013392857142857142
0 0.5133928571428571 0.14955357142857142 0.022321428571428572 0.020089285714285716
0 0.5 0.125 0.013392857142857142 0.011160714285714286
0 0.5758928571428571 0.15401785714285715 0.03571428571428571 0.013392857142857142
0 0.6272321428571429 0.15401785714285715 0.011160714285714286 0.013392857142857142
0 0.6674107142857143 0.14285714285714285 0.013392857142857142 0.015625
0 0.6919642857142857 0.17857142857142858 0.03571428571428571 0.013392857142857142
0 0.7477678571428571 0.15178571428571427 0.017857142857142856 0.015625
0 0.6473214285714286 0.12946428571428573 0.013392857142857142 0.011160714285714286
0 0.9598214285714286 0.16294642857142858 0.013392857142857142 0.015625