0 0.796875 0.14732142857142858 0.015625 0.020089285714285716
0 0.6651785714285714 0.21428571428571427 0.011160714285714286 0.013392857142857142
0 0.5290178571428571 0.25892857142857145 0.013392857142857142 0.017857142857142856
0 0.5736607142857143 0.15625 0.026785714285714284 0.015625
0 0.5133928571428571 0.16294642857142858 0.011160714285714286 0.015625
0 0.41964285714285715 0.16071428571428573 0.011160714285714286 0.017857142857142856
0 0.4575892857142857 0.2544642857142857 0.011160714285714286 0.017857142857142856
0 0.49776785714285715 0.203125 0.020089285714285716 0.013392857142857142
0 0.45089285714285715 0.16071428571428573 0.017857142857142856 0.011160714285714286
0 0.4330357142857143 0.15178571428571427 0.017857142857142856 0.015625
0 0.31026785714285715 0.16517857142857142 0.015625 0.020089285714285716
0 0.24107142857142858 0.19866071428571427 0.011160714285714286 0.017857142857142856
0 0.27455357142857145 0.16294642857142858 0.008928571428571428 0.013392857142857142
0 0.203125 0.18973214285714285 0.013392857142857142 0.011160714285714286
0 0.21428571428571427 0.17633928571428573 0.013392857142857142 0.017857142857142856
0 0.203125 0.25 0.029017857142857144 0.013392857142857142
0 0.140625 0.24553571428571427 0.029017857142857144 0.017857142857142856
0 0.06696428571428571 0.17857142857142858 0.026785714285714284 0.015625
0 0.8459821428571429 0.40848214285714285 0.020089285714285716 0.013392857142857142