0 0.22321428571428573 0.17410714285714285 0.024553571428571428 0.013392857142857142
0 0.2857142857142857 0.10491071428571429 0.015625 0.013392857142857142
0 0.6540178571428571 0.23660714285714285 0.022321428571428572 0.013392857142857142
0 0.7544642857142857 0.0625 0.022321428571428572 0.022321428571428572
0 0.7544642857142857 0.03125 0.022321428571428572 0.008928571428571428
0 0.7991071428571429 0.09821428571428571 0.020089285714285716 0.011160714285714286
0 0.8348214285714286 0.10491071428571429 0.013392857142857142 0.013392857142857142
0 0.8370535714285714 0.13169642857142858 0.022321428571428572 0.015625
0 0.8660714285714286 0.19196428571428573 0.024553571428571428 0.011160714285714286
0 0.9888392857142857 0.15625 0.013392857142857142 0.017857142857142856
0 0.8705357142857143 0.026785714285714284 0.024553571428571428 0.011160714285714286
0 0.8995535714285714 0.04241071428571429 0.017857142857142856 0.008928571428571428
0 0.9866071428571429 0.03571428571428571 0.017857142857142856 0.013392857142857142
0 0.8794642857142857 0.06919642857142858 0.022321428571428572 0.020089285714285716