0 0.21205357142857142 0.13616071428571427 0.013392857142857142 0.013392857142857142
0 0.265625 0.13392857142857142 0.015625 0.017857142857142856
0 0.3169642857142857 0.14285714285714285 0.008928571428571428 0.013392857142857142
0 0.33035714285714285 0.14508928571428573 0.011160714285714286 0.015625
0 0.35044642857142855 0.18080357142857142 0.017857142857142856 0.020089285714285716
0 0.38839285714285715 0.21651785714285715 0.015625 0.013392857142857142
0 0.41517857142857145 0.13616071428571427 0.013392857142857142 0.013392857142857142
0 0.38839285714285715 0.13839285714285715 0.015625 0.013392857142857142
0 0.35714285714285715 0.13839285714285715 0.017857142857142856 0.008928571428571428
0 0.46205357142857145 0.13839285714285715 0.008928571428571428 0.013392857142857142
0 0.4375 0.16294642857142858 0.008928571428571428 0.011160714285714286
0 0.48214285714285715 0.140625 0.013392857142857142 0.015625
0 0.5424107142857143 0.140625 0.008928571428571428 0.013392857142857142
0 0.71875 0.16964285714285715 0.020089285714285716 0.011160714285714286
0 0.7232142857142857 0.14508928571428573 0.013392857142857142 0.013392857142857142
0 0.828125 0.16071428571428573 0.013392857142857142 0.011160714285714286