0 0.9174107142857143 0.25892857142857145 0.03571428571428571 0.015625
0 0.5245535714285714 0.2924107142857143 0.04241071428571429 0.022321428571428572
0 0.8705357142857143 0.16517857142857142 0.011160714285714286 0.015625
0 0.828125 0.18303571428571427 0.020089285714285716 0.017857142857142856
0 0.6138392857142857 0.203125 0.020089285714285716 0.029017857142857144
0 0.49776785714285715 0.17857142857142858 0.024553571428571428 0.026785714285714284
0 0.38169642857142855 0.15401785714285715 0.017857142857142856 0.013392857142857142
0 0.109375 0.27455357142857145 0.013392857142857142 0.015625
0 0.08928571428571429 0.19642857142857142 0.015625 0.015625
0 0.21428571428571427 0.15401785714285715 0.008928571428571428 0.013392857142857142
0 0.38392857142857145 0.3861607142857143 0.029017857142857144 0.015625