0 0.703125 0.3325892857142857 0.024553571428571428 0.022321428571428572
0 0.5959821428571429 0.24776785714285715 0.026785714285714284 0.033482142857142856
0 0.13169642857142858 0.109375 0.011160714285714286 0.017857142857142856
0 0.17633928571428573 0.11160714285714286 0.015625 0.020089285714285716
0 0.21875 0.11607142857142858 0.013392857142857142 0.015625
0 0.25 0.09598214285714286 0.013392857142857142 0.022321428571428572
0 0.29464285714285715 0.11160714285714286 0.015625 0.015625
0 0.32589285714285715 0.09598214285714286 0.011160714285714286 0.017857142857142856
0 0.25223214285714285 0.16294642857142858 0.024553571428571428 0.011160714285714286
0 0.3325892857142857 0.13839285714285715 0.013392857142857142 0.015625
0 0.36160714285714285 0.11383928571428571 0.015625 0.015625
0 0.3861607142857143 0.109375 0.013392857142857142 0.017857142857142856
0 0.41294642857142855 0.11383928571428571 0.017857142857142856 0.020089285714285716
0 0.4107142857142857 0.13839285714285715 0.015625 0.013392857142857142
0 0.46205357142857145 0.11607142857142858 0.015625 0.017857142857142856
0 0.5200892857142857 0.109375 0.020089285714285716 0.017857142857142856
0 0.5491071428571429 0.13616071428571427 0.017857142857142856 0.024553571428571428
0 0.484375 0.16071428571428573 0.029017857142857144 0.013392857142857142
0 0.5982142857142857 0.14732142857142858 0.011160714285714286 0.017857142857142856
0 0.9263392857142857 0.14285714285714285 0.026785714285714284 0.017857142857142856