0 0.9866071428571429 0.1875 0.024553571428571428 0.011160714285714286
0 0.96875 0.17410714285714285 0.029017857142857144 0.011160714285714286
0 0.9642857142857143 0.16294642857142858 0.033482142857142856 0.013392857142857142
0 0.9308035714285714 0.15178571428571427 0.011160714285714286 0.011160714285714286
0 0.8549107142857143 0.17857142857142858 0.008928571428571428 0.008928571428571428
0 0.7611607142857143 0.171875 0.026785714285714284 0.011160714285714286
0 0.7611607142857143 0.1875 0.017857142857142856 0.013392857142857142
0 0.5915178571428571 0.19419642857142858 0.013392857142857142 0.013392857142857142
0 0.59375 0.22991071428571427 0.015625 0.008928571428571428
0 0.6361607142857143 0.421875 0.015625 0.022321428571428572
0 0.42857142857142855 0.18973214285714285 0.013392857142857142 0.011160714285714286
0 0.44642857142857145 0.19196428571428573 0.011160714285714286 0.008928571428571428
0 0.46205357142857145 0.203125 0.011160714285714286 0.011160714285714286
0 0.1875 0.19419642857142858 0.03125 0.013392857142857142
0 0.14285714285714285 0.20535714285714285 0.020089285714285716 0.015625
0 0.08705357142857142 0.20982142857142858 0.029017857142857144 0.011160714285714286