0 0.9933035714285714 0.0625 0.004464285714285714 0.017857142857142856
0 0.96875 0.020089285714285716 0.015625 0.015625
0 0.8482142857142857 0.03125 0.024553571428571428 0.015625
0 0.8303571428571429 0.06696428571428571 0.017857142857142856 0.017857142857142856
0 0.8013392857142857 0.046875 0.013392857142857142 0.015625
0 0.828125 0.017857142857142856 0.008928571428571428 0.011160714285714286
0 0.7455357142857143 0.0625 0.03794642857142857 0.015625
0 0.7053571428571429 0.04241071428571429 0.017857142857142856 0.013392857142857142
0 0.59375 0.05357142857142857 0.013392857142857142 0.020089285714285716
0 0.5691964285714286 0.03125 0.024553571428571428 0.015625
0 0.6138392857142857 0.08258928571428571 0.013392857142857142 0.008928571428571428
0 0.28348214285714285 0.06919642857142858 0.020089285714285716 0.020089285714285716
0 0.3392857142857143 0.060267857142857144 0.03125 0.013392857142857142
0 0.13169642857142858 0.04017857142857143 0.015625 0.017857142857142856