0 0.9196428571428571 0.3236607142857143 0.033482142857142856 0.015625
0 0.875 0.234375 0.020089285714285716 0.017857142857142856
0 0.8839285714285714 0.16294642857142858 0.011160714285714286 0.022321428571428572
0 0.7991071428571429 0.18303571428571427 0.024553571428571428 0.015625
0 0.6763392857142857 0.16071428571428573 0.008928571428571428 0.011160714285714286
0 0.6205357142857143 0.16071428571428573 0.006696428571428571 0.013392857142857142
0 0.5758928571428571 0.18973214285714285 0.022321428571428572 0.008928571428571428
0 0.49776785714285715 0.16741071428571427 0.020089285714285716 0.011160714285714286
0 0.7433035714285714 0.19866071428571427 0.029017857142857144 0.015625
0 0.35714285714285715 0.21875 0.015625 0.020089285714285716
0 0.3013392857142857 0.21875 0.033482142857142856 0.015625
0 0.24330357142857142 0.22767857142857142 0.029017857142857144 0.013392857142857142
0 0.20535714285714285 0.18080357142857142 0.011160714285714286 0.013392857142857142
0 0.16964285714285715 0.17633928571428573 0.015625 0.017857142857142856
0 0.2857142857142857 0.17857142857142858 0.011160714285714286 0.015625
0 0.046875 0.16741071428571427 0.022321428571428572 0.013392857142857142