0 0.4575892857142857 0.22321428571428573 0.017857142857142856 0.017857142857142856
0 0.5669642857142857 0.23214285714285715 0.026785714285714284 0.011160714285714286
0 0.5558035714285714 0.21875 0.04017857142857143 0.015625
0 0.45089285714285715 0.17633928571428573 0.022321428571428572 0.015625
0 0.39285714285714285 0.19642857142857142 0.015625 0.013392857142857142
0 0.3482142857142857 0.14955357142857142 0.022321428571428572 0.020089285714285716
0 0.19419642857142858 0.12276785714285714 0.011160714285714286 0.013392857142857142
0 0.22991071428571427 0.125 0.017857142857142856 0.017857142857142856
0 0.22098214285714285 0.13839285714285715 0.017857142857142856 0.015625
0 0.12946428571428573 0.125 0.013392857142857142 0.011160714285714286
0 0.09151785714285714 0.12276785714285714 0.011160714285714286 0.013392857142857142
0 0.07366071428571429 0.12053571428571429 0.013392857142857142 0.008928571428571428
0 0.10491071428571429 0.15401785714285715 0.015625 0.013392857142857142
0 0.04241071428571429 0.13839285714285715 0.017857142857142856 0.011160714285714286
0 0.008928571428571428 0.12946428571428573 0.013392857142857142 0.013392857142857142
0 0.015625 0.1875 0.022321428571428572 0.013392857142857142