0 0.18080357142857142 0.33482142857142855 0.011160714285714286 0.015625
0 0.32589285714285715 0.328125 0.013392857142857142 0.013392857142857142
0 0.20535714285714285 0.26339285714285715 0.015625 0.015625
0 0.28794642857142855 0.16517857142857142 0.015625 0.017857142857142856
0 0.40401785714285715 0.2611607142857143 0.020089285714285716 0.008928571428571428
0 0.390625 0.16741071428571427 0.008928571428571428 0.015625
0 0.3392857142857143 0.22098214285714285 0.013392857142857142 0.013392857142857142
0 0.28794642857142855 0.29464285714285715 0.022321428571428572 0.013392857142857142
0 0.3013392857142857 0.2767857142857143 0.015625 0.015625
0 0.3169642857142857 0.26785714285714285 0.029017857142857144 0.013392857142857142
0 0.5290178571428571 0.203125 0.013392857142857142 0.015625
0 0.5736607142857143 0.19196428571428573 0.017857142857142856 0.013392857142857142
0 0.609375 0.17410714285714285 0.011160714285714286 0.008928571428571428
0 0.625 0.18526785714285715 0.013392857142857142 0.015625
0 0.6540178571428571 0.22991071428571427 0.008928571428571428 0.015625
0 0.6830357142857143 0.22544642857142858 0.015625 0.015625
0 0.6830357142857143 0.171875 0.013392857142857142 0.011160714285714286
0 0.6875 0.19419642857142858 0.03125 0.011160714285714286
0 0.5379464285714286 0.171875 0.017857142857142856 0.013392857142857142
0 0.8058035714285714 0.20089285714285715 0.013392857142857142 0.013392857142857142
0 0.8125 0.23883928571428573 0.026785714285714284 0.011160714285714286
0 0.7857142857142857 0.25223214285714285 0.024553571428571428 0.013392857142857142
0 0.8973214285714286 0.22991071428571427 0.03571428571428571 0.013392857142857142
0 0.4419642857142857 0.17633928571428573 0.020089285714285716 0.013392857142857142