0 0.9799107142857143 0.09151785714285714 0.03125 0.022321428571428572
0 0.9642857142857143 0.06696428571428571 0.015625 0.020089285714285716
0 0.9821428571428571 0.05803571428571429 0.015625 0.015625
0 0.9375 0.06473214285714286 0.017857142857142856 0.011160714285714286
0 0.9508928571428571 0.08928571428571429 0.024553571428571428 0.013392857142857142
0 0.875 0.07589285714285714 0.026785714285714284 0.015625
0 0.9330357142857143 0.09598214285714286 0.015625 0.015625
0 0.8258928571428571 0.10044642857142858 0.015625 0.013392857142857142
0 0.7633928571428571 0.125 0.015625 0.03794642857142857
0 0.671875 0.10044642857142858 0.046875 0.017857142857142856
0 0.4642857142857143 0.06696428571428571 0.013392857142857142 0.015625
0 0.40848214285714285 0.08705357142857142 0.008928571428571428 0.015625
0 0.40625 0.0625 0.013392857142857142 0.015625
0 0.38392857142857145 0.07366071428571429 0.013392857142857142 0.015625
0 0.04241071428571429 0.10044642857142858 0.017857142857142856 0.011160714285714286
0 0.020089285714285716 0.09151785714285714 0.024553571428571428 0.015625