0 0.8214285714285714 0.35044642857142855 0.03125 0.013392857142857142
0 0.734375 0.28125 0.020089285714285716 0.013392857142857142
0 0.45535714285714285 0.234375 0.029017857142857144 0.015625
0 0.5334821428571429 0.14508928571428573 0.029017857142857144 0.011160714285714286
0 0.421875 0.44642857142857145 0.024553571428571428 0.013392857142857142
0 0.19196428571428573 0.1875 0.024553571428571428 0.015625
0 0.14285714285714285 0.18526785714285715 0.013392857142857142 0.013392857142857142
0 0.10714285714285714 0.17857142857142858 0.011160714285714286 0.015625
0 0.03794642857142857 0.17633928571428573 0.03794642857142857 0.011160714285714286
0 0.30357142857142855 0.17633928571428573 0.011160714285714286 0.011160714285714286
0 0.5647321428571429 0.24330357142857142 0.024553571428571428 0.013392857142857142