0 0.20089285714285715 0.26339285714285715 0.026785714285714284 0.015625
0 0.14285714285714285 0.25892857142857145 0.044642857142857144 0.015625
0 0.12053571428571429 0.27901785714285715 0.013392857142857142 0.015625
0 0.10714285714285714 0.2700892857142857 0.017857142857142856 0.013392857142857142
0 0.37276785714285715 0.16294642857142858 0.015625 0.017857142857142856
0 0.4263392857142857 0.18526785714285715 0.013392857142857142 0.013392857142857142
0 0.5334821428571429 0.19419642857142858 0.006696428571428571 0.013392857142857142
0 0.5267857142857143 0.16964285714285715 0.015625 0.008928571428571428
0 0.5714285714285714 0.17410714285714285 0.015625 0.011160714285714286
0 0.6026785714285714 0.171875 0.015625 0.015625
0 0.6316964285714286 0.17633928571428573 0.015625 0.017857142857142856
0 0.6651785714285714 0.17857142857142858 0.022321428571428572 0.022321428571428572
0 0.7008928571428571 0.17633928571428573 0.013392857142857142 0.017857142857142856
0 0.7232142857142857 0.19642857142857142 0.008928571428571428 0.013392857142857142
0 0.7522321428571429 0.18080357142857142 0.020089285714285716 0.013392857142857142
0 0.8013392857142857 0.17857142857142858 0.013392857142857142 0.015625
0 0.875 0.19196428571428573 0.011160714285714286 0.008928571428571428
0 0.8861607142857143 0.17857142857142858 0.008928571428571428 0.013392857142857142
0 0.9241071428571429 0.17857142857142858 0.024553571428571428 0.008928571428571428
0 0.9375 0.19196428571428573 0.008928571428571428 0.008928571428571428
0 0.9732142857142857 0.18526785714285715 0.013392857142857142 0.013392857142857142
0 0.9888392857142857 0.19642857142857142 0.013392857142857142 0.011160714285714286