0 0.828125 0.29017857142857145 0.015625 0.017857142857142856
0 0.7857142857142857 0.34151785714285715 0.05133928571428571 0.013392857142857142
0 0.921875 0.35044642857142855 0.049107142857142856 0.017857142857142856
0 0.6785714285714286 0.140625 0.015625 0.011160714285714286
0 0.5803571428571429 0.13616071428571427 0.033482142857142856 0.017857142857142856
0 0.41517857142857145 0.15848214285714285 0.015625 0.015625
0 0.32589285714285715 0.18526785714285715 0.008928571428571428 0.013392857142857142
0 0.3392857142857143 0.14732142857142858 0.04017857142857143 0.013392857142857142
0 0.13169642857142858 0.15401785714285715 0.03794642857142857 0.013392857142857142
0 0.008928571428571428 0.20089285714285715 0.011160714285714286 0.013392857142857142
0 0.011160714285714286 0.35267857142857145 0.020089285714285716 0.015625
0 0.16071428571428573 0.14285714285714285 0.008928571428571428 0.013392857142857142