0 0.006696428571428571 0.006696428571428571 0.011160714285714286 0.011160714285714286
0 0.08035714285714286 0.015625 0.017857142857142856 0.015625
0 0.10491071428571429 0.05357142857142857 0.017857142857142856 0.017857142857142856
0 0.11830357142857142 0.006696428571428571 0.011160714285714286 0.013392857142857142
0 0.19419642857142858 0.017857142857142856 0.022321428571428572 0.017857142857142856
0 0.171875 0.015625 0.008928571428571428 0.013392857142857142
0 0.27455357142857145 0.07366071428571429 0.013392857142857142 0.011160714285714286
0 0.296875 0.029017857142857144 0.017857142857142856 0.015625
0 0.28348214285714285 0.015625 0.015625 0.017857142857142856
0 0.25 0.011160714285714286 0.015625 0.015625
0 0.203125 0.044642857142857144 0.013392857142857142 0.013392857142857142
0 0.23214285714285715 0.029017857142857144 0.011160714285714286 0.011160714285714286
0 0.25892857142857145 0.171875 0.033482142857142856 0.020089285714285716
0 0.29910714285714285 0.14508928571428573 0.03125 0.011160714285714286
0 0.3549107142857143 0.07366071428571429 0.020089285714285716 0.013392857142857142
0 0.36160714285714285 0.017857142857142856 0.017857142857142856 0.013392857142857142
0 0.39955357142857145 0.08035714285714286 0.017857142857142856 0.017857142857142856
0 0.45535714285714285 0.06473214285714286 0.017857142857142856 0.017857142857142856
0 0.5044642857142857 0.03794642857142857 0.026785714285714284 0.013392857142857142
0 0.546875 0.029017857142857144 0.017857142857142856 0.013392857142857142
0 0.6294642857142857 0.04017857142857143 0.015625 0.013392857142857142
0 0.6629464285714286 0.06696428571428571 0.015625 0.015625
0 0.65625 0.029017857142857144 0.033482142857142856 0.013392857142857142
0 0.8459821428571429 0.06473214285714286 0.049107142857142856 0.015625