0 0.7700892857142857 0.20089285714285715 0.04241071428571429 0.015625
0 0.75 0.11383928571428571 0.015625 0.022321428571428572
0 0.7098214285714286 0.11607142857142858 0.013392857142857142 0.022321428571428572
0 0.8191964285714286 0.11607142857142858 0.011160714285714286 0.013392857142857142
0 0.8013392857142857 0.11160714285714286 0.011160714285714286 0.013392857142857142
0 0.5736607142857143 0.11160714285714286 0.011160714285714286 0.013392857142857142
0 0.47767857142857145 0.13616071428571427 0.013392857142857142 0.015625
0 0.39732142857142855 0.11607142857142858 0.015625 0.017857142857142856
0 0.453125 0.11160714285714286 0.008928571428571428 0.008928571428571428
0 0.29910714285714285 0.11383928571428571 0.015625 0.017857142857142856
0 0.25223214285714285 0.11830357142857142 0.03125 0.017857142857142856
0 0.08258928571428571 0.10491071428571429 0.017857142857142856 0.017857142857142856
0 0.4642857142857143 0.203125 0.026785714285714284 0.013392857142857142
0 0.5111607142857143 0.17857142857142858 0.029017857142857144 0.013392857142857142
0 0.4799107142857143 0.296875 0.033482142857142856 0.04017857142857143
0 0.9464285714285714 0.24330357142857142 0.03794642857142857 0.017857142857142856