0 0.06473214285714286 0.13616071428571427 0.008928571428571428 0.015625
0 0.12946428571428573 0.12723214285714285 0.013392857142857142 0.017857142857142856
0 0.140625 0.12946428571428573 0.011160714285714286 0.015625
0 0.15848214285714285 0.13616071428571427 0.011160714285714286 0.015625
0 0.17410714285714285 0.13392857142857142 0.011160714285714286 0.017857142857142856
0 0.19866071428571427 0.12946428571428573 0.011160714285714286 0.015625
0 0.2767857142857143 0.18080357142857142 0.013392857142857142 0.015625
0 0.23214285714285715 0.13839285714285715 0.013392857142857142 0.013392857142857142
0 0.234375 0.15625 0.015625 0.013392857142857142
0 0.24776785714285715 0.13839285714285715 0.008928571428571428 0.015625
0 0.28125 0.13616071428571427 0.011160714285714286 0.015625
0 0.29910714285714285 0.14285714285714285 0.015625 0.015625
0 0.4107142857142857 0.15625 0.015625 0.015625
0 0.4419642857142857 0.16964285714285715 0.017857142857142856 0.015625
0 0.46875 0.16964285714285715 0.008928571428571428 0.015625
0 0.49107142857142855 0.16294642857142858 0.008928571428571428 0.013392857142857142
0 0.5089285714285714 0.15625 0.011160714285714286 0.013392857142857142
0 0.17633928571428573 0.24553571428571427 0.013392857142857142 0.013392857142857142
0 0.7366071428571429 0.18080357142857142 0.013392857142857142 0.017857142857142856
0 0.7790178571428571 0.17857142857142858 0.011160714285714286 0.015625
0 0.7834821428571429 0.16294642857142858 0.013392857142857142 0.015625
0 0.7455357142857143 0.2700892857142857 0.017857142857142856 0.013392857142857142
0 0.9642857142857143 0.16741071428571427 0.011160714285714286 0.015625