0 0.9642857142857143 0.140625 0.011160714285714286 0.011160714285714286
0 0.9285714285714286 0.19196428571428573 0.029017857142857144 0.011160714285714286
0 0.9084821428571429 0.17410714285714285 0.013392857142857142 0.015625
0 0.9241071428571429 0.16741071428571427 0.013392857142857142 0.013392857142857142
0 0.8861607142857143 0.171875 0.015625 0.011160714285714286
0 0.8973214285714286 0.19419642857142858 0.022321428571428572 0.011160714285714286
0 0.8303571428571429 0.18303571428571427 0.024553571428571428 0.013392857142857142
0 0.8839285714285714 0.19866071428571427 0.013392857142857142 0.013392857142857142
0 0.7901785714285714 0.203125 0.013392857142857142 0.011160714285714286
0 0.734375 0.22321428571428573 0.013392857142857142 0.033482142857142856
0 0.65625 0.203125 0.04017857142857143 0.015625
0 0.47544642857142855 0.17410714285714285 0.011160714285714286 0.013392857142857142
0 0.4263392857142857 0.19196428571428573 0.008928571428571428 0.013392857142857142
0 0.42410714285714285 0.16964285714285715 0.013392857142857142 0.013392857142857142
0 0.40625 0.18080357142857142 0.011160714285714286 0.013392857142857142
0 0.9486607142857143 0.13616071428571427 0.020089285714285716 0.013392857142857142
0 0.109375 0.203125 0.015625 0.011160714285714286
0 0.08928571428571429 0.19642857142857142 0.022321428571428572 0.013392857142857142