0 0.046875 0.05803571428571429 0.017857142857142856 0.015625
0 0.09151785714285714 0.16071428571428573 0.015625 0.015625
0 0.08705357142857142 0.11160714285714286 0.013392857142857142 0.011160714285714286
0 0.19196428571428573 0.09598214285714286 0.017857142857142856 0.017857142857142856
0 0.16071428571428573 0.09598214285714286 0.011160714285714286 0.017857142857142856
0 0.16741071428571427 0.15625 0.013392857142857142 0.015625
0 0.2544642857142857 0.17633928571428573 0.013392857142857142 0.015625
0 0.33482142857142855 0.12723214285714285 0.013392857142857142 0.015625
0 0.43526785714285715 0.109375 0.015625 0.020089285714285716
0 0.609375 0.09375 0.026785714285714284 0.017857142857142856
0 0.6540178571428571 0.11160714285714286 0.017857142857142856 0.017857142857142856
0 0.27232142857142855 0.24330357142857142 0.03125 0.015625
0 0.6986607142857143 0.23660714285714285 0.024553571428571428 0.013392857142857142
0 0.8883928571428571 0.16294642857142858 0.015625 0.011160714285714286