0 0.7611607142857143 0.14732142857142858 0.013392857142857142 0.017857142857142856
0 0.7566964285714286 0.17633928571428573 0.013392857142857142 0.015625
0 0.7098214285714286 0.17857142857142858 0.008928571428571428 0.011160714285714286
0 0.8058035714285714 0.15848214285714285 0.008928571428571428 0.022321428571428572
0 0.828125 0.15625 0.006696428571428571 0.015625
0 0.875 0.16517857142857142 0.015625 0.013392857142857142
0 0.9285714285714286 0.16517857142857142 0.013392857142857142 0.011160714285714286
0 0.9508928571428571 0.16071428571428573 0.017857142857142856 0.020089285714285716
0 0.9620535714285714 0.18973214285714285 0.013392857142857142 0.015625
0 0.9419642857142857 0.21205357142857142 0.017857142857142856 0.013392857142857142
0 0.9933035714285714 0.171875 0.006696428571428571 0.013392857142857142