0 0.8459821428571429 0.34598214285714285 0.03125 0.017857142857142856
0 0.9821428571428571 0.19642857142857142 0.008928571428571428 0.013392857142857142
0 0.9419642857142857 0.18080357142857142 0.011160714285714286 0.011160714285714286
0 0.9151785714285714 0.17633928571428573 0.011160714285714286 0.013392857142857142
0 0.8616071428571429 0.19642857142857142 0.011160714285714286 0.013392857142857142
0 0.859375 0.18080357142857142 0.015625 0.015625
0 0.7946428571428571 0.171875 0.006696428571428571 0.013392857142857142
0 0.7678571428571429 0.18973214285714285 0.013392857142857142 0.013392857142857142
0 0.7455357142857143 0.19419642857142858 0.011160714285714286 0.017857142857142856
0 0.7120535714285714 0.18303571428571427 0.011160714285714286 0.013392857142857142
0 0.6964285714285714 0.19419642857142858 0.013392857142857142 0.015625
0 0.6741071428571429 0.17633928571428573 0.015625 0.013392857142857142
0 0.4799107142857143 0.18973214285714285 0.011160714285714286 0.015625
0 0.5290178571428571 0.19196428571428573 0.015625 0.017857142857142856
0 0.43526785714285715 0.1875 0.011160714285714286 0.011160714285714286
0 0.3482142857142857 0.19866071428571427 0.017857142857142856 0.024553571428571428
0 0.3325892857142857 0.5491071428571429 0.017857142857142856 0.024553571428571428
0 0.28348214285714285 0.19419642857142858 0.013392857142857142 0.017857142857142856
0 0.23883928571428573 0.20089285714285715 0.020089285714285716 0.017857142857142856
0 0.08035714285714286 0.22544642857142858 0.011160714285714286 0.015625
0 0.22098214285714285 0.23214285714285715 0.04241071428571429 0.013392857142857142
0 0.21651785714285715 0.21205357142857142 0.017857142857142856 0.013392857142857142
0 0.5223214285714286 0.31026785714285715 0.008928571428571428 0.011160714285714286