0 0.05133928571428571 0.16294642857142858 0.044642857142857144 0.015625
0 0.13392857142857142 0.15848214285714285 0.024553571428571428 0.015625
0 0.20535714285714285 0.27232142857142855 0.024553571428571428 0.020089285714285716
0 0.22767857142857142 0.16294642857142858 0.033482142857142856 0.013392857142857142
0 0.37276785714285715 0.171875 0.013392857142857142 0.024553571428571428
0 0.31919642857142855 0.15848214285714285 0.011160714285714286 0.013392857142857142
0 0.2924107142857143 0.16071428571428573 0.022321428571428572 0.015625
0 0.5223214285714286 0.18526785714285715 0.022321428571428572 0.013392857142857142
0 0.5357142857142857 0.20982142857142858 0.020089285714285716 0.011160714285714286
0 0.37723214285714285 0.21651785714285715 0.026785714285714284 0.015625
0 0.6830357142857143 0.17410714285714285 0.022321428571428572 0.015625
0 0.7455357142857143 0.20089285714285715 0.015625 0.015625
0 0.18080357142857142 0.18080357142857142 0.011160714285714286 0.013392857142857142
0 0.8861607142857143 0.19196428571428573 0.03125 0.013392857142857142