0 0.1875 0.28125 0.013392857142857142 0.015625
0 0.09375 0.05357142857142857 0.013392857142857142 0.015625
0 0.10714285714285714 0.10044642857142858 0.011160714285714286 0.020089285714285716
0 0.12723214285714285 0.06696428571428571 0.011160714285714286 0.015625
0 0.16294642857142858 0.06696428571428571 0.015625 0.013392857142857142
0 0.234375 0.08258928571428571 0.017857142857142856 0.013392857142857142
0 0.3080357142857143 0.078125 0.015625 0.015625
0 0.4330357142857143 0.15625 0.017857142857142856 0.011160714285714286
0 0.43973214285714285 0.08705357142857142 0.015625 0.015625
0 0.42857142857142855 0.10044642857142858 0.029017857142857144 0.011160714285714286
0 0.6026785714285714 0.11607142857142858 0.022321428571428572 0.013392857142857142
0 0.6674107142857143 0.10491071428571429 0.033482142857142856 0.013392857142857142
0 0.6339285714285714 0.11383928571428571 0.029017857142857144 0.008928571428571428
0 0.7276785714285714 0.12276785714285714 0.022321428571428572 0.011160714285714286
0 0.7522321428571429 0.11383928571428571 0.05133928571428571 0.015625