0 0.004464285714285714 0.234375 0.006696428571428571 0.015625
0 0.03794642857142857 0.21428571428571427 0.03571428571428571 0.013392857142857142
0 0.10267857142857142 0.21428571428571427 0.013392857142857142 0.013392857142857142
0 0.07589285714285714 0.23660714285714285 0.029017857142857144 0.011160714285714286
0 0.16517857142857142 0.22767857142857142 0.015625 0.015625
0 0.14285714285714285 0.21428571428571427 0.008928571428571428 0.015625
0 0.18303571428571427 0.20535714285714285 0.011160714285714286 0.011160714285714286
0 0.2700892857142857 0.21205357142857142 0.015625 0.017857142857142856
0 0.37276785714285715 0.21875 0.022321428571428572 0.015625
0 0.484375 0.21651785714285715 0.03125 0.017857142857142856
0 0.43526785714285715 0.20758928571428573 0.03794642857142857 0.015625
0 0.8303571428571429 0.22767857142857142 0.015625 0.026785714285714284