0 0.8169642857142857 0.36160714285714285 0.008928571428571428 0.011160714285714286
0 0.5 0.37276785714285715 0.029017857142857144 0.017857142857142856
0 0.41964285714285715 0.31026785714285715 0.024553571428571428 0.015625
0 0.31026785714285715 0.14508928571428573 0.015625 0.020089285714285716
0 0.29464285714285715 0.17633928571428573 0.008928571428571428 0.011160714285714286
0 0.171875 0.14732142857142858 0.013392857142857142 0.013392857142857142
0 0.16741071428571427 0.17633928571428573 0.013392857142857142 0.008928571428571428
0 0.15178571428571427 0.16071428571428573 0.011160714285714286 0.013392857142857142
0 0.12053571428571429 0.15625 0.008928571428571428 0.015625
0 0.09598214285714286 0.14508928571428573 0.015625 0.013392857142857142
0 0.03794642857142857 0.14955357142857142 0.011160714285714286 0.013392857142857142
0 0.024553571428571428 0.15625 0.011160714285714286 0.015625
0 0.011160714285714286 0.17633928571428573 0.011160714285714286 0.011160714285714286