0 0.008928571428571428 0.011160714285714286 0.015625 0.015625
0 0.05357142857142857 0.008928571428571428 0.020089285714285716 0.015625
0 0.078125 0.029017857142857144 0.013392857142857142 0.017857142857142856
0 0.13169642857142858 0.026785714285714284 0.022321428571428572 0.015625
0 0.20535714285714285 0.05133928571428571 0.013392857142857142 0.017857142857142856
0 0.22767857142857142 0.03125 0.017857142857142856 0.017857142857142856
0 0.2767857142857143 0.0625 0.03125 0.013392857142857142
0 0.29017857142857145 0.044642857142857144 0.017857142857142856 0.017857142857142856
0 0.359375 0.03571428571428571 0.024553571428571428 0.017857142857142856
0 0.3549107142857143 0.07142857142857142 0.015625 0.017857142857142856
0 0.40625 0.0625 0.013392857142857142 0.015625
0 0.47098214285714285 0.05580357142857143 0.017857142857142856 0.015625
0 0.6272321428571429 0.07589285714285714 0.017857142857142856 0.017857142857142856
0 0.7723214285714286 0.09821428571428571 0.020089285714285716 0.017857142857142856
0 0.8348214285714286 0.08035714285714286 0.022321428571428572 0.017857142857142856
0 0.9174107142857143 0.08705357142857142 0.015625 0.017857142857142856
0 0.9419642857142857 0.07589285714285714 0.015625 0.017857142857142856