0 0.9776785714285714 0.11160714285714286 0.008928571428571428 0.011160714285714286
0 0.8950892857142857 0.16294642857142858 0.017857142857142856 0.015625
0 0.796875 0.22098214285714285 0.026785714285714284 0.013392857142857142
0 0.703125 0.14508928571428573 0.013392857142857142 0.013392857142857142
0 0.6763392857142857 0.140625 0.015625 0.013392857142857142
0 0.7276785714285714 0.15401785714285715 0.008928571428571428 0.013392857142857142
0 0.7522321428571429 0.13392857142857142 0.013392857142857142 0.013392857142857142
0 0.7879464285714286 0.12053571428571429 0.017857142857142856 0.011160714285714286
0 0.796875 0.11160714285714286 0.017857142857142856 0.015625
0 0.7589285714285714 0.12053571428571429 0.011160714285714286 0.013392857142857142
0 0.6473214285714286 0.13169642857142858 0.015625 0.008928571428571428
0 0.5580357142857143 0.125 0.008928571428571428 0.015625
0 0.5334821428571429 0.13839285714285715 0.008928571428571428 0.013392857142857142
0 0.5133928571428571 0.12946428571428573 0.008928571428571428 0.013392857142857142
0 0.3861607142857143 0.21875 0.026785714285714284 0.011160714285714286
0 0.3482142857142857 0.125 0.015625 0.015625
0 0.40848214285714285 0.14732142857142858 0.015625 0.011160714285714286
0 0.20535714285714285 0.13392857142857142 0.015625 0.013392857142857142