0 0.19866071428571427 0.16964285714285715 0.013392857142857142 0.011160714285714286
0 0.2767857142857143 0.15625 0.015625 0.015625
0 0.46651785714285715 0.19642857142857142 0.013392857142857142 0.020089285714285716
0 0.37723214285714285 0.16741071428571427 0.013392857142857142 0.015625
0 0.45535714285714285 0.14955357142857142 0.013392857142857142 0.015625
0 0.5133928571428571 0.16071428571428573 0.017857142857142856 0.017857142857142856
0 0.4486607142857143 0.16741071428571427 0.013392857142857142 0.015625
0 0.4174107142857143 0.15178571428571427 0.013392857142857142 0.013392857142857142
0 0.4375 0.15401785714285715 0.013392857142857142 0.020089285714285716
0 0.5491071428571429 0.15178571428571427 0.013392857142857142 0.013392857142857142
0 0.5669642857142857 0.14955357142857142 0.017857142857142856 0.015625
0 0.875 0.19866071428571427 0.024553571428571428 0.013392857142857142
0 0.7209821428571429 0.15848214285714285 0.011160714285714286 0.013392857142857142
0 0.8125 0.14732142857142858 0.022321428571428572 0.013392857142857142
0 0.9665178571428571 0.17410714285714285 0.017857142857142856 0.013392857142857142
0 0.671875 0.15848214285714285 0.013392857142857142 0.020089285714285716