0 0.004464285714285714 0.16517857142857142 0.008928571428571428 0.026785714285714284
0 0.020089285714285716 0.15848214285714285 0.008928571428571428 0.013392857142857142
0 0.046875 0.15848214285714285 0.013392857142857142 0.011160714285714286
0 0.14285714285714285 0.15401785714285715 0.013392857142857142 0.013392857142857142
0 0.18526785714285715 0.15401785714285715 0.008928571428571428 0.011160714285714286
0 0.23660714285714285 0.15401785714285715 0.008928571428571428 0.011160714285714286
0 0.23214285714285715 0.17410714285714285 0.013392857142857142 0.013392857142857142
0 0.28348214285714285 0.21875 0.013392857142857142 0.015625
0 0.3482142857142857 0.22991071428571427 0.033482142857142856 0.013392857142857142
0 0.40401785714285715 0.24776785714285715 0.020089285714285716 0.011160714285714286
0 0.3861607142857143 0.20089285714285715 0.008928571428571428 0.011160714285714286
0 0.3392857142857143 0.18526785714285715 0.011160714285714286 0.013392857142857142
0 0.4263392857142857 0.19642857142857142 0.011160714285714286 0.011160714285714286
0 0.53125 0.20535714285714285 0.013392857142857142 0.015625
0 0.31026785714285715 0.15625 0.008928571428571428 0.008928571428571428
0 0.828125 0.21875 0.03794642857142857 0.017857142857142856
0 0.9508928571428571 0.22767857142857142 0.03125 0.008928571428571428