0 0.15401785714285715 0.06919642857142858 0.013392857142857142 0.013392857142857142
0 0.18080357142857142 0.08482142857142858 0.013392857142857142 0.011160714285714286
0 0.23660714285714285 0.11830357142857142 0.03125 0.013392857142857142
0 0.08482142857142858 0.171875 0.011160714285714286 0.020089285714285716
0 0.060267857142857144 0.15848214285714285 0.020089285714285716 0.013392857142857142
0 0.006696428571428571 0.08928571428571429 0.013392857142857142 0.017857142857142856
0 0.24330357142857142 0.08928571428571429 0.011160714285714286 0.011160714285714286
0 0.3080357142857143 0.09375 0.03125 0.013392857142857142
0 0.45982142857142855 0.09375 0.022321428571428572 0.013392857142857142
0 0.5290178571428571 0.08928571428571429 0.013392857142857142 0.013392857142857142
0 0.4955357142857143 0.15625 0.015625 0.015625
0 0.3125 0.36160714285714285 0.015625 0.013392857142857142
0 0.18973214285714285 0.3325892857142857 0.008928571428571428 0.011160714285714286
0 0.5870535714285714 0.23214285714285715 0.049107142857142856 0.013392857142857142
0 0.5111607142857143 0.12946428571428573 0.026785714285714284 0.011160714285714286
0 0.2544642857142857 0.16741071428571427 0.008928571428571428 0.008928571428571428