0 0.953125 0.36160714285714285 0.03571428571428571 0.015625
0 0.49330357142857145 0.3169642857142857 0.013392857142857142 0.022321428571428572
0 0.7053571428571429 0.12053571428571429 0.017857142857142856 0.015625
0 0.6473214285714286 0.125 0.013392857142857142 0.015625
0 0.578125 0.11383928571428571 0.011160714285714286 0.017857142857142856
0 0.5915178571428571 0.13169642857142858 0.017857142857142856 0.015625
0 0.46875 0.12276785714285714 0.013392857142857142 0.017857142857142856
0 0.46651785714285715 0.15848214285714285 0.044642857142857144 0.020089285714285716
0 0.37723214285714285 0.140625 0.013392857142857142 0.013392857142857142
0 0.37276785714285715 0.125 0.013392857142857142 0.013392857142857142
0 0.3482142857142857 0.13392857142857142 0.015625 0.017857142857142856
0 0.32142857142857145 0.12053571428571429 0.020089285714285716 0.022321428571428572
0 0.2767857142857143 0.13169642857142858 0.020089285714285716 0.013392857142857142
0 0.21205357142857142 0.11830357142857142 0.017857142857142856 0.020089285714285716
0 0.18973214285714285 0.125 0.015625 0.017857142857142856
0 0.10267857142857142 0.12053571428571429 0.013392857142857142 0.015625
0 0.06696428571428571 0.1875 0.020089285714285716 0.022321428571428572
0 0.32589285714285715 0.20982142857142858 0.020089285714285716 0.017857142857142856
0 0.03125 0.19196428571428573 0.017857142857142856 0.020089285714285716