0 0.8415178571428571 0.15178571428571427 0.020089285714285716 0.020089285714285716
0 0.8058035714285714 0.04017857142857143 0.015625 0.022321428571428572
0 0.59375 0.07589285714285714 0.013392857142857142 0.017857142857142856
0 0.5267857142857143 0.05803571428571429 0.013392857142857142 0.017857142857142856
0 0.4732142857142857 0.06473214285714286 0.008928571428571428 0.017857142857142856
0 0.45535714285714285 0.06919642857142858 0.015625 0.017857142857142856
0 0.4375 0.07366071428571429 0.013392857142857142 0.020089285714285716
0 0.44642857142857145 0.09375 0.008928571428571428 0.015625
0 0.38839285714285715 0.07142857142857142 0.013392857142857142 0.017857142857142856
0 0.3705357142857143 0.08035714285714286 0.017857142857142856 0.020089285714285716
0 0.6428571428571429 0.15401785714285715 0.013392857142857142 0.015625
0 0.6272321428571429 0.15178571428571427 0.015625 0.020089285714285716
0 0.32142857142857145 0.07142857142857142 0.015625 0.022321428571428572
0 0.25223214285714285 0.06696428571428571 0.017857142857142856 0.015625
0 0.16071428571428573 0.07589285714285714 0.015625 0.017857142857142856
0 0.10491071428571429 0.07589285714285714 0.011160714285714286 0.015625
0 0.10044642857142858 0.10267857142857142 0.022321428571428572 0.017857142857142856
0 0.18303571428571427 0.08928571428571429 0.013392857142857142 0.015625
0 0.20982142857142858 0.08035714285714286 0.011160714285714286 0.013392857142857142
0 0.20982142857142858 0.10044642857142858 0.022321428571428572 0.015625
0 0.24776785714285715 0.109375 0.033482142857142856 0.011160714285714286
0 0.024553571428571428 0.10714285714285714 0.03125 0.013392857142857142