0 0.8816964285714286 0.203125 0.011160714285714286 0.011160714285714286
0 0.9107142857142857 0.18973214285714285 0.013392857142857142 0.013392857142857142
0 0.6294642857142857 0.17633928571428573 0.013392857142857142 0.015625
0 0.6428571428571429 0.19866071428571427 0.013392857142857142 0.013392857142857142
0 0.703125 0.14508928571428573 0.011160714285714286 0.011160714285714286
0 0.7276785714285714 0.203125 0.03571428571428571 0.011160714285714286
0 0.7321428571428571 0.18303571428571427 0.022321428571428572 0.011160714285714286
0 0.7433035714285714 0.16294642857142858 0.026785714285714284 0.020089285714285716
0 0.6116071428571429 0.14508928571428573 0.011160714285714286 0.008928571428571428
0 0.5379464285714286 0.19866071428571427 0.013392857142857142 0.015625
0 0.5491071428571429 0.14508928571428573 0.015625 0.015625
0 0.5267857142857143 0.15625 0.011160714285714286 0.013392857142857142
0 0.5223214285714286 0.14508928571428573 0.011160714285714286 0.015625
0 0.49330357142857145 0.14955357142857142 0.013392857142857142 0.013392857142857142
0 0.4799107142857143 0.14732142857142858 0.013392857142857142 0.013392857142857142
0 0.36607142857142855 0.14955357142857142 0.011160714285714286 0.011160714285714286
0 0.34598214285714285 0.14955357142857142 0.011160714285714286 0.011160714285714286
0 0.26785714285714285 0.15401785714285715 0.011160714285714286 0.015625
0 0.203125 0.16294642857142858 0.017857142857142856 0.011160714285714286
0 0.07142857142857142 0.14285714285714285 0.015625 0.017857142857142856