0 0.6941964285714286 0.36830357142857145 0.024553571428571428 0.013392857142857142
0 0.6473214285714286 0.18080357142857142 0.020089285714285716 0.013392857142857142
0 0.5446428571428571 0.18526785714285715 0.022321428571428572 0.013392857142857142
0 0.46875 0.17633928571428573 0.015625 0.013392857142857142
0 0.41294642857142855 0.18973214285714285 0.013392857142857142 0.015625
0 0.3638392857142857 0.1875 0.026785714285714284 0.011160714285714286
0 0.2924107142857143 0.19419642857142858 0.015625 0.015625
0 0.29464285714285715 0.3125 0.026785714285714284 0.020089285714285716
0 0.19642857142857142 0.19642857142857142 0.017857142857142856 0.017857142857142856
0 0.23660714285714285 0.20758928571428573 0.026785714285714284 0.017857142857142856
0 0.12946428571428573 0.20535714285714285 0.011160714285714286 0.013392857142857142
0 0.3169642857142857 0.21875 0.024553571428571428 0.017857142857142856
0 0.21205357142857142 0.23883928571428573 0.020089285714285716 0.017857142857142856
0 0.0625 0.24553571428571427 0.033482142857142856 0.013392857142857142
0 0.008928571428571428 0.43080357142857145 0.011160714285714286 0.020089285714285716
0 0.08482142857142858 0.3482142857142857 0.011160714285714286 0.013392857142857142