0 0.27455357142857145 0.31026785714285715 0.024553571428571428 0.020089285714285716
0 0.6205357142857143 0.2767857142857143 0.013392857142857142 0.017857142857142856
0 0.390625 0.18080357142857142 0.020089285714285716 0.011160714285714286
0 0.45982142857142855 0.14508928571428573 0.033482142857142856 0.011160714285714286
0 0.47098214285714285 0.13392857142857142 0.04241071428571429 0.015625
0 0.546875 0.14955357142857142 0.029017857142857144 0.013392857142857142
0 0.6339285714285714 0.1875 0.017857142857142856 0.013392857142857142
0 0.6941964285714286 0.14732142857142858 0.017857142857142856 0.011160714285714286
0 0.71875 0.14508928571428573 0.015625 0.013392857142857142
0 0.7834821428571429 0.14285714285714285 0.029017857142857144 0.015625
0 0.75 0.14732142857142858 0.022321428571428572 0.011160714285714286
0 0.8683035714285714 0.15848214285714285 0.026785714285714284 0.013392857142857142
0 0.7433035714285714 0.13392857142857142 0.011160714285714286 0.011160714285714286
0 0.9508928571428571 0.17857142857142858 0.013392857142857142 0.013392857142857142
0 0.9799107142857143 0.19196428571428573 0.013392857142857142 0.011160714285714286
0 0.984375 0.21428571428571427 0.013392857142857142 0.017857142857142856
0 0.9933035714285714 0.16294642857142858 0.006696428571428571 0.020089285714285716
0 0.9263392857142857 0.15178571428571427 0.020089285714285716 0.008928571428571428
0 0.9575892857142857 0.21651785714285715 0.015625 0.011160714285714286