0 0.8616071428571429 0.11383928571428571 0.015625 0.020089285714285716
0 0.7366071428571429 0.17633928571428573 0.008928571428571428 0.013392857142857142
0 0.6071428571428571 0.21875 0.013392857142857142 0.015625
0 0.6495535714285714 0.12053571428571429 0.024553571428571428 0.015625
0 0.5915178571428571 0.12723214285714285 0.008928571428571428 0.015625
0 0.5022321428571429 0.125 0.008928571428571428 0.015625
0 0.5401785714285714 0.21651785714285715 0.011160714285714286 0.017857142857142856
0 0.578125 0.16517857142857142 0.017857142857142856 0.013392857142857142
0 0.5334821428571429 0.12723214285714285 0.017857142857142856 0.011160714285714286
0 0.515625 0.11830357142857142 0.017857142857142856 0.013392857142857142
0 0.39955357142857145 0.12946428571428573 0.015625 0.017857142857142856
0 0.3325892857142857 0.16071428571428573 0.011160714285714286 0.017857142857142856
0 0.3638392857142857 0.12723214285714285 0.008928571428571428 0.013392857142857142
0 0.296875 0.15401785714285715 0.013392857142857142 0.011160714285714286
0 0.3080357142857143 0.13839285714285715 0.013392857142857142 0.015625
0 0.296875 0.20982142857142858 0.026785714285714284 0.013392857142857142
0 0.23883928571428573 0.20535714285714285 0.026785714285714284 0.017857142857142856
0 0.16741071428571427 0.140625 0.026785714285714284 0.013392857142857142
0 0.017857142857142856 0.18303571428571427 0.03125 0.013392857142857142
0 0.9084821428571429 0.36160714285714285 0.017857142857142856 0.013392857142857142