0 0.07589285714285714 0.25892857142857145 0.015625 0.017857142857142856
0 0.21428571428571427 0.14508928571428573 0.017857142857142856 0.022321428571428572
0 0.25 0.15401785714285715 0.017857142857142856 0.017857142857142856
0 0.37723214285714285 0.14955357142857142 0.015625 0.015625
0 0.43973214285714285 0.15401785714285715 0.015625 0.015625
0 0.33482142857142855 0.25892857142857145 0.03125 0.03571428571428571
0 0.47767857142857145 0.15401785714285715 0.020089285714285716 0.015625
0 0.5022321428571429 0.15401785714285715 0.022321428571428572 0.020089285714285716
0 0.5245535714285714 0.15401785714285715 0.015625 0.020089285714285716
0 0.5558035714285714 0.15401785714285715 0.013392857142857142 0.017857142857142856
0 0.6428571428571429 0.15401785714285715 0.017857142857142856 0.020089285714285716
0 0.640625 0.21205357142857142 0.015625 0.017857142857142856
0 0.6897321428571429 0.15848214285714285 0.022321428571428572 0.020089285714285716
0 0.7388392857142857 0.15848214285714285 0.015625 0.017857142857142856
0 0.7589285714285714 0.18303571428571427 0.020089285714285716 0.020089285714285716
0 0.8504464285714286 0.15848214285714285 0.015625 0.017857142857142856
0 0.7053571428571429 0.18526785714285715 0.017857142857142856 0.015625
0 0.7299107142857143 0.19866071428571427 0.024553571428571428 0.017857142857142856
0 0.9017857142857143 0.15625 0.015625 0.015625
0 0.9263392857142857 0.17410714285714285 0.015625 0.024553571428571428
0 0.7477678571428571 0.3169642857142857 0.026785714285714284 0.020089285714285716