0 0.9910714285714286 0.18973214285714285 0.008928571428571428 0.013392857142857142
0 0.9575892857142857 0.20089285714285715 0.013392857142857142 0.011160714285714286
0 0.9241071428571429 0.19642857142857142 0.015625 0.013392857142857142
0 0.9553571428571429 0.17857142857142858 0.011160714285714286 0.015625
0 0.8861607142857143 0.26339285714285715 0.011160714285714286 0.017857142857142856
0 0.875 0.20089285714285715 0.015625 0.011160714285714286
0 0.8973214285714286 0.20089285714285715 0.013392857142857142 0.020089285714285716
0 0.7611607142857143 0.20982142857142858 0.011160714285714286 0.011160714285714286
0 0.7991071428571429 0.23883928571428573 0.022321428571428572 0.008928571428571428
0 0.8058035714285714 0.20535714285714285 0.020089285714285716 0.015625
0 0.7991071428571429 0.21875 0.013392857142857142 0.011160714285714286
0 0.7053571428571429 0.21651785714285715 0.015625 0.013392857142857142
0 0.6919642857142857 0.203125 0.011160714285714286 0.015625
0 0.5870535714285714 0.22767857142857142 0.03125 0.013392857142857142
0 0.5848214285714286 0.24330357142857142 0.008928571428571428 0.011160714285714286
0 0.5133928571428571 0.21875 0.024553571428571428 0.011160714285714286
0 0.47098214285714285 0.22544642857142858 0.013392857142857142 0.011160714285714286
0 0.41517857142857145 0.22991071428571427 0.03125 0.013392857142857142
0 0.265625 0.25669642857142855 0.026785714285714284 0.011160714285714286
0 0.22544642857142858 0.22321428571428573 0.011160714285714286 0.013392857142857142
0 0.24553571428571427 0.22544642857142858 0.006696428571428571 0.008928571428571428
0 0.08928571428571429 0.22098214285714285 0.017857142857142856 0.013392857142857142