0 0.022321428571428572 0.12723214285714285 0.022321428571428572 0.017857142857142856
0 0.20758928571428573 0.14955357142857142 0.049107142857142856 0.015625
0 0.34151785714285715 0.171875 0.017857142857142856 0.020089285714285716
0 0.47767857142857145 0.13392857142857142 0.044642857142857144 0.015625
0 0.29464285714285715 0.07366071428571429 0.015625 0.020089285714285716
0 0.5290178571428571 0.06919642857142858 0.011160714285714286 0.017857142857142856
0 0.5513392857142857 0.06696428571428571 0.026785714285714284 0.015625
0 0.5691964285714286 0.171875 0.026785714285714284 0.013392857142857142
0 0.6227678571428571 0.140625 0.03794642857142857 0.013392857142857142
0 0.6294642857142857 0.10491071428571429 0.011160714285714286 0.015625
0 0.6473214285714286 0.08928571428571429 0.013392857142857142 0.020089285714285716
0 0.6741071428571429 0.10491071428571429 0.013392857142857142 0.015625
0 0.6495535714285714 0.109375 0.022321428571428572 0.008928571428571428
0 0.6964285714285714 0.08705357142857142 0.013392857142857142 0.024553571428571428
0 0.7008928571428571 0.14955357142857142 0.015625 0.017857142857142856
0 0.78125 0.13392857142857142 0.03125 0.015625
0 0.8013392857142857 0.10267857142857142 0.015625 0.017857142857142856
0 0.8392857142857143 0.12053571428571429 0.03571428571428571 0.017857142857142856
0 0.8415178571428571 0.06473214285714286 0.017857142857142856 0.015625
0 0.7834821428571429 0.17410714285714285 0.008928571428571428 0.011160714285714286