0 0.9620535714285714 0.14285714285714285 0.020089285714285716 0.013392857142857142
0 0.9642857142857143 0.12276785714285714 0.024553571428571428 0.008928571428571428
0 0.8549107142857143 0.12946428571428573 0.013392857142857142 0.015625
0 0.765625 0.19196428571428573 0.04017857142857143 0.013392857142857142
0 0.8125 0.12053571428571429 0.011160714285714286 0.011160714285714286
0 0.8147321428571429 0.13616071428571427 0.011160714285714286 0.013392857142857142
0 0.5870535714285714 0.13392857142857142 0.020089285714285716 0.011160714285714286
0 0.5357142857142857 0.15848214285714285 0.033482142857142856 0.013392857142857142
0 0.5714285714285714 0.22321428571428573 0.04241071428571429 0.015625
0 0.36160714285714285 0.16294642857142858 0.020089285714285716 0.011160714285714286
0 0.06696428571428571 0.17633928571428573 0.024553571428571428 0.026785714285714284
0 0.11383928571428571 0.203125 0.03571428571428571 0.011160714285714286
0 0.022321428571428572 0.21651785714285715 0.020089285714285716 0.008928571428571428