0 0.9151785714285714 0.33035714285714285 0.022321428571428572 0.015625
0 0.375 0.3325892857142857 0.017857142857142856 0.026785714285714284
0 0.43080357142857145 0.15178571428571427 0.013392857142857142 0.017857142857142856
0 0.3638392857142857 0.15401785714285715 0.013392857142857142 0.013392857142857142
0 0.33035714285714285 0.16071428571428573 0.013392857142857142 0.015625
0 0.2611607142857143 0.15625 0.011160714285714286 0.017857142857142856
0 0.21875 0.15625 0.020089285714285716 0.013392857142857142
0 0.19419642857142858 0.2857142857142857 0.04241071428571429 0.013392857142857142
0 0.14285714285714285 0.2544642857142857 0.013392857142857142 0.015625
0 0.18526785714285715 0.171875 0.013392857142857142 0.011160714285714286
0 0.14732142857142858 0.16964285714285715 0.013392857142857142 0.011160714285714286
0 0.15848214285714285 0.17633928571428573 0.013392857142857142 0.015625
0 0.10714285714285714 0.16071428571428573 0.017857142857142856 0.008928571428571428
0 0.08035714285714286 0.18303571428571427 0.008928571428571428 0.011160714285714286
0 0.109375 0.19866071428571427 0.013392857142857142 0.011160714285714286
0 0.044642857142857144 0.19196428571428573 0.013392857142857142 0.015625
0 0.024553571428571428 0.18303571428571427 0.011160714285714286 0.008928571428571428
0 0.04241071428571429 0.16294642857142858 0.008928571428571428 0.011160714285714286