0 0.03571428571428571 0.18526785714285715 0.013392857142857142 0.013392857142857142
0 0.024553571428571428 0.17633928571428573 0.015625 0.017857142857142856
0 0.006696428571428571 0.20089285714285715 0.011160714285714286 0.013392857142857142
0 0.12946428571428573 0.20982142857142858 0.017857142857142856 0.013392857142857142
0 0.203125 0.20089285714285715 0.011160714285714286 0.013392857142857142
0 0.18526785714285715 0.19419642857142858 0.015625 0.013392857142857142
0 0.24330357142857142 0.19419642857142858 0.013392857142857142 0.013392857142857142
0 0.2924107142857143 0.20089285714285715 0.011160714285714286 0.015625
0 0.36607142857142855 0.22098214285714285 0.017857142857142856 0.017857142857142856
0 0.43080357142857145 0.21205357142857142 0.011160714285714286 0.013392857142857142
0 0.4888392857142857 0.21205357142857142 0.020089285714285716 0.015625
0 0.43973214285714285 0.24553571428571427 0.015625 0.015625
0 0.47767857142857145 0.22767857142857142 0.011160714285714286 0.013392857142857142
0 0.53125 0.24107142857142858 0.013392857142857142 0.015625
0 0.875 0.25 0.013392857142857142 0.011160714285714286
0 0.9241071428571429 0.24776785714285715 0.008928571428571428 0.013392857142857142
0 0.9352678571428571 0.265625 0.008928571428571428 0.011160714285714286