0 0.006696428571428571 0.19419642857142858 0.013392857142857142 0.013392857142857142
0 0.07589285714285714 0.17633928571428573 0.026785714285714284 0.020089285714285716
0 0.19866071428571427 0.1875 0.024553571428571428 0.011160714285714286
0 0.24776785714285715 0.1875 0.033482142857142856 0.013392857142857142
0 0.3549107142857143 0.18080357142857142 0.022321428571428572 0.015625
0 0.33482142857142855 0.19866071428571427 0.020089285714285716 0.013392857142857142
0 0.39285714285714285 0.20089285714285715 0.026785714285714284 0.017857142857142856
0 0.48660714285714285 0.19642857142857142 0.020089285714285716 0.011160714285714286
0 0.6584821428571429 0.20089285714285715 0.026785714285714284 0.015625
0 0.8638392857142857 0.20535714285714285 0.024553571428571428 0.029017857142857144
0 0.90625 0.18080357142857142 0.013392857142857142 0.015625