0 0.13392857142857142 0.19196428571428573 0.013392857142857142 0.013392857142857142
0 0.22098214285714285 0.18080357142857142 0.020089285714285716 0.011160714285714286
0 0.23883928571428573 0.20758928571428573 0.022321428571428572 0.008928571428571428
0 0.24330357142857142 0.2611607142857143 0.024553571428571428 0.011160714285714286
0 0.10714285714285714 0.13839285714285715 0.022321428571428572 0.011160714285714286
0 0.03794642857142857 0.17857142857142858 0.011160714285714286 0.011160714285714286
0 0.078125 0.19196428571428573 0.011160714285714286 0.011160714285714286
0 0.3705357142857143 0.19866071428571427 0.017857142857142856 0.015625
0 0.4575892857142857 0.20089285714285715 0.020089285714285716 0.011160714285714286
0 0.5558035714285714 0.19866071428571427 0.017857142857142856 0.013392857142857142
0 0.7678571428571429 0.20982142857142858 0.017857142857142856 0.006696428571428571
0 0.640625 0.21205357142857142 0.015625 0.008928571428571428
0 0.18526785714285715 0.13616071428571427 0.017857142857142856 0.015625