0 0.046875 0.09375 0.017857142857142856 0.013392857142857142
0 0.06473214285714286 0.11383928571428571 0.013392857142857142 0.013392857142857142
0 0.08482142857142858 0.19419642857142858 0.029017857142857144 0.013392857142857142
0 0.14508928571428573 0.09375 0.011160714285714286 0.013392857142857142
0 0.16517857142857142 0.140625 0.020089285714285716 0.008928571428571428
0 0.22098214285714285 0.12053571428571429 0.011160714285714286 0.013392857142857142
0 0.25 0.11160714285714286 0.013392857142857142 0.013392857142857142
0 0.46205357142857145 0.25892857142857145 0.022321428571428572 0.03125
0 0.3392857142857143 0.203125 0.020089285714285716 0.011160714285714286
0 0.28125 0.19642857142857142 0.020089285714285716 0.011160714285714286
0 0.34375 0.16964285714285715 0.03571428571428571 0.015625
0 0.35714285714285715 0.109375 0.008928571428571428 0.013392857142857142
0 0.32142857142857145 0.23883928571428573 0.015625 0.013392857142857142
0 0.4375 0.203125 0.026785714285714284 0.011160714285714286
0 0.5245535714285714 0.140625 0.006696428571428571 0.008928571428571428
0 0.45535714285714285 0.10714285714285714 0.015625 0.013392857142857142
0 0.40848214285714285 0.11830357142857142 0.013392857142857142 0.008928571428571428
0 0.8214285714285714 0.12276785714285714 0.011160714285714286 0.015625
0 0.8660714285714286 0.16071428571428573 0.03794642857142857 0.015625
0 0.953125 0.18080357142857142 0.024553571428571428 0.015625