0 0.23660714285714285 0.28794642857142855 0.033482142857142856 0.013392857142857142
0 0.36830357142857145 0.28348214285714285 0.013392857142857142 0.013392857142857142
0 0.39732142857142855 0.2924107142857143 0.033482142857142856 0.015625
0 0.38169642857142855 0.21428571428571427 0.013392857142857142 0.015625
0 0.20982142857142858 0.19642857142857142 0.015625 0.017857142857142856
0 0.43973214285714285 0.20535714285714285 0.008928571428571428 0.015625
0 0.49330357142857145 0.22544642857142858 0.013392857142857142 0.013392857142857142
0 0.4888392857142857 0.20535714285714285 0.008928571428571428 0.015625
0 0.5022321428571429 0.20758928571428573 0.011160714285714286 0.015625
0 0.515625 0.21205357142857142 0.013392857142857142 0.015625
0 0.5357142857142857 0.21875 0.015625 0.011160714285714286
0 0.5513392857142857 0.21428571428571427 0.017857142857142856 0.015625
0 0.625 0.21205357142857142 0.017857142857142856 0.017857142857142856
0 0.6584821428571429 0.24776785714285715 0.013392857142857142 0.015625
0 0.671875 0.22991071428571427 0.015625 0.013392857142857142
0 0.7075892857142857 0.21205357142857142 0.011160714285714286 0.011160714285714286
0 0.7120535714285714 0.22321428571428573 0.011160714285714286 0.008928571428571428
0 0.7321428571428571 0.21651785714285715 0.015625 0.013392857142857142
0 0.7522321428571429 0.23883928571428573 0.013392857142857142 0.011160714285714286
0 0.765625 0.21205357142857142 0.011160714285714286 0.013392857142857142
0 0.7566964285714286 0.22544642857142858 0.017857142857142856 0.017857142857142856
0 0.7767857142857143 0.24776785714285715 0.03125 0.011160714285714286
0 0.8459821428571429 0.22767857142857142 0.03794642857142857 0.011160714285714286
0 0.828125 0.21651785714285715 0.013392857142857142 0.015625
0 0.9441964285714286 0.28125 0.03125 0.013392857142857142
0 0.9888392857142857 0.22991071428571427 0.008928571428571428 0.015625
0 0.7142857142857143 0.24553571428571427 0.026785714285714284 0.013392857142857142