0 0.9174107142857143 0.3482142857142857 0.029017857142857144 0.020089285714285716
0 0.5223214285714286 0.16517857142857142 0.020089285714285716 0.022321428571428572
0 0.28125 0.1875 0.017857142857142856 0.022321428571428572
0 0.3013392857142857 0.171875 0.015625 0.020089285714285716
0 0.19419642857142858 0.1875 0.024553571428571428 0.020089285714285716
0 0.11383928571428571 0.25669642857142855 0.015625 0.020089285714285716
0 0.125 0.20982142857142858 0.015625 0.017857142857142856
0 0.08482142857142858 0.234375 0.015625 0.017857142857142856
0 0.08928571428571429 0.18973214285714285 0.015625 0.015625
0 0.05580357142857143 0.20535714285714285 0.015625 0.013392857142857142
0 0.06696428571428571 0.18973214285714285 0.017857142857142856 0.022321428571428572
0 0.22991071428571427 0.35714285714285715 0.03125 0.015625
0 0.21205357142857142 0.375 0.026785714285714284 0.015625
0 0.20758928571428573 0.328125 0.029017857142857144 0.017857142857142856
0 0.16741071428571427 0.3080357142857143 0.029017857142857144 0.013392857142857142