0 0.9888392857142857 0.21875 0.015625 0.020089285714285716
0 0.9464285714285714 0.15178571428571427 0.017857142857142856 0.013392857142857142
0 0.9151785714285714 0.15848214285714285 0.017857142857142856 0.011160714285714286
0 0.8772321428571429 0.14285714285714285 0.013392857142857142 0.015625
0 0.7455357142857143 0.14508928571428573 0.015625 0.011160714285714286
0 0.6026785714285714 0.18526785714285715 0.017857142857142856 0.017857142857142856
0 0.6004464285714286 0.140625 0.008928571428571428 0.011160714285714286
0 0.49107142857142855 0.17633928571428573 0.03125 0.011160714285714286
0 0.35714285714285715 0.20982142857142858 0.04241071428571429 0.015625
0 0.24330357142857142 0.18526785714285715 0.013392857142857142 0.011160714285714286
0 0.05357142857142857 0.18973214285714285 0.011160714285714286 0.011160714285714286