0 0.9933035714285714 0.16071428571428573 0.004464285714285714 0.026785714285714284
0 0.8928571428571429 0.16517857142857142 0.008928571428571428 0.013392857142857142
0 0.8348214285714286 0.15848214285714285 0.013392857142857142 0.017857142857142856
0 0.8236607142857143 0.16071428571428573 0.011160714285714286 0.013392857142857142
0 0.8080357142857143 0.16741071428571427 0.011160714285714286 0.015625
0 0.7901785714285714 0.16517857142857142 0.011160714285714286 0.017857142857142856
0 0.7678571428571429 0.16071428571428573 0.011160714285714286 0.013392857142857142
0 0.6941964285714286 0.20758928571428573 0.011160714285714286 0.013392857142857142
0 0.7366071428571429 0.16741071428571427 0.011160714285714286 0.011160714285714286
0 0.734375 0.18526785714285715 0.015625 0.013392857142857142
0 0.7209821428571429 0.16964285714285715 0.008928571428571428 0.013392857142857142
0 0.6897321428571429 0.16741071428571427 0.008928571428571428 0.015625
0 0.6741071428571429 0.171875 0.015625 0.013392857142857142
0 0.5691964285714286 0.18526785714285715 0.015625 0.015625
0 0.5401785714285714 0.19866071428571427 0.015625 0.015625
0 0.5133928571428571 0.19866071428571427 0.008928571428571428 0.015625
0 0.49330357142857145 0.19196428571428573 0.008928571428571428 0.013392857142857142
0 0.47544642857142855 0.18526785714285715 0.011160714285714286 0.013392857142857142
0 0.7901785714285714 0.2700892857142857 0.013392857142857142 0.011160714285714286
0 0.2611607142857143 0.20758928571428573 0.011160714285714286 0.015625
0 0.22098214285714285 0.20758928571428573 0.011160714285714286 0.013392857142857142
0 0.21651785714285715 0.19196428571428573 0.013392857142857142 0.013392857142857142
0 0.25223214285714285 0.2924107142857143 0.015625 0.011160714285714286
0 0.046875 0.19419642857142858 0.011160714285714286 0.013392857142857142