0 0.46205357142857145 0.33705357142857145 0.022321428571428572 0.024553571428571428
0 0.4107142857142857 0.26785714285714285 0.024553571428571428 0.013392857142857142
0 0.515625 0.20535714285714285 0.03571428571428571 0.013392857142857142
0 0.375 0.14955357142857142 0.022321428571428572 0.013392857142857142
0 0.33482142857142855 0.12946428571428573 0.013392857142857142 0.013392857142857142
0 0.31026785714285715 0.109375 0.013392857142857142 0.015625
0 0.19642857142857142 0.16294642857142858 0.020089285714285716 0.015625
0 0.5066964285714286 0.12053571428571429 0.013392857142857142 0.015625
0 0.45089285714285715 0.13169642857142858 0.008928571428571428 0.013392857142857142
0 0.4263392857142857 0.10491071428571429 0.008928571428571428 0.011160714285714286
0 0.5825892857142857 0.140625 0.013392857142857142 0.011160714285714286
0 0.6026785714285714 0.13839285714285715 0.013392857142857142 0.011160714285714286
0 0.5892857142857143 0.125 0.011160714285714286 0.013392857142857142
0 0.609375 0.12276785714285714 0.013392857142857142 0.013392857142857142
0 0.6004464285714286 0.10267857142857142 0.011160714285714286 0.013392857142857142
0 0.7388392857142857 0.13392857142857142 0.013392857142857142 0.015625
0 0.7232142857142857 0.12053571428571429 0.015625 0.013392857142857142
0 0.7879464285714286 0.12276785714285714 0.011160714285714286 0.015625
0 0.8169642857142857 0.234375 0.008928571428571428 0.013392857142857142
0 0.8392857142857143 0.16964285714285715 0.022321428571428572 0.015625
0 0.875 0.16741071428571427 0.011160714285714286 0.015625
0 0.8504464285714286 0.15401785714285715 0.011160714285714286 0.011160714285714286
0 0.9107142857142857 0.13392857142857142 0.013392857142857142 0.015625
0 0.9308035714285714 0.15625 0.029017857142857144 0.013392857142857142