0 0.9308035714285714 0.25669642857142855 0.024553571428571428 0.017857142857142856
0 0.7098214285714286 0.22767857142857142 0.020089285714285716 0.029017857142857144
0 0.6316964285714286 0.27232142857142855 0.049107142857142856 0.015625
0 0.35267857142857145 0.03794642857142857 0.013392857142857142 0.017857142857142856
0 0.20982142857142858 0.26785714285714285 0.015625 0.013392857142857142
0 0.13169642857142858 0.26339285714285715 0.022321428571428572 0.017857142857142856
0 0.026785714285714284 0.2611607142857143 0.024553571428571428 0.015625
0 0.017857142857142856 0.2924107142857143 0.029017857142857144 0.013392857142857142
0 0.017857142857142856 0.16294642857142858 0.015625 0.017857142857142856
0 0.14732142857142858 0.05133928571428571 0.011160714285714286 0.015625
0 0.12723214285714285 0.07142857142857142 0.017857142857142856 0.020089285714285716
0 0.07589285714285714 0.06473214285714286 0.011160714285714286 0.015625
0 0.05803571428571429 0.07589285714285714 0.026785714285714284 0.011160714285714286
0 0.020089285714285716 0.07142857142857142 0.011160714285714286 0.015625
0 0.060267857142857144 0.15178571428571427 0.008928571428571428 0.011160714285714286