0 0.8102678571428571 0.22321428571428573 0.044642857142857144 0.020089285714285716
0 0.7008928571428571 0.25223214285714285 0.049107142857142856 0.015625
0 0.6629464285714286 0.21205357142857142 0.017857142857142856 0.026785714285714284
0 0.5870535714285714 0.22321428571428573 0.015625 0.026785714285714284
0 0.5401785714285714 0.23883928571428573 0.015625 0.020089285714285716
0 0.546875 0.2544642857142857 0.03125 0.026785714285714284
0 0.34598214285714285 0.23214285714285715 0.022321428571428572 0.022321428571428572
0 0.33482142857142855 0.20535714285714285 0.022321428571428572 0.033482142857142856
0 0.31026785714285715 0.21428571428571427 0.015625 0.029017857142857144
0 0.18973214285714285 0.27455357142857145 0.05133928571428571 0.020089285714285716
0 0.15178571428571427 0.21428571428571427 0.026785714285714284 0.020089285714285716
0 0.008928571428571428 0.234375 0.008928571428571428 0.020089285714285716