0 0.9241071428571429 0.22098214285714285 0.026785714285714284 0.03794642857142857
0 0.7299107142857143 0.20758928571428573 0.05133928571428571 0.017857142857142856
0 0.7053571428571429 0.234375 0.060267857142857144 0.022321428571428572
0 0.8727678571428571 0.26785714285714285 0.017857142857142856 0.024553571428571428
0 0.7946428571428571 0.2924107142857143 0.03125 0.03794642857142857
0 0.7120535714285714 0.2924107142857143 0.024553571428571428 0.033482142857142856
0 0.8125 0.34598214285714285 0.033482142857142856 0.022321428571428572
0 0.4017857142857143 0.20758928571428573 0.04241071428571429 0.017857142857142856
0 0.35714285714285715 0.21428571428571427 0.024553571428571428 0.03794642857142857
0 0.13169642857142858 0.21205357142857142 0.024553571428571428 0.03571428571428571
0 0.020089285714285716 0.21205357142857142 0.03571428571428571 0.024553571428571428