0 0.024553571428571428 0.33705357142857145 0.024553571428571428 0.026785714285714284
0 0.05357142857142857 0.35267857142857145 0.060267857142857144 0.03125
0 0.20089285714285715 0.328125 0.08705357142857142 0.024553571428571428
0 0.25223214285714285 0.33035714285714285 0.029017857142857144 0.029017857142857144
0 0.31026785714285715 0.29464285714285715 0.04017857142857143 0.033482142857142856
0 0.35044642857142855 0.28794642857142855 0.03125 0.03125
0 0.4330357142857143 0.2924107142857143 0.024553571428571428 0.044642857142857144
0 0.36160714285714285 0.3392857142857143 0.04241071428571429 0.03125
0 0.609375 0.3638392857142857 0.033482142857142856 0.03125
0 0.7834821428571429 0.2611607142857143 0.017857142857142856 0.03571428571428571
0 0.9888392857142857 0.25223214285714285 0.015625 0.03571428571428571