0 0.006696428571428571 0.14955357142857142 0.013392857142857142 0.033482142857142856
0 0.05580357142857143 0.14508928571428573 0.013392857142857142 0.026785714285714284
0 0.10044642857142858 0.140625 0.024553571428571428 0.03125
0 0.15625 0.14285714285714285 0.020089285714285716 0.026785714285714284
0 0.2700892857142857 0.14285714285714285 0.017857142857142856 0.026785714285714284
0 0.017857142857142856 0.19196428571428573 0.022321428571428572 0.020089285714285716
0 0.03571428571428571 0.18303571428571427 0.04017857142857143 0.015625
0 0.42857142857142855 0.14285714285714285 0.022321428571428572 0.017857142857142856
0 0.45982142857142855 0.16071428571428573 0.03125 0.013392857142857142
0 0.5491071428571429 0.11830357142857142 0.026785714285714284 0.026785714285714284
0 0.5959821428571429 0.12723214285714285 0.022321428571428572 0.017857142857142856
0 0.6875 0.11607142857142858 0.015625 0.017857142857142856
0 0.7433035714285714 0.125 0.017857142857142856 0.022321428571428572
0 0.7522321428571429 0.10491071428571429 0.015625 0.022321428571428572
0 0.8125 0.11160714285714286 0.015625 0.022321428571428572
0 0.8236607142857143 0.10714285714285714 0.020089285714285716 0.020089285714285716
0 0.9330357142857143 0.11383928571428571 0.015625 0.017857142857142856