0 0.9821428571428571 0.20089285714285715 0.015625 0.033482142857142856
0 0.9107142857142857 0.19419642857142858 0.05357142857142857 0.020089285714285716
0 0.8415178571428571 0.20758928571428573 0.013392857142857142 0.020089285714285716
0 0.7321428571428571 0.203125 0.015625 0.024553571428571428
0 0.6584821428571429 0.20089285714285715 0.013392857142857142 0.024553571428571428
0 0.6004464285714286 0.21205357142857142 0.011160714285714286 0.017857142857142856
0 0.6004464285714286 0.18303571428571427 0.022321428571428572 0.03571428571428571
0 0.46651785714285715 0.19196428571428573 0.022321428571428572 0.024553571428571428
0 0.46651785714285715 0.27901785714285715 0.024553571428571428 0.017857142857142856
0 0.3794642857142857 0.21875 0.026785714285714284 0.024553571428571428
0 0.359375 0.2544642857142857 0.011160714285714286 0.017857142857142856
0 0.296875 0.22544642857142858 0.020089285714285716 0.020089285714285716
0 0.25669642857142855 0.1875 0.015625 0.017857142857142856
0 0.234375 0.16964285714285715 0.013392857142857142 0.020089285714285716
0 0.12276785714285714 0.17857142857142858 0.017857142857142856 0.013392857142857142
0 0.05803571428571429 0.17633928571428573 0.033482142857142856 0.015625
0 0.008928571428571428 0.20758928571428573 0.008928571428571428 0.022321428571428572
0 0.006696428571428571 0.171875 0.006696428571428571 0.024553571428571428