0 0.9553571428571429 0.16964285714285715 0.026785714285714284 0.03794642857142857
0 0.7611607142857143 0.15625 0.05133928571428571 0.017857142857142856
0 0.7366071428571429 0.18303571428571427 0.060267857142857144 0.022321428571428572
0 0.9040178571428571 0.21428571428571427 0.017857142857142856 0.024553571428571428
0 0.828125 0.23883928571428573 0.03125 0.03794642857142857
0 0.7433035714285714 0.24107142857142858 0.024553571428571428 0.033482142857142856
0 0.84375 0.29464285714285715 0.033482142857142856 0.022321428571428572
0 0.4330357142857143 0.15625 0.04241071428571429 0.017857142857142856
0 0.38839285714285715 0.16294642857142858 0.024553571428571428 0.03794642857142857
0 0.16294642857142858 0.16071428571428573 0.024553571428571428 0.03571428571428571
0 0.03794642857142857 0.15848214285714285 0.0625 0.022321428571428572