0 0.8727678571428571 0.17410714285714285 0.03794642857142857 0.020089285714285716
0 0.8861607142857143 0.20982142857142858 0.049107142857142856 0.015625
0 0.7678571428571429 0.21205357142857142 0.05357142857142857 0.024553571428571428
0 0.48214285714285715 0.21875 0.04017857142857143 0.026785714285714284
0 0.46205357142857145 0.24330357142857142 0.024553571428571428 0.020089285714285716
0 0.40401785714285715 0.24553571428571427 0.060267857142857144 0.017857142857142856
0 0.4107142857142857 0.21428571428571427 0.03125 0.017857142857142856
0 0.29910714285714285 0.21651785714285715 0.04017857142857143 0.017857142857142856
0 0.05357142857142857 0.3325892857142857 0.06696428571428571 0.026785714285714284
0 0.30357142857142855 0.16071428571428573 0.046875 0.017857142857142856
0 0.011160714285714286 0.15625 0.013392857142857142 0.020089285714285716
0 0.05803571428571429 0.16071428571428573 0.015625 0.015625
0 0.08035714285714286 0.15625 0.015625 0.015625
0 0.11160714285714286 0.15848214285714285 0.013392857142857142 0.015625
0 0.47544642857142855 0.16294642857142858 0.029017857142857144 0.013392857142857142
0 0.8080357142857143 0.17857142857142858 0.013392857142857142 0.024553571428571428