0 0.07366071428571429 0.3482142857142857 0.0625 0.022321428571428572
0 0.171875 0.26339285714285715 0.033482142857142856 0.020089285714285716
0 0.22321428571428573 0.1875 0.020089285714285716 0.024553571428571428
0 0.41294642857142855 0.18526785714285715 0.017857142857142856 0.03125
0 0.59375 0.18526785714285715 0.022321428571428572 0.03571428571428571
0 0.6607142857142857 0.17410714285714285 0.015625 0.03125
0 0.7589285714285714 0.15625 0.017857142857142856 0.03125
0 0.8370535714285714 0.18973214285714285 0.03794642857142857 0.022321428571428572
0 0.9553571428571429 0.14732142857142858 0.017857142857142856 0.029017857142857144
0 0.9665178571428571 0.21205357142857142 0.015625 0.024553571428571428
0 0.59375 0.4642857142857143 0.06473214285714286 0.026785714285714284
0 0.43080357142857145 0.7098214285714286 0.060267857142857144 0.04241071428571429