0 0.08928571428571429 0.14955357142857142 0.017857142857142856 0.033482142857142856
0 0.24553571428571427 0.10491071428571429 0.020089285714285716 0.022321428571428572
0 0.36830357142857145 0.12723214285714285 0.015625 0.029017857142857144
0 0.37723214285714285 0.17857142857142858 0.05357142857142857 0.015625
0 0.5290178571428571 0.11607142857142858 0.013392857142857142 0.017857142857142856
0 0.5758928571428571 0.11607142857142858 0.011160714285714286 0.020089285714285716
0 0.5625 0.14732142857142858 0.011160714285714286 0.022321428571428572
0 0.6026785714285714 0.13839285714285715 0.022321428571428572 0.022321428571428572
0 0.65625 0.12053571428571429 0.044642857142857144 0.013392857142857142
0 0.71875 0.125 0.015625 0.022321428571428572
0 0.7165178571428571 0.17857142857142858 0.049107142857142856 0.017857142857142856
0 0.7522321428571429 0.16294642857142858 0.04241071428571429 0.017857142857142856
0 0.8058035714285714 0.12053571428571429 0.008928571428571428 0.015625
0 0.8482142857142857 0.125 0.011160714285714286 0.015625