0 0.017857142857142856 0.20535714285714285 0.033482142857142856 0.017857142857142856
0 0.09821428571428571 0.18080357142857142 0.049107142857142856 0.017857142857142856
0 0.22767857142857142 0.12946428571428573 0.020089285714285716 0.029017857142857144
0 0.3638392857142857 0.11830357142857142 0.024553571428571428 0.020089285714285716
0 0.4174107142857143 0.15625 0.026785714285714284 0.020089285714285716
0 0.4955357142857143 0.11830357142857142 0.024553571428571428 0.022321428571428572
0 0.6450892857142857 0.11607142857142858 0.022321428571428572 0.024553571428571428
0 0.8459821428571429 0.11607142857142858 0.022321428571428572 0.017857142857142856
0 0.6919642857142857 0.20758928571428573 0.05357142857142857 0.015625
0 0.8839285714285714 0.17410714285714285 0.04241071428571429 0.015625
0 0.9888392857142857 0.14732142857142858 0.017857142857142856 0.017857142857142856
0 0.8995535714285714 0.11160714285714286 0.013392857142857142 0.015625