0 0.9598214285714286 0.16294642857142858 0.017857142857142856 0.024553571428571428
0 0.9285714285714286 0.16964285714285715 0.022321428571428572 0.024553571428571428
0 0.8504464285714286 0.16294642857142858 0.015625 0.024553571428571428
0 0.7879464285714286 0.16517857142857142 0.029017857142857144 0.020089285714285716
0 0.7522321428571429 0.16741071428571427 0.017857142857142856 0.03125
0 0.6160714285714286 0.14732142857142858 0.013392857142857142 0.020089285714285716
0 0.6294642857142857 0.15848214285714285 0.05133928571428571 0.020089285714285716
0 0.5870535714285714 0.14955357142857142 0.011160714285714286 0.022321428571428572
0 0.6428571428571429 0.17857142857142858 0.03125 0.015625
0 0.5357142857142857 0.14285714285714285 0.015625 0.026785714285714284
0 0.40401785714285715 0.1875 0.024553571428571428 0.013392857142857142
0 0.29910714285714285 0.14732142857142858 0.013392857142857142 0.017857142857142856
0 0.38169642857142855 0.14508928571428573 0.05803571428571429 0.020089285714285716
0 0.20089285714285715 0.14285714285714285 0.013392857142857142 0.024553571428571428
0 0.12053571428571429 0.16741071428571427 0.03571428571428571 0.022321428571428572
0 0.17633928571428573 0.16964285714285715 0.03125 0.017857142857142856
0 0.23883928571428573 0.14732142857142858 0.013392857142857142 0.017857142857142856
0 0.22544642857142858 0.14955357142857142 0.013392857142857142 0.015625
0 0.484375 0.38392857142857145 0.04017857142857143 0.022321428571428572
0 0.3325892857142857 0.359375 0.033482142857142856 0.020089285714285716