0 0.9866071428571429 0.23660714285714285 0.024553571428571428 0.020089285714285716
0 0.9866071428571429 0.28348214285714285 0.017857142857142856 0.03125
0 0.6830357142857143 0.25669642857142855 0.026785714285714284 0.020089285714285716
0 0.6294642857142857 0.24107142857142858 0.044642857142857144 0.015625
0 0.65625 0.17857142857142858 0.017857142857142856 0.022321428571428572
0 0.4419642857142857 0.20758928571428573 0.029017857142857144 0.015625
0 0.328125 0.19642857142857142 0.015625 0.024553571428571428
0 0.29464285714285715 0.203125 0.020089285714285716 0.020089285714285716
0 0.24330357142857142 0.15848214285714285 0.013392857142857142 0.017857142857142856
0 0.16294642857142858 0.23214285714285715 0.04017857142857143 0.015625
0 0.060267857142857144 0.22991071428571427 0.024553571428571428 0.011160714285714286
0 0.15401785714285715 0.20982142857142858 0.022321428571428572 0.015625