0 0.29910714285714285 0.21875 0.024553571428571428 0.026785714285714284
0 0.40625 0.18303571428571427 0.026785714285714284 0.015625
0 0.4888392857142857 0.20535714285714285 0.026785714285714284 0.015625
0 0.4888392857142857 0.22991071428571427 0.04017857142857143 0.013392857142857142
0 0.5290178571428571 0.21205357142857142 0.017857142857142856 0.029017857142857144
0 0.6160714285714286 0.19419642857142858 0.013392857142857142 0.026785714285714284
0 0.6116071428571429 0.16741071428571427 0.020089285714285716 0.024553571428571428
0 0.7053571428571429 0.18973214285714285 0.015625 0.029017857142857144
0 0.734375 0.16741071428571427 0.015625 0.015625
0 0.7544642857142857 0.16741071428571427 0.017857142857142856 0.024553571428571428
0 0.890625 0.19866071428571427 0.020089285714285716 0.026785714285714284
0 0.9754464285714286 0.171875 0.024553571428571428 0.015625