0 0.11160714285714286 0.2857142857142857 0.020089285714285716 0.022321428571428572
0 0.13616071428571427 0.296875 0.049107142857142856 0.026785714285714284
0 0.2544642857142857 0.27901785714285715 0.07142857142857142 0.020089285714285716
0 0.296875 0.28125 0.024553571428571428 0.024553571428571428
0 0.34151785714285715 0.25 0.033482142857142856 0.026785714285714284
0 0.37723214285714285 0.24553571428571427 0.024553571428571428 0.024553571428571428
0 0.4419642857142857 0.25 0.020089285714285716 0.03571428571428571
0 0.38392857142857145 0.28794642857142855 0.033482142857142856 0.026785714285714284
0 0.5870535714285714 0.3080357142857143 0.026785714285714284 0.024553571428571428
0 0.7254464285714286 0.22321428571428573 0.015625 0.029017857142857144
0 0.9040178571428571 0.21651785714285715 0.033482142857142856 0.029017857142857144