0 0.013392857142857142 0.16294642857142858 0.017857142857142856 0.03571428571428571
0 0.171875 0.16071428571428573 0.022321428571428572 0.03794642857142857
0 0.20758928571428573 0.12723214285714285 0.017857142857142856 0.029017857142857144
0 0.25669642857142855 0.12946428571428573 0.03125 0.017857142857142856
0 0.36160714285714285 0.09151785714285714 0.020089285714285716 0.033482142857142856
0 0.40401785714285715 0.24330357142857142 0.017857142857142856 0.020089285714285716
0 0.4799107142857143 0.16517857142857142 0.029017857142857144 0.033482142857142856
0 0.53125 0.15178571428571427 0.078125 0.022321428571428572
0 0.5535714285714286 0.12723214285714285 0.020089285714285716 0.033482142857142856
0 0.6763392857142857 0.12723214285714285 0.04017857142857143 0.020089285714285716
0 0.7834821428571429 0.17633928571428573 0.044642857142857144 0.022321428571428572
0 0.8549107142857143 0.10267857142857142 0.046875 0.020089285714285716
0 0.9441964285714286 0.15625 0.06696428571428571 0.024553571428571428