0 0.08258928571428571 0.19642857142857142 0.015625 0.022321428571428572
0 0.22991071428571427 0.19196428571428573 0.03794642857142857 0.017857142857142856
0 0.25892857142857145 0.18080357142857142 0.015625 0.024553571428571428
0 0.35267857142857145 0.13392857142857142 0.015625 0.026785714285714284
0 0.34375 0.19419642857142858 0.03125 0.029017857142857144
0 0.48214285714285715 0.13392857142857142 0.011160714285714286 0.017857142857142856
0 0.53125 0.12946428571428573 0.015625 0.017857142857142856
0 0.5491071428571429 0.20089285714285715 0.05580357142857143 0.020089285714285716
0 0.6495535714285714 0.16294642857142858 0.03571428571428571 0.029017857142857144
0 0.6941964285714286 0.19419642857142858 0.03571428571428571 0.015625
0 0.7477678571428571 0.19419642857142858 0.026785714285714284 0.015625
0 0.8348214285714286 0.15401785714285715 0.015625 0.020089285714285716
0 0.8973214285714286 0.16071428571428573 0.022321428571428572 0.020089285714285716
0 0.9866071428571429 0.14732142857142858 0.020089285714285716 0.017857142857142856
0 0.9910714285714286 0.18526785714285715 0.011160714285714286 0.026785714285714284