0 0.16517857142857142 0.21205357142857142 0.026785714285714284 0.033482142857142856
0 0.27232142857142855 0.19419642857142858 0.049107142857142856 0.024553571428571428
0 0.3392857142857143 0.20535714285714285 0.026785714285714284 0.03571428571428571
0 0.375 0.16964285714285715 0.020089285714285716 0.029017857142857144
0 0.7767857142857143 0.15178571428571427 0.017857142857142856 0.03125
0 0.828125 0.16071428571428573 0.024553571428571428 0.020089285714285716
0 0.8080357142857143 0.18303571428571427 0.020089285714285716 0.03571428571428571
0 0.9464285714285714 0.17633928571428573 0.022321428571428572 0.029017857142857144
0 0.984375 0.171875 0.022321428571428572 0.03125
0 0.9665178571428571 0.20089285714285715 0.020089285714285716 0.022321428571428572
0 0.42857142857142855 0.2857142857142857 0.015625 0.015625