0 0.9508928571428571 0.27455357142857145 0.022321428571428572 0.03794642857142857
0 0.8549107142857143 0.30357142857142855 0.04241071428571429 0.020089285714285716
0 0.890625 0.3236607142857143 0.024553571428571428 0.026785714285714284
0 0.7366071428571429 0.5714285714285714 0.05580357142857143 0.03125
0 0.7544642857142857 0.24553571428571427 0.029017857142857144 0.022321428571428572
0 0.6026785714285714 0.23660714285714285 0.020089285714285716 0.03125
0 0.43526785714285715 0.2544642857142857 0.04017857142857143 0.015625
0 0.36160714285714285 0.25669642857142855 0.029017857142857144 0.022321428571428572
0 0.2857142857142857 0.2544642857142857 0.033482142857142856 0.022321428571428572
0 0.029017857142857144 0.26339285714285715 0.022321428571428572 0.022321428571428572
0 0.022321428571428572 0.609375 0.03571428571428571 0.04017857142857143