0 0.14955357142857142 0.18973214285714285 0.05133928571428571 0.020089285714285716
0 0.21875 0.171875 0.020089285714285716 0.022321428571428572
0 0.296875 0.18973214285714285 0.017857142857142856 0.03125
0 0.3236607142857143 0.20535714285714285 0.033482142857142856 0.013392857142857142
0 0.4955357142857143 0.20089285714285715 0.03125 0.015625
0 0.5825892857142857 0.21651785714285715 0.026785714285714284 0.013392857142857142
0 0.6316964285714286 0.1875 0.015625 0.024553571428571428
0 0.6897321428571429 0.16294642857142858 0.020089285714285716 0.029017857142857144
0 0.7299107142857143 0.21428571428571427 0.04241071428571429 0.015625
0 0.7745535714285714 0.16964285714285715 0.020089285714285716 0.024553571428571428
0 0.9174107142857143 0.16071428571428573 0.029017857142857144 0.017857142857142856
0 0.8772321428571429 0.16517857142857142 0.03794642857142857 0.020089285714285716
0 0.9776785714285714 0.19419642857142858 0.033482142857142856 0.013392857142857142
0 0.7276785714285714 0.15401785714285715 0.03571428571428571 0.022321428571428572