0 0.9888392857142857 0.171875 0.013392857142857142 0.03125
0 0.859375 0.16517857142857142 0.020089285714285716 0.029017857142857144
0 0.7678571428571429 0.16071428571428573 0.015625 0.03125
0 0.6964285714285714 0.17633928571428573 0.013392857142857142 0.020089285714285716
0 0.6986607142857143 0.140625 0.026785714285714284 0.04241071428571429
0 0.53125 0.15401785714285715 0.029017857142857144 0.029017857142857144
0 0.53125 0.25669642857142855 0.03125 0.022321428571428572
0 0.4263392857142857 0.18526785714285715 0.033482142857142856 0.03125
0 0.39955357142857145 0.22991071428571427 0.015625 0.020089285714285716
0 0.3236607142857143 0.19419642857142858 0.024553571428571428 0.024553571428571428
0 0.27455357142857145 0.14508928571428573 0.020089285714285716 0.022321428571428572
0 0.24553571428571427 0.125 0.017857142857142856 0.024553571428571428
0 0.109375 0.13616071428571427 0.020089285714285716 0.015625
0 0.029017857142857144 0.13169642857142858 0.04241071428571429 0.020089285714285716