0 0.9799107142857143 0.12723214285714285 0.03125 0.03125
0 0.8258928571428571 0.14955357142857142 0.020089285714285716 0.033482142857142856
0 0.5580357142857143 0.08482142857142858 0.015625 0.03125
0 0.6205357142857143 0.18080357142857142 0.017857142857142856 0.022321428571428572
0 0.53125 0.19866071428571427 0.060267857142857144 0.020089285714285716
0 0.234375 0.12053571428571429 0.015625 0.026785714285714284
0 0.19642857142857142 0.08258928571428571 0.013392857142857142 0.017857142857142856
0 0.08705357142857142 0.1875 0.033482142857142856 0.020089285714285716
0 0.08035714285714286 0.16071428571428573 0.020089285714285716 0.017857142857142856
0 0.08482142857142858 0.08035714285714286 0.022321428571428572 0.022321428571428572
0 0.011160714285714286 0.08705357142857142 0.015625 0.017857142857142856
0 0.004464285714285714 0.06919642857142858 0.004464285714285714 0.026785714285714284