0 0.7477678571428571 0.19642857142857142 0.05133928571428571 0.020089285714285716
0 0.5669642857142857 0.16964285714285715 0.04241071428571429 0.015625
0 0.5223214285714286 0.17633928571428573 0.03794642857142857 0.020089285714285716
0 0.47098214285714285 0.17410714285714285 0.03794642857142857 0.017857142857142856
0 0.421875 0.17410714285714285 0.017857142857142856 0.024553571428571428
0 0.29017857142857145 0.17857142857142858 0.015625 0.013392857142857142
0 0.21875 0.16964285714285715 0.03125 0.022321428571428572
0 0.171875 0.16964285714285715 0.015625 0.024553571428571428
0 0.14285714285714285 0.17410714285714285 0.017857142857142856 0.020089285714285716
0 0.12276785714285714 0.16964285714285715 0.013392857142857142 0.022321428571428572
0 0.0625 0.17633928571428573 0.029017857142857144 0.020089285714285716