0 0.011160714285714286 0.12723214285714285 0.022321428571428572 0.017857142857142856
0 0.125 0.12276785714285714 0.020089285714285716 0.03571428571428571
0 0.29464285714285715 0.07366071428571429 0.020089285714285716 0.024553571428571428
0 0.4263392857142857 0.09821428571428571 0.017857142857142856 0.03125
0 0.43526785714285715 0.15178571428571427 0.05803571428571429 0.017857142857142856
0 0.6004464285714286 0.08482142857142858 0.015625 0.020089285714285716
0 0.6495535714285714 0.08705357142857142 0.013392857142857142 0.022321428571428572
0 0.6361607142857143 0.12053571428571429 0.013392857142857142 0.024553571428571428
0 0.6785714285714286 0.109375 0.024553571428571428 0.024553571428571428
0 0.7366071428571429 0.08928571428571429 0.049107142857142856 0.015625
0 0.8035714285714286 0.09598214285714286 0.017857142857142856 0.024553571428571428
0 0.8035714285714286 0.15401785714285715 0.05133928571428571 0.017857142857142856
0 0.8392857142857143 0.13616071428571427 0.044642857142857144 0.020089285714285716
0 0.8973214285714286 0.09151785714285714 0.011160714285714286 0.015625
0 0.9441964285714286 0.09375 0.011160714285714286 0.015625