0 0.9709821428571429 0.1875 0.049107142857142856 0.026785714285714284
0 0.7366071428571429 0.35714285714285715 0.026785714285714284 0.03794642857142857
0 0.5267857142857143 0.3325892857142857 0.033482142857142856 0.044642857142857144
0 0.8459821428571429 0.18526785714285715 0.03571428571428571 0.020089285714285716
0 0.7901785714285714 0.15848214285714285 0.020089285714285716 0.017857142857142856
0 0.6651785714285714 0.18973214285714285 0.060267857142857144 0.017857142857142856
0 0.6607142857142857 0.14955357142857142 0.029017857142857144 0.03571428571428571
0 0.546875 0.09821428571428571 0.017857142857142856 0.022321428571428572
0 0.6116071428571429 0.14732142857142858 0.017857142857142856 0.022321428571428572
0 0.49107142857142855 0.16517857142857142 0.04017857142857143 0.015625
0 0.22767857142857142 0.20089285714285715 0.049107142857142856 0.015625
0 0.234375 0.12723214285714285 0.024553571428571428 0.020089285714285716