0 0.029017857142857144 0.14732142857142858 0.03571428571428571 0.020089285714285716
0 0.08928571428571429 0.16741071428571427 0.05357142857142857 0.017857142857142856
0 0.20758928571428573 0.09151785714285714 0.015625 0.026785714285714284
0 0.2611607142857143 0.125 0.044642857142857144 0.017857142857142856
0 0.40848214285714285 0.13839285714285715 0.022321428571428572 0.017857142857142856
0 0.35714285714285715 0.09375 0.011160714285714286 0.017857142857142856
0 0.46875 0.11160714285714286 0.05580357142857143 0.020089285714285716
0 0.4888392857142857 0.09375 0.017857142857142856 0.017857142857142856
0 0.5535714285714286 0.09375 0.015625 0.017857142857142856
0 0.6808035714285714 0.10044642857142858 0.015625 0.015625
0 0.7946428571428571 0.10267857142857142 0.013392857142857142 0.015625
0 0.8214285714285714 0.10044642857142858 0.024553571428571428 0.020089285714285716
0 0.7700892857142857 0.140625 0.020089285714285716 0.013392857142857142
0 0.9241071428571429 0.18080357142857142 0.024553571428571428 0.015625