0 0.19419642857142858 0.15625 0.020089285714285716 0.022321428571428572
0 0.18303571428571427 0.20758928571428573 0.033482142857142856 0.015625
0 0.42410714285714285 0.16071428571428573 0.044642857142857144 0.015625
0 0.4799107142857143 0.14955357142857142 0.020089285714285716 0.024553571428571428
0 0.5602678571428571 0.18303571428571427 0.033482142857142856 0.015625
0 0.35044642857142855 0.13616071428571427 0.024553571428571428 0.017857142857142856
0 0.5959821428571429 0.11160714285714286 0.017857142857142856 0.033482142857142856
0 0.609375 0.09375 0.017857142857142856 0.026785714285714284
0 0.6205357142857143 0.13839285714285715 0.015625 0.022321428571428572
0 0.7053571428571429 0.12946428571428573 0.020089285714285716 0.020089285714285716
0 0.7321428571428571 0.09598214285714286 0.020089285714285716 0.017857142857142856
0 0.7678571428571429 0.10267857142857142 0.020089285714285716 0.03125
0 0.7678571428571429 0.13392857142857142 0.044642857142857144 0.013392857142857142
0 0.9263392857142857 0.13839285714285715 0.022321428571428572 0.022321428571428572