0 0.9642857142857143 0.26785714285714285 0.03571428571428571 0.024553571428571428
0 0.8839285714285714 0.29017857142857145 0.020089285714285716 0.029017857142857144
0 0.7589285714285714 0.29910714285714285 0.049107142857142856 0.026785714285714284
0 0.765625 0.25892857142857145 0.029017857142857144 0.020089285714285716
0 0.7678571428571429 0.22767857142857142 0.046875 0.024553571428571428
0 0.6584821428571429 0.21875 0.029017857142857144 0.033482142857142856
0 0.6785714285714286 0.2611607142857143 0.06696428571428571 0.017857142857142856
0 0.6875 0.33705357142857145 0.049107142857142856 0.024553571428571428
0 0.05133928571428571 0.2924107142857143 0.011160714285714286 0.013392857142857142
0 0.08482142857142858 0.265625 0.020089285714285716 0.04017857142857143
0 0.11830357142857142 0.375 0.049107142857142856 0.022321428571428572