0 0.015625 0.11607142857142858 0.03125 0.026785714285714284
0 0.07589285714285714 0.12946428571428573 0.013392857142857142 0.022321428571428572
0 0.19866071428571427 0.125 0.017857142857142856 0.026785714285714284
0 0.28348214285714285 0.12053571428571429 0.015625 0.029017857142857144
0 0.3482142857142857 0.13392857142857142 0.013392857142857142 0.020089285714285716
0 0.3482142857142857 0.10267857142857142 0.024553571428571428 0.04017857142857143
0 0.5022321428571429 0.11383928571428571 0.026785714285714284 0.026785714285714284
0 0.5022321428571429 0.20982142857142858 0.029017857142857144 0.022321428571428572
0 0.6004464285714286 0.14285714285714285 0.03125 0.029017857142857144
0 0.625 0.18526785714285715 0.013392857142857142 0.020089285714285716
0 0.6964285714285714 0.15178571428571427 0.022321428571428572 0.024553571428571428
0 0.7410714285714286 0.10714285714285714 0.017857142857142856 0.020089285714285716
0 0.7700892857142857 0.08705357142857142 0.015625 0.024553571428571428
0 0.8950892857142857 0.09598214285714286 0.020089285714285716 0.015625
0 0.96875 0.09375 0.04017857142857143 0.017857142857142856