0 0.8169642857142857 0.17633928571428573 0.017857142857142856 0.022321428571428572
0 0.6964285714285714 0.1875 0.029017857142857144 0.013392857142857142
0 0.5714285714285714 0.17633928571428573 0.013392857142857142 0.029017857142857144
0 0.6026785714285714 0.23883928571428573 0.03571428571428571 0.015625
0 0.47098214285714285 0.22098214285714285 0.017857142857142856 0.017857142857142856
0 0.38169642857142855 0.18526785714285715 0.013392857142857142 0.020089285714285716
0 0.33035714285714285 0.16071428571428573 0.017857142857142856 0.017857142857142856
0 0.3080357142857143 0.16517857142857142 0.015625 0.015625
0 0.2700892857142857 0.18080357142857142 0.008928571428571428 0.017857142857142856
0 0.24107142857142858 0.17633928571428573 0.017857142857142856 0.022321428571428572
0 0.22098214285714285 0.18526785714285715 0.015625 0.022321428571428572
0 0.33035714285714285 0.18526785714285715 0.017857142857142856 0.020089285714285716
0 0.20089285714285715 0.21205357142857142 0.015625 0.026785714285714284
0 0.20089285714285715 0.16964285714285715 0.015625 0.026785714285714284
0 0.15178571428571427 0.16964285714285715 0.020089285714285716 0.029017857142857144