0 0.08705357142857142 0.20758928571428573 0.022321428571428572 0.022321428571428572
0 0.13839285714285715 0.20089285714285715 0.05803571428571429 0.020089285714285716
0 0.14508928571428573 0.26785714285714285 0.044642857142857144 0.017857142857142856
0 0.23214285714285715 0.21205357142857142 0.017857142857142856 0.015625
0 0.26785714285714285 0.21428571428571427 0.020089285714285716 0.015625
0 0.36160714285714285 0.24330357142857142 0.04241071428571429 0.020089285714285716
0 0.45535714285714285 0.28348214285714285 0.03571428571428571 0.020089285714285716
0 0.515625 0.20758928571428573 0.026785714285714284 0.015625
0 0.5803571428571429 0.20535714285714285 0.015625 0.022321428571428572
0 0.6495535714285714 0.203125 0.026785714285714284 0.029017857142857144
0 0.7879464285714286 0.20535714285714285 0.022321428571428572 0.015625
0 0.9910714285714286 0.20982142857142858 0.008928571428571428 0.020089285714285716