0 0.8258928571428571 0.25223214285714285 0.015625 0.033482142857142856
0 0.7254464285714286 0.26339285714285715 0.05357142857142857 0.017857142857142856
0 0.6428571428571429 0.265625 0.04241071428571429 0.022321428571428572
0 0.5022321428571429 0.26785714285714285 0.03571428571428571 0.03125
0 0.4732142857142857 0.2857142857142857 0.03571428571428571 0.022321428571428572
0 0.4642857142857143 0.21875 0.03125 0.03125
0 0.37276785714285715 0.28125 0.022321428571428572 0.029017857142857144
0 0.30357142857142855 0.25 0.024553571428571428 0.03125
0 0.22544642857142858 0.29464285714285715 0.03125 0.033482142857142856
0 0.07589285714285714 0.2700892857142857 0.017857142857142856 0.024553571428571428
0 0.07589285714285714 0.22991071428571427 0.022321428571428572 0.033482142857142856