0 0.9709821428571429 0.12946428571428573 0.020089285714285716 0.026785714285714284
0 0.8102678571428571 0.13839285714285715 0.026785714285714284 0.029017857142857144
0 0.7790178571428571 0.203125 0.05803571428571429 0.022321428571428572
0 0.6294642857142857 0.14732142857142858 0.020089285714285716 0.013392857142857142
0 0.43080357142857145 0.12946428571428573 0.06696428571428571 0.029017857142857144
0 0.32589285714285715 0.11830357142857142 0.020089285714285716 0.03794642857142857
0 0.43080357142857145 0.14508928571428573 0.06473214285714286 0.024553571428571428
0 0.21428571428571427 0.09598214285714286 0.022321428571428572 0.033482142857142856
0 0.2700892857142857 0.109375 0.033482142857142856 0.026785714285714284
0 0.25892857142857145 0.14508928571428573 0.05580357142857143 0.020089285714285716
0 0.03794642857142857 0.13839285714285715 0.020089285714285716 0.029017857142857144
0 0.3549107142857143 0.13616071428571427 0.05133928571428571 0.017857142857142856