0 0.8147321428571429 0.19866071428571427 0.022321428571428572 0.026785714285714284
0 0.6919642857142857 0.15625 0.024553571428571428 0.026785714285714284
0 0.6227678571428571 0.16071428571428573 0.046875 0.015625
0 0.5401785714285714 0.14508928571428573 0.020089285714285716 0.029017857142857144
0 0.40401785714285715 0.125 0.029017857142857144 0.026785714285714284
0 0.2857142857142857 0.18303571428571427 0.04241071428571429 0.017857142857142856
0 0.19196428571428573 0.13392857142857142 0.015625 0.024553571428571428
0 0.13169642857142858 0.12946428571428573 0.017857142857142856 0.020089285714285716
0 0.08482142857142858 0.13169642857142858 0.011160714285714286 0.017857142857142856
0 0.05803571428571429 0.12946428571428573 0.022321428571428572 0.020089285714285716
0 0.011160714285714286 0.13392857142857142 0.017857142857142856 0.03125