0 0.8459821428571429 0.26785714285714285 0.026785714285714284 0.033482142857142856
0 0.7366071428571429 0.25 0.049107142857142856 0.024553571428571428
0 0.6696428571428571 0.26339285714285715 0.026785714285714284 0.03571428571428571
0 0.6316964285714286 0.22544642857142858 0.020089285714285716 0.029017857142857144
0 0.22767857142857142 0.20982142857142858 0.017857142857142856 0.03125
0 0.17633928571428573 0.21651785714285715 0.024553571428571428 0.020089285714285716
0 0.19642857142857142 0.23883928571428573 0.020089285714285716 0.03571428571428571
0 0.05803571428571429 0.23214285714285715 0.022321428571428572 0.029017857142857144
0 0.020089285714285716 0.22991071428571427 0.024553571428571428 0.03125
0 0.03794642857142857 0.25669642857142855 0.020089285714285716 0.022321428571428572
0 0.578125 0.34151785714285715 0.015625 0.015625