0 0.6540178571428571 0.18303571428571427 0.015625 0.024553571428571428
0 0.6160714285714286 0.19196428571428573 0.020089285714285716 0.026785714285714284
0 0.5066964285714286 0.19419642857142858 0.024553571428571428 0.033482142857142856
0 0.4419642857142857 0.24107142857142858 0.020089285714285716 0.024553571428571428
0 0.3705357142857143 0.25 0.015625 0.017857142857142856
0 0.265625 0.25223214285714285 0.024553571428571428 0.017857142857142856
0 0.140625 0.19196428571428573 0.015625 0.020089285714285716
0 0.10491071428571429 0.1875 0.020089285714285716 0.017857142857142856
0 0.046875 0.24330357142857142 0.024553571428571428 0.013392857142857142
0 0.06473214285714286 0.19642857142857142 0.024553571428571428 0.015625
0 0.04241071428571429 0.16741071428571427 0.017857142857142856 0.03125