0 0.03571428571428571 0.28125 0.060267857142857144 0.024553571428571428
0 0.12053571428571429 0.33482142857142855 0.05580357142857143 0.017857142857142856
0 0.39285714285714285 0.25 0.022321428571428572 0.033482142857142856
0 0.5401785714285714 0.25223214285714285 0.029017857142857144 0.022321428571428572
0 0.5491071428571429 0.4375 0.017857142857142856 0.017857142857142856
0 0.6897321428571429 0.25223214285714285 0.03125 0.022321428571428572
0 0.7745535714285714 0.2544642857142857 0.020089285714285716 0.024553571428571428
0 0.7924107142857143 0.27232142857142855 0.05133928571428571 0.017857142857142856
0 0.84375 0.24107142857142858 0.04017857142857143 0.017857142857142856
0 0.9709821428571429 0.25669642857142855 0.04241071428571429 0.020089285714285716
0 0.9933035714285714 0.27901785714285715 0.006696428571428571 0.020089285714285716