0 0.05357142857142857 0.15178571428571427 0.015625 0.022321428571428572
0 0.19866071428571427 0.14732142857142858 0.03794642857142857 0.017857142857142856
0 0.22767857142857142 0.13616071428571427 0.015625 0.024553571428571428
0 0.32142857142857145 0.08928571428571429 0.015625 0.026785714285714284
0 0.3125 0.14955357142857142 0.03125 0.029017857142857144
0 0.45089285714285715 0.08928571428571429 0.011160714285714286 0.017857142857142856
0 0.5022321428571429 0.08482142857142858 0.015625 0.017857142857142856
0 0.5178571428571429 0.15625 0.05580357142857143 0.020089285714285716
0 0.6183035714285714 0.11830357142857142 0.03571428571428571 0.029017857142857144
0 0.6629464285714286 0.14955357142857142 0.03571428571428571 0.015625
0 0.7165178571428571 0.14955357142857142 0.026785714285714284 0.015625
0 0.8035714285714286 0.109375 0.015625 0.020089285714285716
0 0.8660714285714286 0.11607142857142858 0.022321428571428572 0.020089285714285716
0 0.9553571428571429 0.10267857142857142 0.020089285714285716 0.017857142857142856
0 0.9754464285714286 0.140625 0.04241071428571429 0.026785714285714284