0 0.24330357142857142 0.17857142857142858 0.013392857142857142 0.013392857142857142
0 0.31026785714285715 0.171875 0.017857142857142856 0.024553571428571428
0 0.359375 0.21651785714285715 0.0625 0.020089285714285716
0 0.6183035714285714 0.16294642857142858 0.013392857142857142 0.022321428571428572
0 0.7120535714285714 0.171875 0.015625 0.020089285714285716
0 0.7834821428571429 0.16964285714285715 0.013392857142857142 0.020089285714285716
0 0.828125 0.16294642857142858 0.013392857142857142 0.015625
0 0.8526785714285714 0.171875 0.015625 0.020089285714285716
0 0.9330357142857143 0.14732142857142858 0.015625 0.022321428571428572
0 0.9910714285714286 0.16517857142857142 0.008928571428571428 0.020089285714285716
0 0.4732142857142857 0.17857142857142858 0.011160714285714286 0.013392857142857142