0 0.7879464285714286 0.17633928571428573 0.020089285714285716 0.022321428571428572
0 0.7991071428571429 0.22767857142857142 0.03571428571428571 0.015625
0 0.5513392857142857 0.18080357142857142 0.046875 0.015625
0 0.49330357142857145 0.16964285714285715 0.020089285714285716 0.026785714285714284
0 0.4107142857142857 0.203125 0.033482142857142856 0.017857142857142856
0 0.6294642857142857 0.15401785714285715 0.026785714285714284 0.017857142857142856
0 0.375 0.12946428571428573 0.017857142857142856 0.03571428571428571
0 0.36160714285714285 0.11160714285714286 0.017857142857142856 0.026785714285714284
0 0.35044642857142855 0.15625 0.017857142857142856 0.024553571428571428
0 0.26339285714285715 0.14955357142857142 0.020089285714285716 0.022321428571428572
0 0.23660714285714285 0.11383928571428571 0.020089285714285716 0.017857142857142856
0 0.19866071428571427 0.12053571428571429 0.020089285714285716 0.03125
0 0.19642857142857142 0.15178571428571427 0.044642857142857144 0.013392857142857142
0 0.033482142857142856 0.15625 0.022321428571428572 0.024553571428571428