0 0.10044642857142858 0.2857142857142857 0.024553571428571428 0.029017857142857144
0 0.08258928571428571 0.25669642857142855 0.05580357142857143 0.022321428571428572
0 0.12053571428571429 0.21875 0.020089285714285716 0.029017857142857144
0 0.14732142857142858 0.21651785714285715 0.024553571428571428 0.03571428571428571
0 0.23660714285714285 0.22321428571428573 0.024553571428571428 0.03571428571428571
0 0.27232142857142855 0.25892857142857145 0.026785714285714284 0.033482142857142856
0 0.5334821428571429 0.33035714285714285 0.060267857142857144 0.022321428571428572
0 0.625 0.21875 0.026785714285714284 0.033482142857142856
0 0.6674107142857143 0.234375 0.04017857142857143 0.026785714285714284
0 0.7566964285714286 0.171875 0.029017857142857144 0.026785714285714284
0 0.9151785714285714 0.17857142857142858 0.044642857142857144 0.020089285714285716
0 0.9196428571428571 0.21205357142857142 0.017857142857142856 0.026785714285714284
0 0.9352678571428571 0.23883928571428573 0.017857142857142856 0.04017857142857143