0 0.9866071428571429 0.20758928571428573 0.017857142857142856 0.03125
0 0.9330357142857143 0.21651785714285715 0.046875 0.020089285714285716
0 0.8638392857142857 0.20535714285714285 0.020089285714285716 0.024553571428571428
0 0.8303571428571429 0.2544642857142857 0.017857142857142856 0.022321428571428572
0 0.7991071428571429 0.21875 0.049107142857142856 0.022321428571428572
0 0.7589285714285714 0.27455357142857145 0.024553571428571428 0.022321428571428572
0 0.6316964285714286 0.22098214285714285 0.017857142857142856 0.026785714285714284
0 0.5535714285714286 0.22544642857142858 0.020089285714285716 0.022321428571428572
0 0.43973214285714285 0.22991071428571427 0.044642857142857144 0.015625
0 0.31026785714285715 0.27455357142857145 0.026785714285714284 0.044642857142857144
0 0.23883928571428573 0.22767857142857142 0.017857142857142856 0.022321428571428572
0 0.15401785714285715 0.21428571428571427 0.017857142857142856 0.024553571428571428
0 0.15848214285714285 0.26339285714285715 0.06919642857142858 0.020089285714285716