0 0.609375 0.48214285714285715 0.024553571428571428 0.020089285714285716
0 0.078125 0.36830357142857145 0.03125 0.022321428571428572
0 0.06696428571428571 0.33705357142857145 0.024553571428571428 0.029017857142857144
0 0.09598214285714286 0.24776785714285715 0.029017857142857144 0.03125
0 0.20982142857142858 0.28794642857142855 0.03794642857142857 0.022321428571428572
0 0.6941964285714286 0.24107142857142858 0.015625 0.013392857142857142
0 0.8058035714285714 0.23214285714285715 0.017857142857142856 0.020089285714285716
0 0.37276785714285715 0.31026785714285715 0.020089285714285716 0.024553571428571428
0 0.43973214285714285 0.3013392857142857 0.026785714285714284 0.017857142857142856
0 0.45089285714285715 0.2611607142857143 0.024553571428571428 0.022321428571428572
0 0.9129464285714286 0.27901785714285715 0.026785714285714284 0.020089285714285716