0 0.15401785714285715 0.15401785714285715 0.05357142857142857 0.020089285714285716
0 0.22767857142857142 0.13392857142857142 0.020089285714285716 0.022321428571428572
0 0.31026785714285715 0.15401785714285715 0.017857142857142856 0.033482142857142856
0 0.33705357142857145 0.16964285714285715 0.03571428571428571 0.013392857142857142
0 0.5200892857142857 0.16517857142857142 0.03125 0.015625
0 0.6116071428571429 0.18080357142857142 0.029017857142857144 0.013392857142857142
0 0.6607142857142857 0.14955357142857142 0.015625 0.026785714285714284
0 0.7232142857142857 0.125 0.022321428571428572 0.03125
0 0.765625 0.17857142857142858 0.044642857142857144 0.015625
0 0.8147321428571429 0.13169642857142858 0.020089285714285716 0.024553571428571428
0 0.9620535714285714 0.12276785714285714 0.03125 0.020089285714285716
0 0.9196428571428571 0.12723214285714285 0.04017857142857143 0.022321428571428572
0 0.7611607142857143 0.11607142857142858 0.03794642857142857 0.024553571428571428