0 0.9977678571428571 0.17857142857142858 0.002232142857142857 0.026785714285714284
0 0.9754464285714286 0.22321428571428573 0.04017857142857143 0.026785714285714284
0 0.8147321428571429 0.19866071428571427 0.013392857142857142 0.029017857142857144
0 0.7924107142857143 0.22321428571428573 0.024553571428571428 0.015625
0 0.6004464285714286 0.203125 0.026785714285714284 0.024553571428571428
0 0.5647321428571429 0.20982142857142858 0.013392857142857142 0.022321428571428572
0 0.47098214285714285 0.17633928571428573 0.013392857142857142 0.020089285714285716
0 0.34598214285714285 0.1875 0.017857142857142856 0.011160714285714286
0 0.28125 0.18080357142857142 0.013392857142857142 0.017857142857142856
0 0.296875 0.203125 0.022321428571428572 0.015625
0 0.16071428571428573 0.18526785714285715 0.049107142857142856 0.013392857142857142
0 0.14508928571428573 0.20089285714285715 0.026785714285714284 0.013392857142857142
0 0.12053571428571429 0.14955357142857142 0.017857142857142856 0.013392857142857142
0 0.013392857142857142 0.13392857142857142 0.011160714285714286 0.022321428571428572
0 0.022321428571428572 0.21875 0.022321428571428572 0.011160714285714286