0 0.020089285714285716 0.25892857142857145 0.020089285714285716 0.04241071428571429
0 0.004464285714285714 0.20535714285714285 0.008928571428571428 0.026785714285714284
0 0.19642857142857142 0.203125 0.044642857142857144 0.015625
0 0.234375 0.24107142857142858 0.03125 0.013392857142857142
0 0.4955357142857143 0.20089285714285715 0.04241071428571429 0.013392857142857142
0 0.4330357142857143 0.20982142857142858 0.049107142857142856 0.015625
0 0.46651785714285715 0.22544642857142858 0.046875 0.013392857142857142
0 0.8705357142857143 0.171875 0.017857142857142856 0.017857142857142856
0 0.6540178571428571 0.16071428571428573 0.011160714285714286 0.017857142857142856
0 0.8883928571428571 0.1875 0.03125 0.015625
0 0.9464285714285714 0.18303571428571427 0.026785714285714284 0.013392857142857142
0 0.9776785714285714 0.16741071428571427 0.013392857142857142 0.020089285714285716
0 0.9910714285714286 0.171875 0.008928571428571428 0.022321428571428572