0 0.09151785714285714 0.16964285714285715 0.022321428571428572 0.022321428571428572
0 0.18973214285714285 0.1875 0.04241071428571429 0.020089285714285716
0 0.27455357142857145 0.17410714285714285 0.015625 0.020089285714285716
0 0.3549107142857143 0.17857142857142858 0.03125 0.015625
0 0.48660714285714285 0.171875 0.03794642857142857 0.015625
0 0.42410714285714285 0.18303571428571427 0.04241071428571429 0.022321428571428572
0 0.40848214285714285 0.171875 0.017857142857142856 0.020089285714285716
0 0.5602678571428571 0.1875 0.04241071428571429 0.020089285714285716
0 0.5758928571428571 0.17857142857142858 0.03125 0.020089285714285716
0 0.44642857142857145 0.32142857142857145 0.026785714285714284 0.024553571428571428
0 0.9620535714285714 0.17633928571428573 0.015625 0.011160714285714286
0 0.7834821428571429 0.16741071428571427 0.033482142857142856 0.017857142857142856