0 0.07366071428571429 0.14955357142857142 0.017857142857142856 0.029017857142857144
0 0.20535714285714285 0.09375 0.017857142857142856 0.03571428571428571
0 0.19642857142857142 0.11830357142857142 0.06473214285714286 0.024553571428571428
0 0.28794642857142855 0.15625 0.06473214285714286 0.020089285714285716
0 0.42410714285714285 0.171875 0.04241071428571429 0.033482142857142856
0 0.6651785714285714 0.12053571428571429 0.022321428571428572 0.03125
0 0.6674107142857143 0.18973214285714285 0.05133928571428571 0.024553571428571428
0 0.7232142857142857 0.20089285714285715 0.04017857142857143 0.024553571428571428
0 0.7633928571428571 0.20089285714285715 0.03794642857142857 0.026785714285714284
0 0.7477678571428571 0.08928571428571429 0.020089285714285716 0.03571428571428571
0 0.8125 0.125 0.017857142857142856 0.033482142857142856
0 0.8102678571428571 0.08482142857142858 0.049107142857142856 0.017857142857142856
0 0.8772321428571429 0.10491071428571429 0.017857142857142856 0.029017857142857144