0 0.09598214285714286 0.20089285714285715 0.029017857142857144 0.017857142857142856
0 0.15848214285714285 0.16741071428571427 0.015625 0.022321428571428572
0 0.28794642857142855 0.17410714285714285 0.022321428571428572 0.024553571428571428
0 0.3125 0.22544642857142858 0.046875 0.017857142857142856
0 0.4330357142857143 0.18080357142857142 0.017857142857142856 0.011160714285714286
0 0.5959821428571429 0.16741071428571427 0.05357142857142857 0.022321428571428572
0 0.6808035714285714 0.15848214285714285 0.017857142857142856 0.03125
0 0.59375 0.17857142857142858 0.05357142857142857 0.020089285714285716
0 0.7723214285714286 0.140625 0.017857142857142856 0.026785714285714284
0 0.7254464285714286 0.14955357142857142 0.026785714285714284 0.020089285714285716
0 0.734375 0.18080357142857142 0.044642857142857144 0.015625
0 0.9151785714285714 0.17410714285714285 0.017857142857142856 0.024553571428571428
0 0.953125 0.16294642857142858 0.022321428571428572 0.015625
0 0.6584821428571429 0.171875 0.04241071428571429 0.013392857142857142