0 0.006696428571428571 0.18973214285714285 0.013392857142857142 0.015625
0 0.08482142857142858 0.20089285714285715 0.033482142857142856 0.015625
0 0.22767857142857142 0.20758928571428573 0.03125 0.015625
0 0.33035714285714285 0.20535714285714285 0.015625 0.015625
0 0.47544642857142855 0.19642857142857142 0.033482142857142856 0.015625
0 0.5892857142857143 0.14955357142857142 0.015625 0.020089285714285716
0 0.6316964285714286 0.1875 0.020089285714285716 0.024553571428571428
0 0.796875 0.16741071428571427 0.011160714285714286 0.022321428571428572
0 0.7991071428571429 0.18303571428571427 0.03794642857142857 0.011160714285714286
0 0.8325892857142857 0.14955357142857142 0.011160714285714286 0.022321428571428572
0 0.8950892857142857 0.17410714285714285 0.017857142857142856 0.013392857142857142
0 0.9196428571428571 0.15401785714285715 0.011160714285714286 0.022321428571428572
0 0.9397321428571429 0.16517857142857142 0.013392857142857142 0.024553571428571428
0 0.9620535714285714 0.17633928571428573 0.033482142857142856 0.015625