0 0.9821428571428571 0.37276785714285715 0.026785714285714284 0.022321428571428572
0 0.9799107142857143 0.39955357142857145 0.03794642857142857 0.024553571428571428
0 0.9486607142857143 0.3482142857142857 0.033482142857142856 0.04241071428571429
0 0.9017857142857143 0.30580357142857145 0.046875 0.020089285714285716
0 0.7633928571428571 0.25223214285714285 0.020089285714285716 0.033482142857142856
0 0.7455357142857143 0.35714285714285715 0.044642857142857144 0.024553571428571428
0 0.6919642857142857 0.32142857142857145 0.022321428571428572 0.03571428571428571
0 0.46875 0.25892857142857145 0.026785714285714284 0.03125
0 0.234375 0.2767857142857143 0.029017857142857144 0.03794642857142857
0 0.16294642857142858 0.24776785714285715 0.024553571428571428 0.029017857142857144
0 0.013392857142857142 0.2544642857142857 0.020089285714285716 0.029017857142857144