0 0.984375 0.19419642857142858 0.022321428571428572 0.022321428571428572
0 0.8392857142857143 0.19642857142857142 0.03571428571428571 0.020089285714285716
0 0.8504464285714286 0.22991071428571427 0.049107142857142856 0.015625
0 0.7366071428571429 0.234375 0.05357142857142857 0.022321428571428572
0 0.45982142857142855 0.23883928571428573 0.04017857142857143 0.024553571428571428
0 0.43973214285714285 0.26339285714285715 0.024553571428571428 0.020089285714285716
0 0.38169642857142855 0.265625 0.05803571428571429 0.017857142857142856
0 0.390625 0.234375 0.03125 0.017857142857142856
0 0.28125 0.23883928571428573 0.04017857142857143 0.017857142857142856
0 0.04241071428571429 0.35044642857142855 0.06473214285714286 0.024553571428571428
0 0.2857142857142857 0.18303571428571427 0.044642857142857144 0.015625
0 0.004464285714285714 0.17857142857142858 0.004464285714285714 0.020089285714285716
0 0.046875 0.18303571428571427 0.015625 0.015625
0 0.06696428571428571 0.18080357142857142 0.013392857142857142 0.015625
0 0.09821428571428571 0.18080357142857142 0.013392857142857142 0.015625
0 0.45089285714285715 0.18526785714285715 0.029017857142857144 0.013392857142857142
0 0.7767857142857143 0.20089285714285715 0.013392857142857142 0.024553571428571428