0 0.9799107142857143 0.20089285714285715 0.024553571428571428 0.029017857142857144
0 0.9241071428571429 0.23883928571428573 0.044642857142857144 0.017857142857142856
0 0.8683035714285714 0.33482142857142855 0.011160714285714286 0.015625
0 0.6517857142857143 0.16741071428571427 0.017857142857142856 0.026785714285714284
0 0.5245535714285714 0.171875 0.024553571428571428 0.033482142857142856
0 0.578125 0.27455357142857145 0.024553571428571428 0.0625
0 0.30580357142857145 0.19196428571428573 0.015625 0.022321428571428572
0 0.08705357142857142 0.14732142857142858 0.020089285714285716 0.03794642857142857
0 0.004464285714285714 0.1875 0.004464285714285714 0.03571428571428571
0 0.09375 0.19419642857142858 0.015625 0.015625
0 0.029017857142857144 0.6227678571428571 0.05133928571428571 0.029017857142857144