0 0.11383928571428571 0.20535714285714285 0.0625 0.017857142857142856
0 0.21428571428571427 0.2924107142857143 0.0625 0.017857142857142856
0 0.22321428571428573 0.20982142857142858 0.026785714285714284 0.020089285714285716
0 0.31919642857142855 0.21651785714285715 0.017857142857142856 0.013392857142857142
0 0.46651785714285715 0.20535714285714285 0.029017857142857144 0.015625
0 0.5089285714285714 0.18973214285714285 0.024553571428571428 0.015625
0 0.5245535714285714 0.20982142857142858 0.029017857142857144 0.017857142857142856
0 0.5513392857142857 0.19196428571428573 0.015625 0.024553571428571428
0 0.6049107142857143 0.19866071428571427 0.03794642857142857 0.017857142857142856
0 0.6986607142857143 0.18303571428571427 0.03794642857142857 0.015625
0 0.6785714285714286 0.21205357142857142 0.05357142857142857 0.017857142857142856
0 0.8013392857142857 0.21205357142857142 0.04017857142857143 0.020089285714285716
0 0.8772321428571429 0.1875 0.015625 0.015625
0 0.9375 0.18973214285714285 0.015625 0.020089285714285716