0 0.011160714285714286 0.16517857142857142 0.022321428571428572 0.022321428571428572
0 0.18303571428571427 0.140625 0.015625 0.03125
0 0.20758928571428573 0.16741071428571427 0.029017857142857144 0.017857142857142856
0 0.42410714285714285 0.14508928571428573 0.03125 0.029017857142857144
0 0.4642857142857143 0.15178571428571427 0.015625 0.024553571428571428
0 0.5691964285714286 0.11383928571428571 0.015625 0.022321428571428572
0 0.7098214285714286 0.12723214285714285 0.020089285714285716 0.013392857142857142
0 0.78125 0.11830357142857142 0.015625 0.020089285714285716
0 0.765625 0.14285714285714285 0.026785714285714284 0.015625
0 0.9174107142857143 0.125 0.05580357142857143 0.015625
0 0.9352678571428571 0.14285714285714285 0.03125 0.015625
0 0.9620535714285714 0.08258928571428571 0.020089285714285716 0.013392857142857142