0 0.9308035714285714 0.265625 0.024553571428571428 0.029017857142857144
0 0.7991071428571429 0.22098214285714285 0.024553571428571428 0.029017857142857144
0 0.7254464285714286 0.22544642857142858 0.05133928571428571 0.015625
0 0.6361607142857143 0.20758928571428573 0.020089285714285716 0.03125
0 0.49107142857142855 0.1875 0.03125 0.029017857142857144
0 0.3638392857142857 0.25 0.046875 0.020089285714285716
0 0.2611607142857143 0.19642857142857142 0.017857142857142856 0.026785714285714284
0 0.19642857142857142 0.19196428571428573 0.020089285714285716 0.022321428571428572
0 0.14732142857142858 0.19419642857142858 0.011160714285714286 0.017857142857142856
0 0.12053571428571429 0.19196428571428573 0.024553571428571428 0.022321428571428572
0 0.06473214285714286 0.19642857142857142 0.026785714285714284 0.033482142857142856