0 0.8125 0.18526785714285715 0.020089285714285716 0.013392857142857142
0 0.6964285714285714 0.18080357142857142 0.03794642857142857 0.017857142857142856
0 0.7321428571428571 0.17410714285714285 0.03571428571428571 0.015625
0 0.5066964285714286 0.18526785714285715 0.03571428571428571 0.015625
0 0.3950892857142857 0.16294642857142858 0.015625 0.020089285714285716
0 0.19642857142857142 0.17410714285714285 0.017857142857142856 0.022321428571428572
0 0.1875 0.16071428571428573 0.020089285714285716 0.017857142857142856
0 0.375 0.18080357142857142 0.04241071428571429 0.020089285714285716
0 0.140625 0.16294642857142858 0.013392857142857142 0.017857142857142856
0 0.2700892857142857 0.1875 0.029017857142857144 0.013392857142857142
0 0.017857142857142856 0.18973214285714285 0.029017857142857144 0.017857142857142856