0 0.10714285714285714 0.08258928571428571 0.026785714285714284 0.015625
0 0.35267857142857145 0.08035714285714286 0.024553571428571428 0.024553571428571428
0 0.35267857142857145 0.046875 0.017857142857142856 0.022321428571428572
0 0.5245535714285714 0.049107142857142856 0.017857142857142856 0.026785714285714284
0 0.6116071428571429 0.07366071428571429 0.020089285714285716 0.029017857142857144
0 0.703125 0.06919642857142858 0.017857142857142856 0.024553571428571428
0 0.578125 0.06919642857142858 0.017857142857142856 0.022321428571428572
0 0.8549107142857143 0.03794642857142857 0.029017857142857144 0.03125
0 0.8705357142857143 0.046875 0.017857142857142856 0.03125
0 0.9910714285714286 0.04017857142857143 0.015625 0.015625
0 0.9799107142857143 0.04017857142857143 0.033482142857142856 0.017857142857142856
0 0.9441964285714286 0.049107142857142856 0.04017857142857143 0.024553571428571428