0 0.125 0.15625 0.03571428571428571 0.020089285714285716
0 0.11383928571428571 0.19196428571428573 0.046875 0.015625
0 0.22767857142857142 0.19642857142857142 0.05357142857142857 0.022321428571428572
0 0.5022321428571429 0.20089285714285715 0.04017857142857143 0.024553571428571428
0 0.5223214285714286 0.22544642857142858 0.024553571428571428 0.020089285714285716
0 0.5803571428571429 0.22767857142857142 0.05803571428571429 0.017857142857142856
0 0.5714285714285714 0.19642857142857142 0.03125 0.017857142857142856
0 0.6808035714285714 0.20089285714285715 0.04017857142857143 0.017857142857142856
0 0.9174107142857143 0.31026785714285715 0.06473214285714286 0.024553571428571428
0 0.6763392857142857 0.14508928571428573 0.044642857142857144 0.015625
0 0.9955357142857143 0.14508928571428573 0.004464285714285714 0.020089285714285716
0 0.9598214285714286 0.140625 0.011160714285714286 0.020089285714285716
0 0.9129464285714286 0.14508928571428573 0.015625 0.015625
0 0.8928571428571429 0.14285714285714285 0.013392857142857142 0.015625
0 0.8616071428571429 0.14285714285714285 0.013392857142857142 0.015625
0 0.5111607142857143 0.14732142857142858 0.029017857142857144 0.013392857142857142
0 0.1875 0.16294642857142858 0.013392857142857142 0.024553571428571428