0 0.046875 0.3794642857142857 0.044642857142857144 0.029017857142857144
0 0.12053571428571429 0.23883928571428573 0.026785714285714284 0.020089285714285716
0 0.125 0.21875 0.022321428571428572 0.017857142857142856
0 0.22991071428571427 0.24776785714285715 0.029017857142857144 0.026785714285714284
0 0.3125 0.25 0.017857142857142856 0.020089285714285716
0 0.36160714285714285 0.24776785714285715 0.020089285714285716 0.015625
0 0.3392857142857143 0.234375 0.033482142857142856 0.017857142857142856
0 0.4017857142857143 0.234375 0.020089285714285716 0.024553571428571428
0 0.47544642857142855 0.23660714285714285 0.017857142857142856 0.029017857142857144
0 0.14732142857142858 0.23214285714285715 0.017857142857142856 0.020089285714285716
0 0.6205357142857143 0.23660714285714285 0.024553571428571428 0.029017857142857144