0 0.7790178571428571 0.19419642857142858 0.024553571428571428 0.013392857142857142
0 0.5602678571428571 0.19196428571428573 0.022321428571428572 0.022321428571428572
0 0.5602678571428571 0.16071428571428573 0.015625 0.020089285714285716
0 0.40848214285714285 0.16294642857142858 0.015625 0.022321428571428572
0 0.33035714285714285 0.18526785714285715 0.017857142857142856 0.026785714285714284
0 0.24776785714285715 0.18080357142857142 0.015625 0.020089285714285716
0 0.359375 0.18080357142857142 0.015625 0.020089285714285716
0 0.11383928571428571 0.15178571428571427 0.024553571428571428 0.026785714285714284
0 0.09821428571428571 0.16071428571428573 0.015625 0.026785714285714284
0 0.008928571428571428 0.15625 0.013392857142857142 0.015625
0 0.033482142857142856 0.16294642857142858 0.03571428571428571 0.020089285714285716