0 0.9799107142857143 0.18080357142857142 0.03794642857142857 0.03125
0 0.9888392857142857 0.10714285714285714 0.013392857142857142 0.03571428571428571
0 0.8816964285714286 0.08035714285714286 0.07589285714285714 0.024553571428571428
0 0.9330357142857143 0.12946428571428573 0.020089285714285716 0.029017857142857144
0 0.8125 0.09821428571428571 0.022321428571428572 0.033482142857142856
0 0.7767857142857143 0.12276785714285714 0.046875 0.020089285714285716
0 0.6830357142857143 0.125 0.024553571428571428 0.03571428571428571
0 0.71875 0.06473214285714286 0.046875 0.020089285714285716
0 0.47544642857142855 0.09821428571428571 0.017857142857142856 0.04017857142857143
0 0.40848214285714285 0.11830357142857142 0.022321428571428572 0.029017857142857144
0 0.36160714285714285 0.14285714285714285 0.060267857142857144 0.022321428571428572
0 0.20758928571428573 0.11830357142857142 0.015625 0.026785714285714284