0 0.8995535714285714 0.22321428571428573 0.022321428571428572 0.03125
0 0.765625 0.15848214285714285 0.04017857142857143 0.026785714285714284
0 0.7589285714285714 0.203125 0.04017857142857143 0.020089285714285716
0 0.7075892857142857 0.21651785714285715 0.04241071428571429 0.024553571428571428
0 0.5959821428571429 0.14732142857142858 0.024553571428571428 0.029017857142857144
0 0.546875 0.18303571428571427 0.049107142857142856 0.024553571428571428
0 0.4575892857142857 0.20982142857142858 0.022321428571428572 0.04017857142857143
0 0.28794642857142855 0.13616071428571427 0.026785714285714284 0.03571428571428571
0 0.24107142857142858 0.14285714285714285 0.015625 0.029017857142857144
0 0.17410714285714285 0.14508928571428573 0.029017857142857144 0.033482142857142856
0 0.21875 0.19866071428571427 0.046875 0.017857142857142856