0 0.9732142857142857 0.2544642857142857 0.020089285714285716 0.044642857142857144
0 0.9910714285714286 0.203125 0.008928571428571428 0.03125
0 0.796875 0.19866071428571427 0.044642857142857144 0.015625
0 0.7589285714285714 0.23660714285714285 0.03125 0.013392857142857142
0 0.4955357142857143 0.19419642857142858 0.04241071428571429 0.015625
0 0.5580357142857143 0.20535714285714285 0.049107142857142856 0.015625
0 0.5245535714285714 0.21875 0.046875 0.013392857142857142
0 0.11830357142857142 0.16517857142857142 0.017857142857142856 0.020089285714285716
0 0.33482142857142855 0.15401785714285715 0.011160714285714286 0.017857142857142856
0 0.09821428571428571 0.18303571428571427 0.03125 0.015625
0 0.04017857142857143 0.17857142857142858 0.026785714285714284 0.013392857142857142
0 0.008928571428571428 0.16294642857142858 0.013392857142857142 0.020089285714285716