0 0.9308035714285714 0.20758928571428573 0.022321428571428572 0.026785714285714284
0 0.8772321428571429 0.24107142857142858 0.04241071428571429 0.017857142857142856
0 0.8258928571428571 0.328125 0.011160714285714286 0.013392857142857142
0 0.6294642857142857 0.17633928571428573 0.015625 0.024553571428571428
0 0.5111607142857143 0.18080357142857142 0.022321428571428572 0.03125
0 0.5602678571428571 0.27455357142857145 0.022321428571428572 0.05580357142857143
0 0.3125 0.19866071428571427 0.013392857142857142 0.020089285714285716
0 0.11383928571428571 0.15848214285714285 0.017857142857142856 0.033482142857142856
0 0.03125 0.19196428571428573 0.017857142857142856 0.029017857142857144
0 0.017857142857142856 0.22767857142857142 0.029017857142857144 0.026785714285714284
0 0.11830357142857142 0.20089285714285715 0.013392857142857142 0.015625
0 0.05357142857142857 0.5915178571428571 0.05803571428571429 0.022321428571428572