0 0.8080357142857143 0.18526785714285715 0.022321428571428572 0.024553571428571428
0 0.6875 0.14508928571428573 0.022321428571428572 0.026785714285714284
0 0.6227678571428571 0.14955357142857142 0.046875 0.015625
0 0.5401785714285714 0.13169642857142858 0.017857142857142856 0.029017857142857144
0 0.4107142857142857 0.11383928571428571 0.029017857142857144 0.024553571428571428
0 0.296875 0.171875 0.04241071428571429 0.017857142857142856
0 0.20535714285714285 0.12276785714285714 0.015625 0.024553571428571428
0 0.14732142857142858 0.11830357142857142 0.017857142857142856 0.020089285714285716
0 0.10267857142857142 0.12053571428571429 0.011160714285714286 0.017857142857142856
0 0.078125 0.11830357142857142 0.020089285714285716 0.020089285714285716
0 0.029017857142857144 0.12276785714285714 0.024553571428571428 0.029017857142857144