0 0.9263392857142857 0.16294642857142858 0.0625 0.022321428571428572
0 0.6941964285714286 0.32589285714285715 0.024553571428571428 0.03571428571428571
0 0.49330357142857145 0.3013392857142857 0.03125 0.04241071428571429
0 0.796875 0.16071428571428573 0.033482142857142856 0.020089285714285716
0 0.7433035714285714 0.13616071428571427 0.017857142857142856 0.017857142857142856
0 0.6272321428571429 0.16741071428571427 0.05803571428571429 0.015625
0 0.6205357142857143 0.12946428571428573 0.029017857142857144 0.03571428571428571
0 0.515625 0.078125 0.017857142857142856 0.022321428571428572
0 0.5758928571428571 0.125 0.017857142857142856 0.022321428571428572
0 0.46205357142857145 0.14285714285714285 0.03794642857142857 0.013392857142857142
0 0.21205357142857142 0.17633928571428573 0.046875 0.015625
0 0.21875 0.10714285714285714 0.024553571428571428 0.017857142857142856