0 0.125 0.12723214285714285 0.07142857142857142 0.022321428571428572
0 0.23883928571428573 0.22544642857142858 0.07142857142857142 0.020089285714285716
0 0.25 0.13169642857142858 0.03125 0.022321428571428572
0 0.35714285714285715 0.140625 0.020089285714285716 0.015625
0 0.5245535714285714 0.12723214285714285 0.033482142857142856 0.017857142857142856
0 0.5714285714285714 0.109375 0.026785714285714284 0.017857142857142856
0 0.5915178571428571 0.13169642857142858 0.033482142857142856 0.020089285714285716
0 0.6205357142857143 0.11160714285714286 0.015625 0.029017857142857144
0 0.6808035714285714 0.12053571428571429 0.04241071428571429 0.022321428571428572
0 0.7879464285714286 0.10267857142857142 0.04241071428571429 0.017857142857142856
0 0.7633928571428571 0.13392857142857142 0.060267857142857144 0.020089285714285716
0 0.9040178571428571 0.13616071428571427 0.044642857142857144 0.022321428571428572
0 0.9888392857142857 0.10714285714285714 0.017857142857142856 0.017857142857142856