0 0.8883928571428571 0.31473214285714285 0.024553571428571428 0.029017857142857144
0 0.90625 0.28348214285714285 0.05803571428571429 0.022321428571428572
0 0.8683035714285714 0.24553571428571427 0.020089285714285716 0.029017857142857144
0 0.8415178571428571 0.24330357142857142 0.024553571428571428 0.03571428571428571
0 0.75 0.25 0.024553571428571428 0.03571428571428571
0 0.7142857142857143 0.2857142857142857 0.026785714285714284 0.033482142857142856
0 0.4486607142857143 0.359375 0.0625 0.024553571428571428
0 0.35714285714285715 0.24553571428571427 0.026785714285714284 0.03571428571428571
0 0.3125 0.2611607142857143 0.04017857142857143 0.026785714285714284
0 0.22321428571428573 0.19642857142857142 0.029017857142857144 0.026785714285714284
0 0.0625 0.20535714285714285 0.044642857142857144 0.022321428571428572
0 0.05803571428571429 0.23883928571428573 0.017857142857142856 0.026785714285714284
0 0.04241071428571429 0.265625 0.017857142857142856 0.04017857142857143