0 0.011160714285714286 0.20089285714285715 0.015625 0.024553571428571428
0 0.08258928571428571 0.21205357142857142 0.017857142857142856 0.020089285714285716
0 0.10267857142857142 0.24107142857142858 0.013392857142857142 0.029017857142857144
0 0.22991071428571427 0.24107142857142858 0.017857142857142856 0.03125
0 0.2611607142857143 0.21428571428571427 0.015625 0.022321428571428572
0 0.3013392857142857 0.21651785714285715 0.024553571428571428 0.015625
0 0.38392857142857145 0.18526785714285715 0.015625 0.026785714285714284
0 0.41964285714285715 0.3080357142857143 0.015625 0.015625
0 0.4799107142857143 0.24553571428571427 0.022321428571428572 0.026785714285714284
0 0.5223214285714286 0.234375 0.06473214285714286 0.017857142857142856
0 0.5401785714285714 0.21428571428571427 0.015625 0.026785714285714284
0 0.640625 0.21428571428571427 0.033482142857142856 0.015625
0 0.7276785714285714 0.25223214285714285 0.03571428571428571 0.017857142857142856
0 0.7834821428571429 0.19419642857142858 0.03794642857142857 0.015625
0 0.8571428571428571 0.23883928571428573 0.05357142857142857 0.020089285714285716
0 0.96875 0.18303571428571427 0.046875 0.015625