0 0.20758928571428573 0.22098214285714285 0.04241071428571429 0.020089285714285716
0 0.31026785714285715 0.25223214285714285 0.046875 0.015625
0 0.3482142857142857 0.21205357142857142 0.017857142857142856 0.026785714285714284
0 0.41964285714285715 0.22098214285714285 0.015625 0.026785714285714284
0 0.46651785714285715 0.23660714285714285 0.013392857142857142 0.020089285714285716
0 0.4575892857142857 0.25223214285714285 0.029017857142857144 0.026785714285714284
0 0.6495535714285714 0.23214285714285715 0.022321428571428572 0.020089285714285716
0 0.6629464285714286 0.20535714285714285 0.020089285714285716 0.033482142857142856
0 0.6852678571428571 0.21428571428571427 0.013392857142857142 0.026785714285714284
0 0.8013392857142857 0.27232142857142855 0.049107142857142856 0.017857142857142856
0 0.8348214285714286 0.21428571428571427 0.026785714285714284 0.017857142857142856
0 0.9821428571428571 0.234375 0.029017857142857144 0.020089285714285716