0 0.8705357142857143 0.22767857142857142 0.017857142857142856 0.024553571428571428
0 0.7053571428571429 0.22098214285714285 0.04241071428571429 0.020089285714285716
0 0.6696428571428571 0.20982142857142858 0.017857142857142856 0.026785714285714284
0 0.5647321428571429 0.15625 0.017857142857142856 0.029017857142857144
0 0.5758928571428571 0.22321428571428573 0.03571428571428571 0.033482142857142856
0 0.41964285714285715 0.15401785714285715 0.013392857142857142 0.020089285714285716
0 0.36160714285714285 0.14955357142857142 0.017857142857142856 0.020089285714285716
0 0.34375 0.22991071428571427 0.0625 0.024553571428571428
0 0.22991071428571427 0.1875 0.04241071428571429 0.033482142857142856
0 0.17857142857142858 0.22321428571428573 0.04017857142857143 0.017857142857142856
0 0.11830357142857142 0.22321428571428573 0.03125 0.017857142857142856
0 0.017857142857142856 0.17857142857142858 0.017857142857142856 0.022321428571428572