0 0.9107142857142857 0.15625 0.03794642857142857 0.022321428571428572
0 0.8482142857142857 0.17633928571428573 0.05357142857142857 0.017857142857142856
0 0.7254464285714286 0.09821428571428571 0.015625 0.026785714285714284
0 0.6696428571428571 0.13392857142857142 0.044642857142857144 0.017857142857142856
0 0.5178571428571429 0.14732142857142858 0.024553571428571428 0.017857142857142856
0 0.5714285714285714 0.10044642857142858 0.013392857142857142 0.017857142857142856
0 0.4575892857142857 0.12053571428571429 0.05803571428571429 0.022321428571428572
0 0.43526785714285715 0.10044642857142858 0.020089285714285716 0.017857142857142856
0 0.36830357142857145 0.10044642857142858 0.015625 0.020089285714285716
0 0.23660714285714285 0.10714285714285714 0.015625 0.015625
0 0.11607142857142858 0.109375 0.013392857142857142 0.015625
0 0.08928571428571429 0.109375 0.024553571428571428 0.020089285714285716
0 0.14285714285714285 0.14955357142857142 0.020089285714285716 0.015625