0 0.9866071428571429 0.21428571428571427 0.020089285714285716 0.03125
0 0.8370535714285714 0.20089285714285715 0.033482142857142856 0.029017857142857144
0 0.5535714285714286 0.171875 0.015625 0.026785714285714284
0 0.40625 0.22321428571428573 0.017857142857142856 0.020089285714285716
0 0.3482142857142857 0.19196428571428573 0.013392857142857142 0.015625
0 0.31473214285714285 0.17857142857142858 0.015625 0.029017857142857144
0 0.296875 0.19419642857142858 0.013392857142857142 0.013392857142857142
0 0.08705357142857142 0.14285714285714285 0.013392857142857142 0.020089285714285716
0 0.07366071428571429 0.16964285714285715 0.015625 0.029017857142857144
0 0.017857142857142856 0.17410714285714285 0.029017857142857144 0.020089285714285716
0 0.049107142857142856 0.18973214285714285 0.04017857142857143 0.011160714285714286