0 0.017857142857142856 0.24776785714285715 0.03571428571428571 0.03125
0 0.08482142857142858 0.29910714285714285 0.05580357142857143 0.017857142857142856
0 0.36160714285714285 0.21428571428571427 0.022321428571428572 0.033482142857142856
0 0.5111607142857143 0.21428571428571427 0.029017857142857144 0.022321428571428572
0 0.5178571428571429 0.4017857142857143 0.017857142857142856 0.017857142857142856
0 0.6629464285714286 0.21428571428571427 0.03125 0.022321428571428572
0 0.7477678571428571 0.21875 0.022321428571428572 0.024553571428571428
0 0.765625 0.23660714285714285 0.05133928571428571 0.017857142857142856
0 0.8169642857142857 0.20535714285714285 0.04241071428571429 0.017857142857142856
0 0.9486607142857143 0.22098214285714285 0.04241071428571429 0.020089285714285716
0 0.9821428571428571 0.24330357142857142 0.029017857142857144 0.020089285714285716