0 0.12723214285714285 0.22767857142857142 0.049107142857142856 0.015625
0 0.22321428571428573 0.3638392857142857 0.029017857142857144 0.03571428571428571
0 0.31026785714285715 0.14732142857142858 0.026785714285714284 0.013392857142857142
0 0.5133928571428571 0.14955357142857142 0.017857142857142856 0.024553571428571428
0 0.5959821428571429 0.15401785714285715 0.044642857142857144 0.015625
0 0.5803571428571429 0.11607142857142858 0.015625 0.026785714285714284
0 0.5915178571428571 0.11607142857142858 0.020089285714285716 0.026785714285714284
0 0.6629464285714286 0.14732142857142858 0.017857142857142856 0.022321428571428572
0 0.6852678571428571 0.15178571428571427 0.017857142857142856 0.024553571428571428
0 0.6986607142857143 0.11830357142857142 0.05133928571428571 0.017857142857142856
0 0.8035714285714286 0.11607142857142858 0.020089285714285716 0.033482142857142856
0 0.7946428571428571 0.16294642857142858 0.022321428571428572 0.024553571428571428
0 0.859375 0.15178571428571427 0.013392857142857142 0.017857142857142856
0 0.9508928571428571 0.12053571428571429 0.04017857142857143 0.020089285714285716