0 0.006696428571428571 0.8816964285714286 0.011160714285714286 0.020089285714285716
0 0.20535714285714285 0.8348214285714286 0.03571428571428571 0.013392857142857142
0 0.28348214285714285 0.8861607142857143 0.015625 0.013392857142857142
0 0.020089285714285716 0.84375 0.013392857142857142 0.017857142857142856
0 0.3705357142857143 0.7857142857142857 0.013392857142857142 0.017857142857142856
0 0.29464285714285715 0.8125 0.011160714285714286 0.017857142857142856
0 0.42410714285714285 0.7991071428571429 0.013392857142857142 0.015625
0 0.7053571428571429 0.8236607142857143 0.017857142857142856 0.015625
0 0.6986607142857143 0.7589285714285714 0.013392857142857142 0.022321428571428572
0 0.7589285714285714 0.7120535714285714 0.015625 0.015625
0 0.8080357142857143 0.7165178571428571 0.017857142857142856 0.015625
0 0.9263392857142857 0.7254464285714286 0.013392857142857142 0.020089285714285716