0 0.9553571428571429 0.8571428571428571 0.033482142857142856 0.013392857142857142
0 0.8816964285714286 0.90625 0.015625 0.011160714285714286
0 0.7991071428571429 0.8102678571428571 0.013392857142857142 0.017857142857142856
0 0.8727678571428571 0.8370535714285714 0.011160714285714286 0.017857142857142856
0 0.7477678571428571 0.8236607142857143 0.013392857142857142 0.015625
0 0.4799107142857143 0.8482142857142857 0.015625 0.015625
0 0.48660714285714285 0.7857142857142857 0.013392857142857142 0.020089285714285716
0 0.42857142857142855 0.7410714285714286 0.013392857142857142 0.015625
0 0.38169642857142855 0.7433035714285714 0.015625 0.015625
0 0.26785714285714285 0.7544642857142857 0.013392857142857142 0.017857142857142856
0 0.06919642857142858 0.71875 0.011160714285714286 0.017857142857142856
0 0.09375 0.8258928571428571 0.017857142857142856 0.017857142857142856