0 0.2767857142857143 0.9397321428571429 0.020089285714285716 0.017857142857142856
0 0.49330357142857145 0.9084821428571429 0.011160714285714286 0.013392857142857142
0 0.5290178571428571 0.90625 0.013392857142857142 0.008928571428571428
0 0.515625 0.8571428571428571 0.011160714285714286 0.020089285714285716
0 0.5714285714285714 0.8660714285714286 0.011160714285714286 0.015625
0 0.6629464285714286 0.8683035714285714 0.015625 0.013392857142857142
0 0.7924107142857143 0.8794642857142857 0.026785714285714284 0.013392857142857142
0 0.8080357142857143 0.8482142857142857 0.011160714285714286 0.011160714285714286
0 0.7566964285714286 0.8303571428571429 0.022321428571428572 0.013392857142857142
0 0.8995535714285714 0.8325892857142857 0.011160714285714286 0.015625
0 0.7053571428571429 0.8392857142857143 0.015625 0.013392857142857142