0 0.13392857142857142 0.9308035714285714 0.020089285714285716 0.015625
0 0.2544642857142857 0.9776785714285714 0.008928571428571428 0.015625
0 0.3861607142857143 0.9397321428571429 0.013392857142857142 0.013392857142857142
0 0.48214285714285715 0.9241071428571429 0.011160714285714286 0.017857142857142856
0 0.33705357142857145 0.96875 0.03125 0.011160714285714286
0 0.8080357142857143 0.8772321428571429 0.015625 0.015625
0 0.9241071428571429 0.8549107142857143 0.015625 0.011160714285714286
0 0.9866071428571429 0.8415178571428571 0.013392857142857142 0.013392857142857142
0 0.9441964285714286 0.8727678571428571 0.03125 0.015625
0 0.9486607142857143 0.84375 0.020089285714285716 0.011160714285714286
0 0.9441964285714286 0.8236607142857143 0.015625 0.011160714285714286