0 0.27455357142857145 0.41517857142857145 0.029017857142857144 0.04241071428571429
0 0.234375 0.4419642857142857 0.033482142857142856 0.044642857142857144
0 0.18526785714285715 0.38392857142857145 0.03125 0.024553571428571428
0 0.044642857142857144 0.45982142857142855 0.033482142857142856 0.03794642857142857
0 0.09598214285714286 0.39732142857142855 0.04241071428571429 0.044642857142857144
0 0.35044642857142855 0.4419642857142857 0.03571428571428571 0.04241071428571429
0 0.6473214285714286 0.4375 0.03794642857142857 0.03125
0 0.7410714285714286 0.47544642857142855 0.060267857142857144 0.024553571428571428
0 0.8883928571428571 0.46205357142857145 0.05803571428571429 0.026785714285714284
0 0.9910714285714286 0.46875 0.008928571428571428 0.044642857142857144
0 0.9241071428571429 0.37276785714285715 0.029017857142857144 0.026785714285714284
0 0.008928571428571428 0.40401785714285715 0.017857142857142856 0.033482142857142856