0 0.39285714285714285 0.46205357142857145 0.026785714285714284 0.026785714285714284
0 0.3705357142857143 0.3861607142857143 0.029017857142857144 0.022321428571428572
0 0.4174107142857143 0.390625 0.026785714285714284 0.022321428571428572
0 0.23660714285714285 0.38392857142857145 0.04017857142857143 0.024553571428571428
0 0.16741071428571427 0.5 0.026785714285714284 0.020089285714285716
0 0.26785714285714285 0.5066964285714286 0.04017857142857143 0.026785714285714284
0 0.22544642857142858 0.4888392857142857 0.05357142857142857 0.020089285714285716
0 0.15401785714285715 0.3705357142857143 0.033482142857142856 0.03794642857142857
0 0.06473214285714286 0.375 0.04241071428571429 0.024553571428571428
0 0.37723214285714285 0.33482142857142855 0.033482142857142856 0.026785714285714284
0 0.8236607142857143 0.3325892857142857 0.029017857142857144 0.029017857142857144
0 0.875 0.296875 0.03571428571428571 0.026785714285714284
0 0.3950892857142857 0.22544642857142858 0.03794642857142857 0.029017857142857144