0 0.18526785714285715 0.46651785714285715 0.04017857142857143 0.08035714285714286
0 0.14285714285714285 0.4888392857142857 0.044642857142857144 0.026785714285714284
0 0.16964285714285715 0.34375 0.03794642857142857 0.024553571428571428
0 0.45535714285714285 0.45535714285714285 0.049107142857142856 0.06473214285714286
0 0.44642857142857145 0.35267857142857145 0.04017857142857143 0.03571428571428571
0 0.36830357142857145 0.38839285714285715 0.020089285714285716 0.022321428571428572
0 0.48660714285714285 0.34151785714285715 0.03125 0.03794642857142857
0 0.546875 0.3705357142857143 0.03794642857142857 0.024553571428571428
0 0.6651785714285714 0.34375 0.026785714285714284 0.022321428571428572
0 0.7120535714285714 0.37276785714285715 0.033482142857142856 0.024553571428571428
0 0.7767857142857143 0.35267857142857145 0.033482142857142856 0.03571428571428571
0 0.9933035714285714 0.34151785714285715 0.006696428571428571 0.03125