0 0.45982142857142855 0.4732142857142857 0.05133928571428571 0.06696428571428571
0 0.04017857142857143 0.32142857142857145 0.029017857142857144 0.03125
0 0.11160714285714286 0.44419642857142855 0.026785714285714284 0.020089285714285716
0 0.31919642857142855 0.3705357142857143 0.022321428571428572 0.017857142857142856
0 0.3861607142857143 0.32589285714285715 0.029017857142857144 0.03125
0 0.2611607142857143 0.32589285714285715 0.03125 0.029017857142857144
0 0.39285714285714285 0.36160714285714285 0.03125 0.024553571428571428
0 0.36830357142857145 0.43080357142857145 0.020089285714285716 0.033482142857142856
0 0.6941964285714286 0.484375 0.04241071428571429 0.024553571428571428
0 0.7098214285714286 0.3638392857142857 0.060267857142857144 0.022321428571428572
0 0.8013392857142857 0.328125 0.033482142857142856 0.026785714285714284
0 0.8705357142857143 0.3549107142857143 0.022321428571428572 0.020089285714285716
0 0.6272321428571429 0.49107142857142855 0.022321428571428572 0.020089285714285716