0 0.921875 0.46875 0.033482142857142856 0.03794642857142857
0 0.8325892857142857 0.46875 0.078125 0.024553571428571428
0 0.7700892857142857 0.4375 0.03571428571428571 0.033482142857142856
0 0.7232142857142857 0.37276785714285715 0.033482142857142856 0.026785714285714284
0 0.6183035714285714 0.34375 0.026785714285714284 0.020089285714285716
0 0.48214285714285715 0.453125 0.03571428571428571 0.022321428571428572
0 0.21428571428571427 0.47767857142857145 0.03125 0.024553571428571428
0 0.24330357142857142 0.4330357142857143 0.029017857142857144 0.026785714285714284
0 0.20982142857142858 0.40848214285714285 0.03125 0.024553571428571428
0 0.37276785714285715 0.41294642857142855 0.029017857142857144 0.024553571428571428
0 0.21428571428571427 0.453125 0.022321428571428572 0.026785714285714284