0 0.9375 0.41964285714285715 0.03125 0.044642857142857144
0 0.375 0.4732142857142857 0.06919642857142858 0.033482142857142856
0 0.19196428571428573 0.43973214285714285 0.06473214285714286 0.033482142857142856
0 0.22098214285714285 0.31026785714285715 0.05580357142857143 0.029017857142857144
0 0.41964285714285715 0.296875 0.05133928571428571 0.024553571428571428
0 0.4486607142857143 0.20758928571428573 0.029017857142857144 0.04241071428571429
0 0.11160714285714286 0.21651785714285715 0.06919642857142858 0.03125
0 0.6964285714285714 0.29910714285714285 0.08705357142857142 0.020089285714285716
0 0.9799107142857143 0.23883928571428573 0.03125 0.03125
0 0.7834821428571429 0.43526785714285715 0.026785714285714284 0.022321428571428572
0 0.006696428571428571 0.45089285714285715 0.013392857142857142 0.026785714285714284
0 0.75 0.2544642857142857 0.024553571428571428 0.03571428571428571