0 0.07589285714285714 0.47767857142857145 0.044642857142857144 0.08035714285714286
0 0.9665178571428571 0.42410714285714285 0.05803571428571429 0.07142857142857142
0 0.8392857142857143 0.484375 0.04241071428571429 0.026785714285714284
0 0.734375 0.4955357142857143 0.04241071428571429 0.024553571428571428
0 0.7366071428571429 0.31919642857142855 0.024553571428571428 0.03571428571428571
0 0.4955357142857143 0.359375 0.020089285714285716 0.020089285714285716
0 0.46875 0.32589285714285715 0.020089285714285716 0.024553571428571428
0 0.31473214285714285 0.32142857142857145 0.024553571428571428 0.033482142857142856
0 0.21205357142857142 0.31919642857142855 0.026785714285714284 0.026785714285714284
0 0.171875 0.3705357142857143 0.022321428571428572 0.020089285714285716
0 0.09151785714285714 0.3549107142857143 0.024553571428571428 0.026785714285714284
0 0.004464285714285714 0.4575892857142857 0.002232142857142857 0.029017857142857144