0 0.7879464285714286 0.5825892857142857 0.033482142857142856 0.05803571428571429
0 0.8638392857142857 0.48214285714285715 0.08035714285714286 0.03125
0 0.5647321428571429 0.49330357142857145 0.078125 0.033482142857142856
0 0.27455357142857145 0.515625 0.03794642857142857 0.03125
0 0.22767857142857142 0.5290178571428571 0.04017857142857143 0.026785714285714284
0 0.20089285714285715 0.6205357142857143 0.08482142857142858 0.03125
0 0.13616071428571427 0.6205357142857143 0.046875 0.05357142857142857
0 0.07142857142857142 0.5535714285714286 0.04017857142857143 0.03794642857142857
0 0.05133928571428571 0.44642857142857145 0.033482142857142856 0.03794642857142857
0 0.34151785714285715 0.4174107142857143 0.03794642857142857 0.03125
0 0.43526785714285715 0.40848214285714285 0.04241071428571429 0.04017857142857143
0 0.48660714285714285 0.4107142857142857 0.033482142857142856 0.04017857142857143
0 0.6808035714285714 0.4174107142857143 0.044642857142857144 0.029017857142857144
0 0.7455357142857143 0.41517857142857145 0.05580357142857143 0.024553571428571428