0 0.9397321428571429 0.5290178571428571 0.03571428571428571 0.04241071428571429
0 0.8415178571428571 0.5290178571428571 0.08705357142857142 0.026785714285714284
0 0.7723214285714286 0.49330357142857145 0.03794642857142857 0.03571428571428571
0 0.7232142857142857 0.42410714285714285 0.03571428571428571 0.03125
0 0.6071428571428571 0.390625 0.029017857142857144 0.022321428571428572
0 0.45535714285714285 0.5133928571428571 0.04017857142857143 0.024553571428571428
0 0.15848214285714285 0.5379464285714286 0.03571428571428571 0.026785714285714284
0 0.19196428571428573 0.49107142857142855 0.033482142857142856 0.029017857142857144
0 0.15401785714285715 0.46205357142857145 0.033482142857142856 0.026785714285714284
0 0.3325892857142857 0.46875 0.033482142857142856 0.026785714285714284
0 0.16071428571428573 0.5111607142857143 0.024553571428571428 0.029017857142857144