0 0.8258928571428571 0.484375 0.044642857142857144 0.09151785714285714
0 0.8727678571428571 0.5089285714285714 0.05133928571428571 0.03125
0 0.8415178571428571 0.34375 0.04241071428571429 0.029017857142857144
0 0.515625 0.47098214285714285 0.05580357142857143 0.07366071428571429
0 0.5245535714285714 0.3549107142857143 0.046875 0.04017857142857143
0 0.6138392857142857 0.39285714285714285 0.024553571428571428 0.026785714285714284
0 0.47767857142857145 0.34151785714285715 0.03571428571428571 0.044642857142857144
0 0.40848214285714285 0.37276785714285715 0.04241071428571429 0.029017857142857144
0 0.27455357142857145 0.34151785714285715 0.03125 0.026785714285714284
0 0.22098214285714285 0.37723214285714285 0.03794642857142857 0.026785714285714284
0 0.14732142857142858 0.35267857142857145 0.03794642857142857 0.04017857142857143