0 0.8549107142857143 0.4486607142857143 0.03125 0.05580357142857143
0 0.8504464285714286 0.3236607142857143 0.03571428571428571 0.03125
0 0.6964285714285714 0.3392857142857143 0.05133928571428571 0.026785714285714284
0 0.44642857142857145 0.43080357142857145 0.03571428571428571 0.049107142857142856
0 0.30357142857142855 0.38839285714285715 0.044642857142857144 0.026785714285714284
0 0.36830357142857145 0.34151785714285715 0.03125 0.033482142857142856
0 0.3125 0.3325892857142857 0.060267857142857144 0.03571428571428571
0 0.3125 0.2857142857142857 0.05133928571428571 0.022321428571428572
0 0.4017857142857143 0.3013392857142857 0.046875 0.024553571428571428
0 0.5892857142857143 0.3080357142857143 0.029017857142857144 0.03794642857142857
0 0.421875 0.453125 0.08035714285714286 0.033482142857142856
0 0.6004464285714286 0.28125 0.029017857142857144 0.026785714285714284
0 0.9955357142857143 0.33705357142857145 0.004464285714285714 0.024553571428571428