0 0.9464285714285714 0.49107142857142855 0.046875 0.03571428571428571
0 0.796875 0.27232142857142855 0.03794642857142857 0.03571428571428571
0 0.6004464285714286 0.5044642857142857 0.044642857142857144 0.03794642857142857
0 0.20535714285714285 0.2767857142857143 0.033482142857142856 0.03794642857142857
0 0.33482142857142855 0.2767857142857143 0.03125 0.03794642857142857
0 0.5133928571428571 0.28125 0.026785714285714284 0.026785714285714284
0 0.6227678571428571 0.2767857142857143 0.03125 0.029017857142857144
0 0.7075892857142857 0.26339285714285715 0.029017857142857144 0.04241071428571429
0 0.734375 0.27901785714285715 0.024553571428571428 0.03571428571428571
0 0.6517857142857143 0.28348214285714285 0.033482142857142856 0.029017857142857144
0 0.6897321428571429 0.2767857142857143 0.024553571428571428 0.03125
0 0.11383928571428571 0.40625 0.10491071428571429 0.03794642857142857
0 0.41294642857142855 0.36160714285714285 0.03125 0.04017857142857143
0 0.390625 0.359375 0.026785714285714284 0.03571428571428571