0 0.9866071428571429 0.4486607142857143 0.020089285714285716 0.022321428571428572
0 0.8549107142857143 0.3236607142857143 0.03794642857142857 0.04017857142857143
0 0.9040178571428571 0.328125 0.022321428571428572 0.029017857142857144
0 0.6785714285714286 0.33035714285714285 0.024553571428571428 0.026785714285714284
0 0.6138392857142857 0.47098214285714285 0.033482142857142856 0.044642857142857144
0 0.7790178571428571 0.45535714285714285 0.044642857142857144 0.024553571428571428
0 0.9508928571428571 0.33705357142857145 0.029017857142857144 0.022321428571428572
0 0.4330357142857143 0.45089285714285715 0.026785714285714284 0.03571428571428571
0 0.359375 0.47767857142857145 0.05803571428571429 0.03125
0 0.18303571428571427 0.453125 0.03125 0.044642857142857144
0 0.13169642857142858 0.35267857142857145 0.017857142857142856 0.020089285714285716
0 0.03794642857142857 0.4575892857142857 0.029017857142857144 0.03794642857142857