0 0.7299107142857143 0.26785714285714285 0.03571428571428571 0.04241071428571429
0 0.5 0.46205357142857145 0.08705357142857142 0.03125
0 0.27455357142857145 0.28348214285714285 0.03794642857142857 0.049107142857142856
0 0.7946428571428571 0.2767857142857143 0.022321428571428572 0.020089285714285716
0 0.8504464285714286 0.28125 0.03125 0.022321428571428572
0 0.90625 0.28125 0.026785714285714284 0.017857142857142856
0 0.5178571428571429 0.28348214285714285 0.022321428571428572 0.020089285714285716
0 0.19866071428571427 0.296875 0.024553571428571428 0.033482142857142856
0 0.08482142857142858 0.3169642857142857 0.03125 0.029017857142857144
0 0.03794642857142857 0.37276785714285715 0.026785714285714284 0.033482142857142856
0 0.006696428571428571 0.37723214285714285 0.013392857142857142 0.03571428571428571