0 0.9620535714285714 0.4642857142857143 0.029017857142857144 0.04017857142857143
0 0.8995535714285714 0.46205357142857145 0.06473214285714286 0.026785714285714284
0 0.921875 0.38392857142857145 0.017857142857142856 0.020089285714285716
0 0.921875 0.30357142857142855 0.04017857142857143 0.03571428571428571
0 0.84375 0.37723214285714285 0.03125 0.024553571428571428
0 0.75 0.47544642857142855 0.05803571428571429 0.024553571428571428
0 0.6138392857142857 0.4486607142857143 0.08482142857142858 0.024553571428571428
0 0.5915178571428571 0.31473214285714285 0.029017857142857144 0.049107142857142856
0 0.453125 0.38169642857142855 0.044642857142857144 0.024553571428571428
0 0.18080357142857142 0.29910714285714285 0.03125 0.029017857142857144
0 0.6116071428571429 0.46205357142857145 0.07366071428571429 0.017857142857142856