0 0.11830357142857142 0.46205357142857145 0.029017857142857144 0.05133928571428571
0 0.12276785714285714 0.34598214285714285 0.033482142857142856 0.029017857142857144
0 0.26339285714285715 0.36160714285714285 0.049107142857142856 0.026785714285714284
0 0.4955357142857143 0.44642857142857145 0.033482142857142856 0.044642857142857144
0 0.6272321428571429 0.40625 0.04241071428571429 0.024553571428571428
0 0.5691964285714286 0.3638392857142857 0.029017857142857144 0.03125
0 0.6205357142857143 0.3549107142857143 0.05580357142857143 0.033482142857142856
0 0.6205357142857143 0.3125 0.049107142857142856 0.020089285714285716
0 0.5379464285714286 0.32589285714285715 0.044642857142857144 0.022321428571428572
0 0.3638392857142857 0.3325892857142857 0.026785714285714284 0.03571428571428571
0 0.5178571428571429 0.46651785714285715 0.07589285714285714 0.03125
0 0.3549107142857143 0.3080357142857143 0.026785714285714284 0.024553571428571428