0 0.2611607142857143 0.3794642857142857 0.03125 0.033482142857142856
0 0.38169642857142855 0.35267857142857145 0.029017857142857144 0.020089285714285716
0 0.4642857142857143 0.24330357142857142 0.029017857142857144 0.020089285714285716
0 0.6674107142857143 0.265625 0.029017857142857144 0.020089285714285716
0 0.44419642857142855 0.4419642857142857 0.07589285714285714 0.022321428571428572
0 0.33482142857142855 0.24107142857142858 0.029017857142857144 0.029017857142857144
0 0.9665178571428571 0.24776785714285715 0.03794642857142857 0.029017857142857144
0 0.8169642857142857 0.3950892857142857 0.07589285714285714 0.022321428571428572
0 0.7901785714285714 0.24330357142857142 0.03794642857142857 0.04017857142857143
0 0.6584821428571429 0.38392857142857145 0.10044642857142858 0.026785714285714284
0 0.6473214285714286 0.2924107142857143 0.033482142857142856 0.024553571428571428