0 0.004464285714285714 0.39732142857142855 0.006696428571428571 0.044642857142857144
0 0.0625 0.44419642857142855 0.033482142857142856 0.029017857142857144
0 0.18973214285714285 0.46875 0.04017857142857143 0.05133928571428571
0 0.22544642857142858 0.4419642857142857 0.04017857142857143 0.03571428571428571
0 0.375 0.3950892857142857 0.029017857142857144 0.05357142857142857
0 0.4263392857142857 0.37723214285714285 0.033482142857142856 0.033482142857142856
0 0.5111607142857143 0.44419642857142855 0.03125 0.03571428571428571
0 0.6428571428571429 0.4575892857142857 0.029017857142857144 0.03125
0 0.7477678571428571 0.453125 0.06473214285714286 0.03125
0 0.8705357142857143 0.4419642857142857 0.026785714285714284 0.03794642857142857
0 0.9665178571428571 0.41964285714285715 0.029017857142857144 0.033482142857142856