0 0.515625 0.5133928571428571 0.05580357142857143 0.07366071428571429
0 0.9776785714285714 0.34598214285714285 0.03125 0.033482142857142856
0 0.8995535714285714 0.4799107142857143 0.029017857142857144 0.022321428571428572
0 0.6696428571428571 0.39955357142857145 0.024553571428571428 0.020089285714285716
0 0.5982142857142857 0.35044642857142855 0.03125 0.033482142857142856
0 0.734375 0.35044642857142855 0.03571428571428571 0.033482142857142856
0 0.5892857142857143 0.38839285714285715 0.033482142857142856 0.026785714285714284
0 0.6160714285714286 0.46651785714285715 0.022321428571428572 0.03571428571428571
0 0.25892857142857145 0.5245535714285714 0.046875 0.026785714285714284
0 0.24330357142857142 0.39285714285714285 0.06696428571428571 0.024553571428571428
0 0.14285714285714285 0.35267857142857145 0.03794642857142857 0.029017857142857144
0 0.06696428571428571 0.38392857142857145 0.024553571428571428 0.022321428571428572
0 0.3325892857142857 0.53125 0.024553571428571428 0.022321428571428572