0 0.34375 0.35714285714285715 0.026785714285714284 0.024553571428571428
0 0.38392857142857145 0.3080357142857143 0.029017857142857144 0.03794642857142857
0 0.2857142857142857 0.35714285714285715 0.020089285714285716 0.020089285714285716
0 0.18080357142857142 0.36160714285714285 0.022321428571428572 0.020089285714285716
0 0.06473214285714286 0.359375 0.017857142857142856 0.015625
0 0.078125 0.5401785714285714 0.033482142857142856 0.022321428571428572
0 0.12946428571428573 0.5334821428571429 0.07366071428571429 0.029017857142857144
0 0.640625 0.35714285714285715 0.029017857142857144 0.033482142857142856
0 0.609375 0.33705357142857145 0.024553571428571428 0.022321428571428572
0 0.5401785714285714 0.36830357142857145 0.03794642857142857 0.03571428571428571
0 0.53125 0.44642857142857145 0.078125 0.026785714285714284
0 0.4575892857142857 0.35044642857142855 0.029017857142857144 0.033482142857142856
0 0.421875 0.36160714285714285 0.022321428571428572 0.017857142857142856