0 0.36830357142857145 0.484375 0.029017857142857144 0.026785714285714284
0 0.34598214285714285 0.40625 0.03125 0.022321428571428572
0 0.3950892857142857 0.40848214285714285 0.029017857142857144 0.022321428571428572
0 0.20535714285714285 0.40401785714285715 0.04241071428571429 0.024553571428571428
0 0.13392857142857142 0.5245535714285714 0.029017857142857144 0.022321428571428572
0 0.23883928571428573 0.53125 0.04241071428571429 0.029017857142857144
0 0.19419642857142858 0.5111607142857143 0.05580357142857143 0.022321428571428572
0 0.12053571428571429 0.38839285714285715 0.03571428571428571 0.04017857142857143
0 0.029017857142857144 0.3950892857142857 0.044642857142857144 0.026785714285714284
0 0.35267857142857145 0.35267857142857145 0.03571428571428571 0.029017857142857144
0 0.8169642857142857 0.35044642857142855 0.03125 0.03125
0 0.8683035714285714 0.3125 0.03571428571428571 0.029017857142857144
0 0.3705357142857143 0.23660714285714285 0.04017857142857143 0.03125