0 0.9017857142857143 0.4375 0.03571428571428571 0.029017857142857144
0 0.8058035714285714 0.35044642857142855 0.04017857142857143 0.024553571428571428
0 0.6941964285714286 0.36830357142857145 0.029017857142857144 0.026785714285714284
0 0.8928571428571429 0.40848214285714285 0.078125 0.024553571428571428
0 0.5848214285714286 0.3169642857142857 0.024553571428571428 0.026785714285714284
0 0.39732142857142855 0.3325892857142857 0.06919642857142858 0.029017857142857144
0 0.328125 0.32589285714285715 0.04017857142857143 0.03125
0 0.23660714285714285 0.31473214285714285 0.06919642857142858 0.022321428571428572
0 0.265625 0.43080357142857145 0.022321428571428572 0.022321428571428572
0 0.6026785714285714 0.31473214285714285 0.024553571428571428 0.022321428571428572
0 0.109375 0.31919642857142855 0.020089285714285716 0.020089285714285716