0 0.8013392857142857 0.5 0.029017857142857144 0.049107142857142856
0 0.8660714285714286 0.41517857142857145 0.06696428571428571 0.026785714285714284
0 0.6160714285714286 0.42410714285714285 0.06696428571428571 0.026785714285714284
0 0.3705357142857143 0.44419642857142855 0.033482142857142856 0.026785714285714284
0 0.33035714285714285 0.45535714285714285 0.033482142857142856 0.022321428571428572
0 0.3080357142857143 0.53125 0.07142857142857142 0.026785714285714284
0 0.2544642857142857 0.53125 0.04017857142857143 0.044642857142857144
0 0.20089285714285715 0.47544642857142855 0.033482142857142856 0.03125
0 0.18080357142857142 0.3861607142857143 0.029017857142857144 0.03125
0 0.4263392857142857 0.36160714285714285 0.03125 0.024553571428571428
0 0.5044642857142857 0.35267857142857145 0.03571428571428571 0.033482142857142856
0 0.5491071428571429 0.3549107142857143 0.026785714285714284 0.033482142857142856
0 0.7120535714285714 0.359375 0.03794642857142857 0.024553571428571428
0 0.7678571428571429 0.359375 0.046875 0.020089285714285716
0 0.011160714285714286 0.47098214285714285 0.022321428571428572 0.03794642857142857