0 0.008928571428571428 0.3794642857142857 0.017857142857142856 0.10714285714285714
0 0.15401785714285715 0.4174107142857143 0.09151785714285714 0.026785714285714284
0 0.14285714285714285 0.3482142857142857 0.026785714285714284 0.04017857142857143
0 0.07142857142857142 0.25 0.03125 0.029017857142857144
0 0.14955357142857142 0.24553571428571427 0.03794642857142857 0.049107142857142856
0 0.2857142857142857 0.22544642857142858 0.033482142857142856 0.03125
0 0.36160714285714285 0.23214285714285715 0.03571428571428571 0.03125
0 0.5044642857142857 0.22321428571428573 0.03125 0.03571428571428571
0 0.6607142857142857 0.23660714285714285 0.024553571428571428 0.03125
0 0.71875 0.3169642857142857 0.04241071428571429 0.026785714285714284
0 0.6741071428571429 0.35044642857142855 0.026785714285714284 0.03125
0 0.6897321428571429 0.38169642857142855 0.11160714285714286 0.024553571428571428
0 0.8415178571428571 0.22544642857142858 0.04017857142857143 0.033482142857142856
0 0.8995535714285714 0.39955357142857145 0.029017857142857144 0.024553571428571428
0 0.4263392857142857 0.23883928571428573 0.024553571428571428 0.022321428571428572
0 0.44642857142857145 0.25223214285714285 0.020089285714285716 0.017857142857142856