0 0.14955357142857142 0.45535714285714285 0.03571428571428571 0.060267857142857144
0 0.07142857142857142 0.35267857142857145 0.08258928571428571 0.033482142857142856
0 0.38169642857142855 0.3638392857142857 0.08258928571428571 0.033482142857142856
0 0.6830357142857143 0.3861607142857143 0.04017857142857143 0.03125
0 0.7321428571428571 0.39955357142857145 0.04241071428571429 0.026785714285714284
0 0.7611607142857143 0.49776785714285715 0.08928571428571429 0.033482142857142856
0 0.8258928571428571 0.49776785714285715 0.049107142857142856 0.05580357142857143
0 0.8928571428571429 0.4263392857142857 0.04017857142857143 0.04017857142857143
0 0.9151785714285714 0.3169642857142857 0.03571428571428571 0.03794642857142857
0 0.6138392857142857 0.2857142857142857 0.03794642857142857 0.03125
0 0.515625 0.27455357142857145 0.044642857142857144 0.04241071428571429
0 0.4642857142857143 0.27901785714285715 0.033482142857142856 0.04017857142857143
0 0.26339285714285715 0.2857142857142857 0.044642857142857144 0.03125
0 0.19419642857142858 0.28348214285714285 0.05803571428571429 0.026785714285714284