0 0.9732142857142857 0.42857142857142855 0.03125 0.03125
0 0.9241071428571429 0.3794642857142857 0.022321428571428572 0.04241071428571429
0 0.859375 0.4263392857142857 0.033482142857142856 0.026785714285714284
0 0.734375 0.45089285714285715 0.03794642857142857 0.049107142857142856
0 0.7008928571428571 0.421875 0.03794642857142857 0.033482142857142856
0 0.5535714285714286 0.37723214285714285 0.029017857142857144 0.05133928571428571
0 0.5044642857142857 0.36160714285714285 0.033482142857142856 0.033482142857142856
0 0.421875 0.4263392857142857 0.029017857142857144 0.033482142857142856
0 0.29464285714285715 0.4375 0.026785714285714284 0.03125
0 0.19196428571428573 0.4330357142857143 0.06473214285714286 0.029017857142857144
0 0.07142857142857142 0.42410714285714285 0.026785714285714284 0.03794642857142857