0 0.9754464285714286 0.5357142857142857 0.044642857142857144 0.029017857142857144
0 0.703125 0.34375 0.03125 0.03571428571428571
0 0.5 0.5133928571428571 0.07589285714285714 0.026785714285714284
0 0.3013392857142857 0.35714285714285715 0.033482142857142856 0.04241071428571429
0 0.7611607142857143 0.35044642857142855 0.020089285714285716 0.017857142857142856
0 0.8080357142857143 0.3549107142857143 0.029017857142857144 0.017857142857142856
0 0.8571428571428571 0.3549107142857143 0.022321428571428572 0.015625
0 0.984375 0.3482142857142857 0.020089285714285716 0.024553571428571428
0 0.515625 0.35714285714285715 0.020089285714285716 0.017857142857142856
0 0.23660714285714285 0.36830357142857145 0.022321428571428572 0.029017857142857144
0 0.13392857142857142 0.3861607142857143 0.029017857142857144 0.024553571428571428
0 0.09375 0.43526785714285715 0.022321428571428572 0.03125
0 0.060267857142857144 0.43973214285714285 0.020089285714285716 0.029017857142857144