0 0.9575892857142857 0.45535714285714285 0.029017857142857144 0.03794642857142857
0 0.8995535714285714 0.453125 0.0625 0.026785714285714284
0 0.921875 0.375 0.017857142857142856 0.017857142857142856
0 0.9196428571428571 0.296875 0.04017857142857143 0.03571428571428571
0 0.84375 0.36830357142857145 0.03125 0.024553571428571428
0 0.7522321428571429 0.4642857142857143 0.05580357142857143 0.024553571428571428
0 0.6183035714285714 0.43973214285714285 0.08258928571428571 0.024553571428571428
0 0.5959821428571429 0.3080357142857143 0.029017857142857144 0.049107142857142856
0 0.46205357142857145 0.375 0.044642857142857144 0.022321428571428572
0 0.19419642857142858 0.29464285714285715 0.03125 0.026785714285714284
0 0.6160714285714286 0.453125 0.07366071428571429 0.017857142857142856