0 0.05133928571428571 0.43080357142857145 0.033482142857142856 0.049107142857142856
0 0.6808035714285714 0.49107142857142855 0.078125 0.03794642857142857
0 0.8839285714285714 0.453125 0.07142857142857142 0.03794642857142857
0 0.8504464285714286 0.3080357142857143 0.0625 0.03125
0 0.6294642857142857 0.29464285714285715 0.05580357142857143 0.029017857142857144
0 0.5982142857142857 0.19419642857142858 0.03125 0.046875
0 0.9620535714285714 0.20982142857142858 0.06696428571428571 0.044642857142857144
0 0.32142857142857145 0.296875 0.09598214285714286 0.022321428571428572
0 0.013392857142857142 0.22991071428571427 0.020089285714285716 0.03571428571428571
0 0.22544642857142858 0.44642857142857145 0.03125 0.024553571428571428
0 0.2611607142857143 0.24776785714285715 0.029017857142857144 0.04017857142857143