0 0.05803571428571429 0.5111607142857143 0.044642857142857144 0.03571428571428571
0 0.20535714285714285 0.2924107142857143 0.03794642857142857 0.03571428571428571
0 0.4017857142857143 0.5223214285714286 0.044642857142857144 0.03794642857142857
0 0.7924107142857143 0.296875 0.033482142857142856 0.03794642857142857
0 0.6629464285714286 0.296875 0.03125 0.03794642857142857
0 0.48660714285714285 0.30357142857142855 0.026785714285714284 0.026785714285714284
0 0.37723214285714285 0.296875 0.03125 0.029017857142857144
0 0.29464285714285715 0.28348214285714285 0.029017857142857144 0.04241071428571429
0 0.26785714285714285 0.29910714285714285 0.022321428571428572 0.03571428571428571
0 0.35044642857142855 0.30357142857142855 0.033482142857142856 0.029017857142857144
0 0.3125 0.296875 0.022321428571428572 0.029017857142857144
0 0.8839285714285714 0.4263392857142857 0.10267857142857142 0.03571428571428571
0 0.5870535714285714 0.38169642857142855 0.03125 0.04017857142857143
0 0.609375 0.3794642857142857 0.026785714285714284 0.03571428571428571