0 0.32142857142857145 0.44642857142857145 0.029017857142857144 0.03125
0 0.43080357142857145 0.41964285714285715 0.026785714285714284 0.017857142857142856
0 0.5066964285714286 0.32142857142857145 0.024553571428571428 0.017857142857142856
0 0.6941964285714286 0.34151785714285715 0.026785714285714284 0.017857142857142856
0 0.4888392857142857 0.5044642857142857 0.06919642857142858 0.020089285714285716
0 0.38839285714285715 0.31919642857142855 0.026785714285714284 0.026785714285714284
0 0.9665178571428571 0.32589285714285715 0.033482142857142856 0.026785714285714284
0 0.8303571428571429 0.45982142857142855 0.06919642857142858 0.020089285714285716
0 0.8058035714285714 0.32142857142857145 0.033482142857142856 0.03794642857142857
0 0.6852678571428571 0.4486607142857143 0.09151785714285714 0.024553571428571428
0 0.6741071428571429 0.36607142857142855 0.03125 0.022321428571428572