0 0.515625 0.15848214285714285 0.020089285714285716 0.017857142857142856
0 0.45535714285714285 0.16964285714285715 0.020089285714285716 0.017857142857142856
0 0.4419642857142857 0.12946428571428573 0.017857142857142856 0.015625
0 0.38169642857142855 0.16294642857142858 0.022321428571428572 0.017857142857142856
0 0.33035714285714285 0.14508928571428573 0.024553571428571428 0.020089285714285716
0 0.3794642857142857 0.13616071428571427 0.020089285714285716 0.015625
0 0.15625 0.14508928571428573 0.022321428571428572 0.017857142857142856
0 0.6897321428571429 0.16071428571428573 0.020089285714285716 0.020089285714285716
0 0.5825892857142857 0.16294642857142858 0.017857142857142856 0.017857142857142856
0 0.5513392857142857 0.13392857142857142 0.020089285714285716 0.020089285714285716
0 0.6138392857142857 0.140625 0.026785714285714284 0.017857142857142856