0 0.22767857142857142 0.017857142857142856 0.020089285714285716 0.022321428571428572
0 0.31473214285714285 0.008928571428571428 0.024553571428571428 0.017857142857142856
0 0.3549107142857143 0.024553571428571428 0.026785714285714284 0.024553571428571428
0 0.41294642857142855 0.020089285714285716 0.020089285714285716 0.024553571428571428
0 0.45089285714285715 0.004464285714285714 0.026785714285714284 0.006696428571428571
0 0.4955357142857143 0.008928571428571428 0.026785714285714284 0.017857142857142856
0 0.47767857142857145 0.03794642857142857 0.020089285714285716 0.020089285714285716
0 0.578125 0.002232142857142857 0.022321428571428572 0.004464285714285714
0 0.5959821428571429 0.03125 0.022321428571428572 0.024553571428571428
0 0.8861607142857143 0.011160714285714286 0.022321428571428572 0.020089285714285716
0 0.8861607142857143 0.049107142857142856 0.022321428571428572 0.020089285714285716
0 0.6495535714285714 0.008928571428571428 0.03125 0.017857142857142856