0 0.53125 0.09598214285714286 0.020089285714285716 0.017857142857142856
0 0.5892857142857143 0.10714285714285714 0.020089285714285716 0.017857142857142856
0 0.6026785714285714 0.06696428571428571 0.017857142857142856 0.015625
0 0.6607142857142857 0.09821428571428571 0.020089285714285716 0.017857142857142856
0 0.7098214285714286 0.08258928571428571 0.024553571428571428 0.017857142857142856
0 0.6629464285714286 0.07366071428571429 0.017857142857142856 0.015625
0 0.8794642857142857 0.08258928571428571 0.022321428571428572 0.017857142857142856
0 0.36160714285714285 0.09598214285714286 0.020089285714285716 0.020089285714285716
0 0.4642857142857143 0.09821428571428571 0.017857142857142856 0.017857142857142856
0 0.4955357142857143 0.07142857142857142 0.020089285714285716 0.020089285714285716
0 0.4330357142857143 0.078125 0.026785714285714284 0.017857142857142856