0 0.33035714285714285 0.18303571428571427 0.020089285714285716 0.020089285714285716
0 0.4174107142857143 0.17410714285714285 0.024553571428571428 0.017857142857142856
0 0.45535714285714285 0.1875 0.026785714285714284 0.024553571428571428
0 0.5133928571428571 0.18303571428571427 0.020089285714285716 0.024553571428571428
0 0.5491071428571429 0.16071428571428573 0.022321428571428572 0.017857142857142856
0 0.5915178571428571 0.16517857142857142 0.022321428571428572 0.020089285714285716
0 0.578125 0.20089285714285715 0.020089285714285716 0.020089285714285716
0 0.6741071428571429 0.15401785714285715 0.020089285714285716 0.020089285714285716
0 0.6941964285714286 0.19642857142857142 0.022321428571428572 0.024553571428571428
0 0.9799107142857143 0.17410714285714285 0.020089285714285716 0.020089285714285716
0 0.9799107142857143 0.21205357142857142 0.022321428571428572 0.020089285714285716
0 0.7455357142857143 0.16741071428571427 0.024553571428571428 0.022321428571428572