0 0.046875 0.15401785714285715 0.026785714285714284 0.029017857142857144
0 0.18526785714285715 0.11607142857142858 0.026785714285714284 0.022321428571428572
0 0.21428571428571427 0.033482142857142856 0.029017857142857144 0.024553571428571428
0 0.4732142857142857 0.06919642857142858 0.024553571428571428 0.024553571428571428
0 0.5602678571428571 0.125 0.029017857142857144 0.024553571428571428
0 0.6116071428571429 0.05803571428571429 0.03125 0.024553571428571428
0 0.7098214285714286 0.06919642857142858 0.029017857142857144 0.026785714285714284
0 0.8727678571428571 0.08035714285714286 0.026785714285714284 0.026785714285714284
0 0.953125 0.078125 0.026785714285714284 0.029017857142857144
0 0.9598214285714286 0.05357142857142857 0.03571428571428571 0.03125
0 0.9397321428571429 0.011160714285714286 0.029017857142857144 0.022321428571428572