0 0.16741071428571427 0.11160714285714286 0.022321428571428572 0.022321428571428572
0 0.4330357142857143 0.10714285714285714 0.020089285714285716 0.017857142857142856
0 0.5424107142857143 0.18526785714285715 0.029017857142857144 0.029017857142857144
0 0.5714285714285714 0.28125 0.03125 0.015625
0 0.5 0.3125 0.026785714285714284 0.022321428571428572
0 0.48660714285714285 0.23660714285714285 0.060267857142857144 0.020089285714285716
0 0.7857142857142857 0.18973214285714285 0.022321428571428572 0.020089285714285716
0 0.9129464285714286 0.20089285714285715 0.020089285714285716 0.017857142857142856
0 0.9375 0.23660714285714285 0.022321428571428572 0.026785714285714284
0 0.9665178571428571 0.18973214285714285 0.033482142857142856 0.022321428571428572
0 0.7611607142857143 0.14732142857142858 0.020089285714285716 0.024553571428571428