0 0.7477678571428571 0.125 0.020089285714285716 0.020089285714285716
0 0.6205357142857143 0.14732142857142858 0.033482142857142856 0.026785714285714284
0 0.5736607142857143 0.20089285714285715 0.026785714285714284 0.026785714285714284
0 0.5558035714285714 0.078125 0.026785714285714284 0.024553571428571428
0 0.49776785714285715 0.11607142857142858 0.033482142857142856 0.024553571428571428
0 0.46875 0.09375 0.03571428571428571 0.024553571428571428
0 0.3125 0.09598214285714286 0.029017857142857144 0.024553571428571428
0 0.41517857142857145 0.16964285714285715 0.03125 0.024553571428571428
0 0.28794642857142855 0.22767857142857142 0.049107142857142856 0.022321428571428572
0 0.16517857142857142 0.14508928571428573 0.029017857142857144 0.022321428571428572
0 0.17633928571428573 0.11383928571428571 0.03794642857142857 0.020089285714285716
0 0.13839285714285715 0.10267857142857142 0.03125 0.024553571428571428
0 0.015625 0.18080357142857142 0.024553571428571428 0.024553571428571428