0 0.013392857142857142 0.203125 0.022321428571428572 0.03571428571428571
0 0.15178571428571427 0.18080357142857142 0.022321428571428572 0.029017857142857144
0 0.044642857142857144 0.25669642857142855 0.020089285714285716 0.022321428571428572
0 0.006696428571428571 0.2700892857142857 0.006696428571428571 0.03125
0 0.33705357142857145 0.16294642857142858 0.024553571428571428 0.017857142857142856
0 0.4107142857142857 0.171875 0.024553571428571428 0.020089285714285716
0 0.44419642857142855 0.14955357142857142 0.022321428571428572 0.020089285714285716
0 0.546875 0.16517857142857142 0.026785714285714284 0.017857142857142856
0 0.5691964285714286 0.19419642857142858 0.033482142857142856 0.024553571428571428
0 0.625 0.171875 0.026785714285714284 0.024553571428571428
0 0.7522321428571429 0.1875 0.03125 0.015625
0 0.78125 0.16071428571428573 0.024553571428571428 0.015625
0 0.8236607142857143 0.18080357142857142 0.022321428571428572 0.017857142857142856