0 0.015625 0.11383928571428571 0.022321428571428572 0.020089285714285716
0 0.044642857142857144 0.12946428571428573 0.03571428571428571 0.017857142857142856
0 0.07366071428571429 0.15178571428571427 0.033482142857142856 0.017857142857142856
0 0.049107142857142856 0.07589285714285714 0.022321428571428572 0.017857142857142856
0 0.18303571428571427 0.15848214285714285 0.029017857142857144 0.022321428571428572
0 0.11607142857142858 0.20982142857142858 0.03571428571428571 0.020089285714285716
0 0.14285714285714285 0.22321428571428573 0.022321428571428572 0.026785714285714284
0 0.17857142857142858 0.22544642857142858 0.022321428571428572 0.022321428571428572
0 0.24553571428571427 0.22767857142857142 0.03794642857142857 0.020089285714285716
0 0.3482142857142857 0.10714285714285714 0.022321428571428572 0.022321428571428572
0 0.43080357142857145 0.10491071428571429 0.022321428571428572 0.022321428571428572
0 0.5982142857142857 0.22544642857142858 0.04241071428571429 0.024553571428571428
0 0.6316964285714286 0.16964285714285715 0.04241071428571429 0.017857142857142856
0 0.6964285714285714 0.19866071428571427 0.024553571428571428 0.022321428571428572
0 0.625 0.09598214285714286 0.022321428571428572 0.020089285714285716
0 0.7991071428571429 0.14285714285714285 0.029017857142857144 0.020089285714285716
0 0.9196428571428571 0.17857142857142858 0.026785714285714284 0.022321428571428572
0 0.9308035714285714 0.10714285714285714 0.04017857142857143 0.020089285714285716
0 0.6741071428571429 0.16741071428571427 0.04017857142857143 0.022321428571428572