0 0.8169642857142857 0.27901785714285715 0.05357142857142857 0.024553571428571428
0 0.765625 0.17633928571428573 0.033482142857142856 0.029017857142857144
0 0.6049107142857143 0.19419642857142858 0.024553571428571428 0.022321428571428572
0 0.5959821428571429 0.23214285714285715 0.022321428571428572 0.024553571428571428
0 0.5424107142857143 0.25669642857142855 0.03571428571428571 0.024553571428571428
0 0.5267857142857143 0.19866071428571427 0.024553571428571428 0.022321428571428572
0 0.4174107142857143 0.22767857142857142 0.020089285714285716 0.022321428571428572
0 0.36607142857142855 0.22098214285714285 0.022321428571428572 0.024553571428571428
0 0.3125 0.1875 0.03125 0.020089285714285716
0 0.375 0.14285714285714285 0.024553571428571428 0.024553571428571428
0 0.2857142857142857 0.25223214285714285 0.026785714285714284 0.022321428571428572
0 0.25669642857142855 0.29910714285714285 0.03125 0.024553571428571428