0 0.3236607142857143 0.11383928571428571 0.04017857142857143 0.024553571428571428
0 0.4419642857142857 0.03571428571428571 0.029017857142857144 0.026785714285714284
0 0.3950892857142857 0.05803571428571429 0.022321428571428572 0.026785714285714284
0 0.45535714285714285 0.07589285714285714 0.03125 0.024553571428571428
0 0.4330357142857143 0.08258928571428571 0.03794642857142857 0.024553571428571428
0 0.5647321428571429 0.046875 0.033482142857142856 0.029017857142857144
0 0.5334821428571429 0.06473214285714286 0.022321428571428572 0.024553571428571428
0 0.8950892857142857 0.08705357142857142 0.03125 0.024553571428571428
0 0.8392857142857143 0.09151785714285714 0.024553571428571428 0.029017857142857144
0 0.6361607142857143 0.13839285714285715 0.03125 0.022321428571428572
0 0.703125 0.008928571428571428 0.033482142857142856 0.017857142857142856