0 0.26785714285714285 0.18973214285714285 0.026785714285714284 0.033482142857142856
0 0.296875 0.06696428571428571 0.03794642857142857 0.029017857142857144
0 0.44642857142857145 0.14955357142857142 0.029017857142857144 0.020089285714285716
0 0.4732142857142857 0.10044642857142858 0.03794642857142857 0.024553571428571428
0 0.5535714285714286 0.15178571428571427 0.03125 0.026785714285714284
0 0.5535714285714286 0.09821428571428571 0.029017857142857144 0.026785714285714284
0 0.65625 0.12946428571428573 0.03125 0.022321428571428572
0 0.6986607142857143 0.12946428571428573 0.024553571428571428 0.026785714285714284
0 0.6450892857142857 0.16741071428571427 0.046875 0.024553571428571428
0 0.8080357142857143 0.04017857142857143 0.03125 0.026785714285714284
0 0.9397321428571429 0.09375 0.029017857142857144 0.024553571428571428
0 0.8169642857142857 0.22321428571428573 0.029017857142857144 0.03125