0 0.12723214285714285 0.16964285714285715 0.026785714285714284 0.022321428571428572
0 0.15625 0.08928571428571429 0.029017857142857144 0.024553571428571428
0 0.27901785714285715 0.04241071428571429 0.04241071428571429 0.024553571428571428
0 0.4107142857142857 0.12276785714285714 0.024553571428571428 0.024553571428571428
0 0.49776785714285715 0.17857142857142858 0.029017857142857144 0.024553571428571428
0 0.546875 0.11160714285714286 0.03125 0.024553571428571428
0 0.6450892857142857 0.125 0.029017857142857144 0.026785714285714284
0 0.8058035714285714 0.13616071428571427 0.026785714285714284 0.026785714285714284
0 0.8839285714285714 0.13169642857142858 0.026785714285714284 0.029017857142857144
0 0.890625 0.10714285714285714 0.033482142857142856 0.029017857142857144
0 0.8705357142857143 0.06696428571428571 0.029017857142857144 0.022321428571428572