0 0.09151785714285714 0.18973214285714285 0.03125 0.03125
0 0.08705357142857142 0.09598214285714286 0.03794642857142857 0.022321428571428572
0 0.24776785714285715 0.16294642857142858 0.03125 0.029017857142857144
0 0.265625 0.19866071428571427 0.033482142857142856 0.033482142857142856
0 0.25669642857142855 0.29464285714285715 0.03794642857142857 0.024553571428571428
0 0.26785714285714285 0.04017857142857143 0.029017857142857144 0.024553571428571428
0 0.22767857142857142 0.015625 0.024553571428571428 0.022321428571428572
0 0.3125 0.011160714285714286 0.03571428571428571 0.022321428571428572
0 0.5758928571428571 0.06919642857142858 0.03125 0.024553571428571428
0 0.71875 0.033482142857142856 0.026785714285714284 0.022321428571428572
0 0.8102678571428571 0.026785714285714284 0.020089285714285716 0.022321428571428572
0 0.8683035714285714 0.03794642857142857 0.029017857142857144 0.024553571428571428
0 0.9040178571428571 0.046875 0.03125 0.026785714285714284
0 0.9866071428571429 0.10044642857142858 0.017857142857142856 0.03125
0 0.9598214285714286 0.08482142857142858 0.033482142857142856 0.03125
0 0.8080357142857143 0.10491071428571429 0.033482142857142856 0.026785714285714284
0 0.8080357142857143 0.07589285714285714 0.033482142857142856 0.022321428571428572
0 0.6741071428571429 0.078125 0.04241071428571429 0.020089285714285716
0 0.6428571428571429 0.09821428571428571 0.05580357142857143 0.022321428571428572