0 0.04017857142857143 0.29017857142857145 0.026785714285714284 0.03794642857142857
0 0.18303571428571427 0.09375 0.033482142857142856 0.03125
0 0.17410714285714285 0.29017857142857145 0.04241071428571429 0.04241071428571429
0 0.11830357142857142 0.12276785714285714 0.03125 0.026785714285714284
0 0.7366071428571429 0.11160714285714286 0.03125 0.029017857142857144
0 0.7924107142857143 0.12723214285714285 0.033482142857142856 0.026785714285714284
0 0.8459821428571429 0.15401785714285715 0.03794642857142857 0.024553571428571428
0 0.8102678571428571 0.21205357142857142 0.029017857142857144 0.033482142857142856
0 0.625 0.13839285714285715 0.033482142857142856 0.03125
0 0.6830357142857143 0.18303571428571427 0.04241071428571429 0.024553571428571428
0 0.5959821428571429 0.21428571428571427 0.05357142857142857 0.024553571428571428
0 0.546875 0.15625 0.04241071428571429 0.020089285714285716
0 0.9575892857142857 0.11830357142857142 0.03794642857142857 0.024553571428571428
0 0.9196428571428571 0.15625 0.04017857142857143 0.026785714285714284
0 0.984375 0.18303571428571427 0.029017857142857144 0.03125
0 0.9598214285714286 0.16517857142857142 0.03125 0.03125
0 0.5178571428571429 0.16964285714285715 0.046875 0.029017857142857144