0 0.9910714285714286 0.20089285714285715 0.011160714285714286 0.020089285714285716
0 0.9598214285714286 0.06696428571428571 0.024553571428571428 0.015625
0 0.7566964285714286 0.08482142857142858 0.029017857142857144 0.017857142857142856
0 0.5066964285714286 0.125 0.026785714285714284 0.020089285714285716
0 0.46875 0.13839285714285715 0.029017857142857144 0.020089285714285716
0 0.4375 0.12276785714285714 0.029017857142857144 0.022321428571428572
0 0.45089285714285715 0.06919642857142858 0.024553571428571428 0.020089285714285716
0 0.5133928571428571 0.05803571428571429 0.020089285714285716 0.024553571428571428
0 0.24107142857142858 0.109375 0.033482142857142856 0.024553571428571428
0 0.17410714285714285 0.10267857142857142 0.022321428571428572 0.024553571428571428
0 0.06919642857142858 0.08035714285714286 0.024553571428571428 0.022321428571428572
0 0.024553571428571428 0.08258928571428571 0.029017857142857144 0.024553571428571428
0 0.046875 0.05580357142857143 0.026785714285714284 0.020089285714285716
0 0.18526785714285715 0.140625 0.03125 0.029017857142857144
0 0.22321428571428573 0.14508928571428573 0.03125 0.020089285714285716
0 0.34151785714285715 0.09375 0.022321428571428572 0.020089285714285716