0 0.8504464285714286 0.20982142857142858 0.05357142857142857 0.024553571428571428
0 0.7857142857142857 0.046875 0.03571428571428571 0.022321428571428572
0 0.6941964285714286 0.05357142857142857 0.03571428571428571 0.024553571428571428
0 0.6004464285714286 0.0625 0.033482142857142856 0.024553571428571428
0 0.6763392857142857 0.1875 0.03794642857142857 0.020089285714285716
0 0.5558035714285714 0.25223214285714285 0.03794642857142857 0.03571428571428571
0 0.33482142857142855 0.0625 0.029017857142857144 0.022321428571428572
0 0.26785714285714285 0.06696428571428571 0.022321428571428572 0.024553571428571428
0 0.20982142857142858 0.07366071428571429 0.044642857142857144 0.029017857142857144
0 0.13169642857142858 0.0625 0.03125 0.020089285714285716
0 0.024553571428571428 0.06473214285714286 0.03571428571428571 0.022321428571428572