0 0.9642857142857143 0.25669642857142855 0.03794642857142857 0.020089285714285716
0 0.9017857142857143 0.16294642857142858 0.026785714285714284 0.020089285714285716
0 0.45089285714285715 0.234375 0.044642857142857144 0.029017857142857144
0 0.609375 0.21651785714285715 0.029017857142857144 0.020089285714285716
0 0.35044642857142855 0.24107142857142858 0.026785714285714284 0.024553571428571428
0 0.453125 0.20535714285714285 0.026785714285714284 0.024553571428571428
0 0.39732142857142855 0.20535714285714285 0.03125 0.020089285714285716
0 0.5401785714285714 0.13616071428571427 0.026785714285714284 0.022321428571428572
0 0.28125 0.14508928571428573 0.029017857142857144 0.017857142857142856
0 0.22991071428571427 0.10267857142857142 0.03794642857142857 0.022321428571428572
0 0.18973214285714285 0.14508928571428573 0.04241071428571429 0.03125
0 0.12723214285714285 0.21205357142857142 0.04017857142857143 0.022321428571428572
0 0.060267857142857144 0.234375 0.026785714285714284 0.022321428571428572
0 0.03794642857142857 0.17857142857142858 0.029017857142857144 0.017857142857142856
0 0.07589285714285714 0.16294642857142858 0.029017857142857144 0.020089285714285716
0 0.11383928571428571 0.18080357142857142 0.03125 0.017857142857142856
0 0.011160714285714286 0.14285714285714285 0.022321428571428572 0.015625