0 0.8303571428571429 0.19196428571428573 0.060267857142857144 0.024553571428571428
0 0.8147321428571429 0.05580357142857143 0.029017857142857144 0.044642857142857144
0 0.5848214285714286 0.15848214285714285 0.049107142857142856 0.022321428571428572
0 0.6897321428571429 0.022321428571428572 0.029017857142857144 0.024553571428571428
0 0.6138392857142857 0.006696428571428571 0.04017857142857143 0.013392857142857142
0 0.5133928571428571 0.04017857142857143 0.022321428571428572 0.022321428571428572
0 0.41517857142857145 0.020089285714285716 0.03794642857142857 0.024553571428571428
0 0.3705357142857143 0.03125 0.024553571428571428 0.020089285714285716
0 0.29017857142857145 0.06473214285714286 0.024553571428571428 0.026785714285714284
0 0.27232142857142855 0.07589285714285714 0.029017857142857144 0.022321428571428572
0 0.23660714285714285 0.05580357142857143 0.029017857142857144 0.024553571428571428
0 0.16294642857142858 0.033482142857142856 0.03571428571428571 0.024553571428571428
0 0.7120535714285714 0.125 0.03125 0.022321428571428572