0 0.9441964285714286 0.16964285714285715 0.029017857142857144 0.020089285714285716
0 0.875 0.328125 0.029017857142857144 0.020089285714285716
0 0.6049107142857143 0.3125 0.04017857142857143 0.017857142857142856
0 0.8191964285714286 0.11830357142857142 0.022321428571428572 0.020089285714285716
0 0.7834821428571429 0.12723214285714285 0.026785714285714284 0.017857142857142856
0 0.41964285714285715 0.17857142857142858 0.024553571428571428 0.017857142857142856
0 0.4107142857142857 0.15625 0.024553571428571428 0.020089285714285716
0 0.38392857142857145 0.13616071428571427 0.029017857142857144 0.015625
0 0.31473214285714285 0.15848214285714285 0.03125 0.017857142857142856
0 0.19642857142857142 0.140625 0.020089285714285716 0.015625
0 0.13839285714285715 0.14508928571428573 0.026785714285714284 0.020089285714285716
0 0.10044642857142858 0.171875 0.03571428571428571 0.017857142857142856
0 0.0625 0.22098214285714285 0.033482142857142856 0.020089285714285716