0 0.9732142857142857 0.16294642857142858 0.026785714285714284 0.020089285714285716
0 0.9553571428571429 0.13616071428571427 0.017857142857142856 0.017857142857142856
0 0.9107142857142857 0.12946428571428573 0.020089285714285716 0.022321428571428572
0 0.8660714285714286 0.16294642857142858 0.024553571428571428 0.020089285714285716
0 0.7767857142857143 0.13839285714285715 0.026785714285714284 0.020089285714285716
0 0.6919642857142857 0.20089285714285715 0.024553571428571428 0.022321428571428572
0 0.6584821428571429 0.17410714285714285 0.022321428571428572 0.017857142857142856
0 0.6897321428571429 0.15178571428571427 0.022321428571428572 0.022321428571428572
0 0.5334821428571429 0.140625 0.029017857142857144 0.017857142857142856
0 0.2700892857142857 0.171875 0.022321428571428572 0.022321428571428572
0 0.21651785714285715 0.14955357142857142 0.022321428571428572 0.022321428571428572