0 0.828125 0.08928571428571429 0.046875 0.017857142857142856
0 0.7834821428571429 0.08035714285714286 0.026785714285714284 0.026785714285714284
0 0.7834821428571429 0.03571428571428571 0.04241071428571429 0.017857142857142856
0 0.7075892857142857 0.16964285714285715 0.03125 0.022321428571428572
0 0.5669642857142857 0.12723214285714285 0.04241071428571429 0.024553571428571428
0 0.5691964285714286 0.060267857142857144 0.024553571428571428 0.029017857142857144
0 0.40401785714285715 0.046875 0.029017857142857144 0.022321428571428572
0 0.36160714285714285 0.05803571428571429 0.03125 0.024553571428571428
0 0.24776785714285715 0.078125 0.029017857142857144 0.024553571428571428
0 0.25223214285714285 0.11383928571428571 0.029017857142857144 0.017857142857142856
0 0.11607142857142858 0.05803571428571429 0.029017857142857144 0.022321428571428572