0 0.09598214285714286 0.10714285714285714 0.026785714285714284 0.017857142857142856
0 0.24330357142857142 0.14955357142857142 0.020089285714285716 0.022321428571428572
0 0.2611607142857143 0.10491071428571429 0.022321428571428572 0.022321428571428572
0 0.14285714285714285 0.19866071428571427 0.033482142857142856 0.020089285714285716
0 0.3861607142857143 0.140625 0.020089285714285716 0.020089285714285716
0 0.4955357142857143 0.20089285714285715 0.022321428571428572 0.024553571428571428
0 0.5714285714285714 0.12723214285714285 0.03125 0.022321428571428572
0 0.6339285714285714 0.19866071428571427 0.026785714285714284 0.017857142857142856
0 0.734375 0.16964285714285715 0.022321428571428572 0.020089285714285716
0 0.6852678571428571 0.11830357142857142 0.026785714285714284 0.024553571428571428
0 0.9866071428571429 0.21428571428571427 0.024553571428571428 0.03125