0 0.3861607142857143 0.17410714285714285 0.03571428571428571 0.022321428571428572
0 0.49330357142857145 0.10491071428571429 0.026785714285714284 0.024553571428571428
0 0.453125 0.125 0.020089285714285716 0.024553571428571428
0 0.5066964285714286 0.140625 0.029017857142857144 0.022321428571428572
0 0.48660714285714285 0.14732142857142858 0.033482142857142856 0.022321428571428572
0 0.6071428571428571 0.11383928571428571 0.029017857142857144 0.024553571428571428
0 0.578125 0.12946428571428573 0.020089285714285716 0.022321428571428572
0 0.90625 0.14955357142857142 0.029017857142857144 0.022321428571428572
0 0.8549107142857143 0.15625 0.022321428571428572 0.026785714285714284
0 0.671875 0.19642857142857142 0.029017857142857144 0.020089285714285716
0 0.734375 0.078125 0.029017857142857144 0.020089285714285716