0 0.8035714285714286 0.1875 0.020089285714285716 0.017857142857142856
0 0.8392857142857143 0.18080357142857142 0.020089285714285716 0.015625
0 0.8616071428571429 0.19866071428571427 0.029017857142857144 0.020089285714285716
0 0.6897321428571429 0.20982142857142858 0.026785714285714284 0.024553571428571428
0 0.6361607142857143 0.21428571428571427 0.024553571428571428 0.022321428571428572
0 0.6227678571428571 0.1875 0.024553571428571428 0.026785714285714284
0 0.4732142857142857 0.12053571428571429 0.022321428571428572 0.022321428571428572
0 0.4263392857142857 0.13169642857142858 0.03125 0.015625
0 0.39732142857142855 0.20535714285714285 0.024553571428571428 0.022321428571428572
0 0.33705357142857145 0.17857142857142858 0.026785714285714284 0.020089285714285716
0 0.328125 0.15178571428571427 0.026785714285714284 0.024553571428571428
0 0.2924107142857143 0.140625 0.03125 0.020089285714285716
0 0.18526785714285715 0.14732142857142858 0.03794642857142857 0.022321428571428572