0 0.8236607142857143 0.15625 0.029017857142857144 0.020089285714285716
0 0.5558035714285714 0.19642857142857142 0.029017857142857144 0.022321428571428572
0 0.515625 0.21205357142857142 0.03125 0.022321428571428572
0 0.48214285714285715 0.19419642857142858 0.03125 0.022321428571428572
0 0.4955357142857143 0.13839285714285715 0.026785714285714284 0.022321428571428572
0 0.5625 0.125 0.022321428571428572 0.026785714285714284
0 0.27232142857142855 0.18080357142857142 0.03571428571428571 0.026785714285714284
0 0.19866071428571427 0.17410714285714285 0.024553571428571428 0.026785714285714284
0 0.08482142857142858 0.14955357142857142 0.026785714285714284 0.022321428571428572
0 0.03794642857142857 0.15178571428571427 0.03125 0.026785714285714284
0 0.0625 0.12276785714285714 0.026785714285714284 0.022321428571428572
0 0.21205357142857142 0.21428571428571427 0.033482142857142856 0.03125
0 0.25223214285714285 0.21875 0.033482142857142856 0.020089285714285716
0 0.37723214285714285 0.16517857142857142 0.024553571428571428 0.022321428571428572