0 0.9308035714285714 0.08705357142857142 0.03125 0.022321428571428572
0 0.6361607142857143 0.10491071428571429 0.03125 0.029017857142857144
0 0.5691964285714286 0.09151785714285714 0.03571428571428571 0.024553571428571428
0 0.5379464285714286 0.0625 0.033482142857142856 0.029017857142857144
0 0.5424107142857143 0.033482142857142856 0.03571428571428571 0.022321428571428572
0 0.5647321428571429 0.008928571428571428 0.024553571428571428 0.017857142857142856
0 0.4419642857142857 0.0625 0.03125 0.024553571428571428
0 0.4017857142857143 0.03571428571428571 0.029017857142857144 0.026785714285714284
0 0.23883928571428573 0.06919642857142858 0.033482142857142856 0.029017857142857144
0 0.19642857142857142 0.026785714285714284 0.029017857142857144 0.022321428571428572
0 0.024553571428571428 0.024553571428571428 0.033482142857142856 0.026785714285714284