0 0.9933035714285714 0.13169642857142858 0.006696428571428571 0.022321428571428572
0 0.9575892857142857 0.13839285714285715 0.026785714285714284 0.020089285714285716
0 0.8683035714285714 0.16071428571428573 0.033482142857142856 0.022321428571428572
0 0.7946428571428571 0.17410714285714285 0.022321428571428572 0.022321428571428572
0 0.8303571428571429 0.24330357142857142 0.020089285714285716 0.022321428571428572
0 0.8392857142857143 0.22544642857142858 0.024553571428571428 0.020089285714285716
0 0.6651785714285714 0.19196428571428573 0.024553571428571428 0.022321428571428572
0 0.6294642857142857 0.19196428571428573 0.024553571428571428 0.024553571428571428
0 0.45982142857142855 0.14285714285714285 0.024553571428571428 0.017857142857142856
0 0.453125 0.125 0.024553571428571428 0.020089285714285716
0 0.3169642857142857 0.18973214285714285 0.026785714285714284 0.024553571428571428
0 0.2767857142857143 0.14508928571428573 0.024553571428571428 0.017857142857142856
0 0.19419642857142858 0.19196428571428573 0.029017857142857144 0.022321428571428572
0 0.5245535714285714 0.17410714285714285 0.03125 0.022321428571428572
0 0.5647321428571429 0.1875 0.026785714285714284 0.017857142857142856
0 0.6383928571428571 0.15178571428571427 0.029017857142857144 0.026785714285714284
0 0.6696428571428571 0.12946428571428573 0.024553571428571428 0.017857142857142856