0 0.033482142857142856 0.12053571428571429 0.022321428571428572 0.022321428571428572
0 0.08482142857142858 0.14732142857142858 0.026785714285714284 0.017857142857142856
0 0.09598214285714286 0.16741071428571427 0.033482142857142856 0.020089285714285716
0 0.16517857142857142 0.16071428571428573 0.017857142857142856 0.024553571428571428
0 0.1875 0.22321428571428573 0.029017857142857144 0.022321428571428572
0 0.22098214285714285 0.109375 0.022321428571428572 0.020089285714285716
0 0.42857142857142855 0.11160714285714286 0.029017857142857144 0.020089285714285716
0 0.5379464285714286 0.14955357142857142 0.026785714285714284 0.020089285714285716
0 0.5133928571428571 0.18080357142857142 0.029017857142857144 0.017857142857142856
0 0.6272321428571429 0.11160714285714286 0.024553571428571428 0.020089285714285716
0 0.6629464285714286 0.13839285714285715 0.020089285714285716 0.017857142857142856
0 0.7232142857142857 0.19196428571428573 0.022321428571428572 0.022321428571428572
0 0.6897321428571429 0.14508928571428573 0.03125 0.015625
0 0.7700892857142857 0.19642857142857142 0.022321428571428572 0.020089285714285716