0 0.12053571428571429 0.21428571428571427 0.022321428571428572 0.017857142857142856
0 0.08258928571428571 0.20758928571428573 0.022321428571428572 0.017857142857142856
0 0.05803571428571429 0.22767857142857142 0.03125 0.022321428571428572
0 0.24553571428571427 0.23883928571428573 0.029017857142857144 0.024553571428571428
0 0.3013392857142857 0.24553571428571427 0.026785714285714284 0.024553571428571428
0 0.3169642857142857 0.21651785714285715 0.026785714285714284 0.029017857142857144
0 0.4799107142857143 0.140625 0.024553571428571428 0.024553571428571428
0 0.53125 0.15401785714285715 0.033482142857142856 0.017857142857142856
0 0.5625 0.234375 0.026785714285714284 0.024553571428571428
0 0.6272321428571429 0.20535714285714285 0.029017857142857144 0.022321428571428572
0 0.6383928571428571 0.17633928571428573 0.029017857142857144 0.024553571428571428
0 0.6785714285714286 0.16517857142857142 0.033482142857142856 0.022321428571428572
0 0.7946428571428571 0.171875 0.04241071428571429 0.022321428571428572