0 0.013392857142857142 0.1875 0.017857142857142856 0.022321428571428572
0 0.046875 0.171875 0.033482142857142856 0.024553571428571428
0 0.16294642857142858 0.12053571428571429 0.026785714285714284 0.020089285714285716
0 0.31473214285714285 0.109375 0.029017857142857144 0.020089285714285716
0 0.3482142857142857 0.12276785714285714 0.026785714285714284 0.020089285714285716
0 0.421875 0.19419642857142858 0.029017857142857144 0.026785714285714284
0 0.43080357142857145 0.11830357142857142 0.03794642857142857 0.022321428571428572
0 0.49330357142857145 0.15401785714285715 0.029017857142857144 0.03125
0 0.5223214285714286 0.12723214285714285 0.033482142857142856 0.020089285714285716
0 0.5401785714285714 0.11160714285714286 0.033482142857142856 0.022321428571428572
0 0.8325892857142857 0.07142857142857142 0.03794642857142857 0.024553571428571428
0 0.5714285714285714 0.19866071428571427 0.033482142857142856 0.022321428571428572
0 0.6116071428571429 0.20758928571428573 0.026785714285714284 0.026785714285714284
0 0.6540178571428571 0.17633928571428573 0.03125 0.026785714285714284
0 0.6584821428571429 0.15401785714285715 0.03125 0.03794642857142857
0 0.6160714285714286 0.14732142857142858 0.022321428571428572 0.022321428571428572
0 0.6830357142857143 0.12946428571428573 0.029017857142857144 0.024553571428571428