0 0.06696428571428571 0.15625 0.017857142857142856 0.022321428571428572
0 0.21651785714285715 0.12723214285714285 0.026785714285714284 0.020089285714285716
0 0.19866071428571427 0.21428571428571427 0.022321428571428572 0.026785714285714284
0 0.23660714285714285 0.17410714285714285 0.022321428571428572 0.022321428571428572
0 0.2767857142857143 0.14508928571428573 0.022321428571428572 0.017857142857142856
0 0.3638392857142857 0.125 0.026785714285714284 0.020089285714285716
0 0.3705357142857143 0.21875 0.03794642857142857 0.022321428571428572
0 0.46875 0.19419642857142858 0.022321428571428572 0.020089285714285716
0 0.28348214285714285 0.18526785714285715 0.026785714285714284 0.03125
0 0.8616071428571429 0.125 0.026785714285714284 0.020089285714285716
0 0.921875 0.11607142857142858 0.020089285714285716 0.020089285714285716