0 0.7589285714285714 0.15625 0.020089285714285716 0.020089285714285716
0 0.640625 0.17410714285714285 0.03125 0.024553571428571428
0 0.5982142857142857 0.22544642857142858 0.024553571428571428 0.024553571428571428
0 0.5825892857142857 0.11160714285714286 0.024553571428571428 0.022321428571428572
0 0.5290178571428571 0.14732142857142858 0.03125 0.022321428571428572
0 0.5 0.12723214285714285 0.033482142857142856 0.022321428571428572
0 0.35714285714285715 0.12723214285714285 0.026785714285714284 0.022321428571428572
0 0.45089285714285715 0.19642857142857142 0.029017857142857144 0.022321428571428572
0 0.33482142857142855 0.24776785714285715 0.044642857142857144 0.020089285714285716
0 0.22321428571428573 0.17410714285714285 0.026785714285714284 0.022321428571428572
0 0.23214285714285715 0.14508928571428573 0.03571428571428571 0.017857142857142856
0 0.19642857142857142 0.13392857142857142 0.029017857142857144 0.022321428571428572
0 0.08482142857142858 0.20758928571428573 0.022321428571428572 0.022321428571428572
0 0.03125 0.1875 0.03125 0.020089285714285716
0 0.020089285714285716 0.21875 0.026785714285714284 0.020089285714285716