0 0.9620535714285714 0.16964285714285715 0.026785714285714284 0.020089285714285716
0 0.9441964285714286 0.14285714285714285 0.017857142857142856 0.017857142857142856
0 0.9017857142857143 0.13616071428571427 0.020089285714285716 0.022321428571428572
0 0.8571428571428571 0.16964285714285715 0.024553571428571428 0.020089285714285716
0 0.7678571428571429 0.14508928571428573 0.026785714285714284 0.020089285714285716
0 0.6830357142857143 0.20535714285714285 0.024553571428571428 0.022321428571428572
0 0.6517857142857143 0.18080357142857142 0.022321428571428572 0.015625
0 0.6830357142857143 0.15848214285714285 0.022321428571428572 0.022321428571428572
0 0.5267857142857143 0.14508928571428573 0.026785714285714284 0.017857142857142856
0 0.265625 0.17633928571428573 0.022321428571428572 0.022321428571428572
0 0.21205357142857142 0.15401785714285715 0.022321428571428572 0.022321428571428572