0 0.13839285714285715 0.20535714285714285 0.033482142857142856 0.022321428571428572
0 0.14508928571428573 0.06919642857142858 0.029017857142857144 0.015625
0 0.12946428571428573 0.05133928571428571 0.029017857142857144 0.024553571428571428
0 0.10044642857142858 0.008928571428571428 0.03125 0.017857142857142856
0 0.265625 0.06919642857142858 0.024553571428571428 0.020089285714285716
0 0.3325892857142857 0.044642857142857144 0.033482142857142856 0.020089285714285716
0 0.27232142857142855 0.011160714285714286 0.024553571428571428 0.017857142857142856
0 0.40401785714285715 0.09821428571428571 0.049107142857142856 0.020089285714285716
0 0.4263392857142857 0.13169642857142858 0.022321428571428572 0.022321428571428572
0 0.5178571428571429 0.10491071428571429 0.029017857142857144 0.020089285714285716
0 0.5379464285714286 0.078125 0.026785714285714284 0.022321428571428572
0 0.5424107142857143 0.11830357142857142 0.029017857142857144 0.020089285714285716
0 0.5870535714285714 0.09598214285714286 0.03125 0.022321428571428572
0 0.6071428571428571 0.13839285714285715 0.03125 0.029017857142857144
0 0.703125 0.10044642857142858 0.033482142857142856 0.026785714285714284