0 0.9732142857142857 0.30357142857142855 0.046875 0.026785714285714284
0 0.9107142857142857 0.12946428571428573 0.03794642857142857 0.022321428571428572
0 0.8125 0.13392857142857142 0.03794642857142857 0.026785714285714284
0 0.7120535714285714 0.14508928571428573 0.03571428571428571 0.026785714285714284
0 0.7924107142857143 0.2767857142857143 0.04017857142857143 0.020089285714285716
0 0.6651785714285714 0.3482142857142857 0.04017857142857143 0.03794642857142857
0 0.43080357142857145 0.14508928571428573 0.03125 0.022321428571428572
0 0.359375 0.14955357142857142 0.022321428571428572 0.024553571428571428
0 0.296875 0.15625 0.049107142857142856 0.029017857142857144
0 0.21428571428571427 0.14285714285714285 0.03125 0.022321428571428572
0 0.10044642857142858 0.14732142857142858 0.03794642857142857 0.022321428571428572
0 0.020089285714285716 0.15625 0.024553571428571428 0.022321428571428572
0 0.05357142857142857 0.15178571428571427 0.026785714285714284 0.022321428571428572