0 0.21651785714285715 0.08258928571428571 0.033482142857142856 0.020089285714285716
0 0.22991071428571427 0.14508928571428573 0.033482142857142856 0.022321428571428572
0 0.3013392857142857 0.19196428571428573 0.03571428571428571 0.024553571428571428
0 0.2857142857142857 0.06696428571428571 0.033482142857142856 0.020089285714285716
0 0.45535714285714285 0.04017857142857143 0.049107142857142856 0.024553571428571428
0 0.45982142857142855 0.0625 0.04017857142857143 0.020089285714285716
0 0.48214285714285715 0.109375 0.029017857142857144 0.03571428571428571
0 0.6361607142857143 0.11830357142857142 0.033482142857142856 0.020089285714285716
0 0.6517857142857143 0.078125 0.029017857142857144 0.022321428571428572
0 0.6116071428571429 0.05133928571428571 0.03571428571428571 0.020089285714285716
0 0.6629464285714286 0.12723214285714285 0.022321428571428572 0.017857142857142856
0 0.011160714285714286 0.16071428571428573 0.017857142857142856 0.020089285714285716