0 0.08705357142857142 0.22544642857142858 0.044642857142857144 0.026785714285714284
0 0.12053571428571429 0.22321428571428573 0.026785714285714284 0.029017857142857144
0 0.24776785714285715 0.10044642857142858 0.03571428571428571 0.026785714285714284
0 0.5446428571428571 0.17410714285714285 0.03794642857142857 0.026785714285714284
0 0.625 0.171875 0.026785714285714284 0.024553571428571428
0 0.6428571428571429 0.12053571428571429 0.033482142857142856 0.020089285714285716
0 0.6986607142857143 0.16071428571428573 0.026785714285714284 0.026785714285714284
0 0.8102678571428571 0.11160714285714286 0.026785714285714284 0.024553571428571428
0 0.9308035714285714 0.17633928571428573 0.026785714285714284 0.026785714285714284
0 0.9732142857142857 0.17633928571428573 0.022321428571428572 0.024553571428571428
0 0.9799107142857143 0.21428571428571427 0.03571428571428571 0.020089285714285716