0 0.5982142857142857 0.2700892857142857 0.026785714285714284 0.026785714285714284
0 0.6160714285714286 0.22321428571428573 0.024553571428571428 0.026785714285714284
0 0.5022321428571429 0.16517857142857142 0.026785714285714284 0.020089285714285716
0 0.6450892857142857 0.109375 0.03125 0.024553571428571428
0 0.6316964285714286 0.13169642857142858 0.024553571428571428 0.020089285714285716
0 0.5446428571428571 0.14285714285714285 0.04017857142857143 0.024553571428571428
0 0.6763392857142857 0.14732142857142858 0.022321428571428572 0.015625
0 0.7901785714285714 0.14732142857142858 0.020089285714285716 0.017857142857142856
0 0.8415178571428571 0.14508928571428573 0.026785714285714284 0.024553571428571428
0 0.7991071428571429 0.17410714285714285 0.03571428571428571 0.020089285714285716
0 0.8973214285714286 0.19642857142857142 0.044642857142857144 0.017857142857142856
0 0.6138392857142857 0.13616071428571427 0.024553571428571428 0.022321428571428572
0 0.48660714285714285 0.14285714285714285 0.024553571428571428 0.020089285714285716