0 0.07589285714285714 0.28348214285714285 0.05133928571428571 0.020089285714285716
0 0.10267857142857142 0.32589285714285715 0.046875 0.024553571428571428
0 0.33705357142857145 0.15848214285714285 0.03125 0.029017857142857144
0 0.43080357142857145 0.21875 0.04017857142857143 0.022321428571428572
0 0.48660714285714285 0.14955357142857142 0.026785714285714284 0.026785714285714284
0 0.6361607142857143 0.3080357142857143 0.03571428571428571 0.033482142857142856
0 0.7544642857142857 0.3080357142857143 0.029017857142857144 0.026785714285714284
0 0.8191964285714286 0.3080357142857143 0.03125 0.024553571428571428
0 0.6540178571428571 0.16741071428571427 0.026785714285714284 0.022321428571428572
0 0.7008928571428571 0.15625 0.03125 0.026785714285714284
0 0.9285714285714286 0.21428571428571427 0.029017857142857144 0.022321428571428572
0 0.9776785714285714 0.18526785714285715 0.03571428571428571 0.020089285714285716
0 0.7388392857142857 0.18080357142857142 0.024553571428571428 0.020089285714285716
0 0.5803571428571429 0.17633928571428573 0.022321428571428572 0.017857142857142856
0 0.46651785714285715 0.171875 0.020089285714285716 0.017857142857142856