0 0.8258928571428571 0.16964285714285715 0.04017857142857143 0.03125
0 0.7700892857142857 0.15401785714285715 0.04241071428571429 0.026785714285714284
0 0.46651785714285715 0.011160714285714286 0.03571428571428571 0.020089285714285716
0 0.4174107142857143 0.13839285714285715 0.03571428571428571 0.026785714285714284
0 0.37723214285714285 0.08035714285714286 0.026785714285714284 0.024553571428571428
0 0.3080357142857143 0.024553571428571428 0.029017857142857144 0.024553571428571428
0 0.2857142857142857 0.013392857142857142 0.026785714285714284 0.026785714285714284
0 0.28125 0.08035714285714286 0.03125 0.022321428571428572
0 0.25 0.05803571428571429 0.033482142857142856 0.026785714285714284
0 0.08928571428571429 0.033482142857142856 0.022321428571428572 0.020089285714285716
0 0.27901785714285715 0.05357142857142857 0.033482142857142856 0.024553571428571428
0 0.32142857142857145 0.07589285714285714 0.020089285714285716 0.022321428571428572