0 0.9866071428571429 0.19419642857142858 0.020089285714285716 0.020089285714285716
0 0.8080357142857143 0.09375 0.029017857142857144 0.020089285714285716
0 0.8504464285714286 0.10491071428571429 0.022321428571428572 0.020089285714285716
0 0.875 0.14508928571428573 0.020089285714285716 0.024553571428571428
0 0.8125 0.16294642857142858 0.024553571428571428 0.024553571428571428
0 0.8415178571428571 0.21428571428571427 0.024553571428571428 0.026785714285714284
0 0.8459821428571429 0.17633928571428573 0.022321428571428572 0.017857142857142856
0 0.78125 0.15401785714285715 0.020089285714285716 0.017857142857142856
0 0.6316964285714286 0.17410714285714285 0.026785714285714284 0.024553571428571428
0 0.6339285714285714 0.10044642857142858 0.026785714285714284 0.022321428571428572
0 0.4174107142857143 0.15401785714285715 0.024553571428571428 0.024553571428571428
0 0.375 0.15178571428571427 0.026785714285714284 0.020089285714285716
0 0.3705357142857143 0.125 0.017857142857142856 0.020089285714285716
0 0.19642857142857142 0.11830357142857142 0.026785714285714284 0.020089285714285716
0 0.4799107142857143 0.16741071428571427 0.024553571428571428 0.020089285714285716