0 0.05580357142857143 0.008928571428571428 0.033482142857142856 0.017857142857142856
0 0.12946428571428573 0.171875 0.026785714285714284 0.026785714285714284
0 0.26339285714285715 0.13392857142857142 0.026785714285714284 0.020089285714285716
0 0.2924107142857143 0.05580357142857143 0.029017857142857144 0.022321428571428572
0 0.41294642857142855 0.011160714285714286 0.044642857142857144 0.022321428571428572
0 0.5424107142857143 0.08928571428571429 0.022321428571428572 0.024553571428571428
0 0.6272321428571429 0.14285714285714285 0.029017857142857144 0.022321428571428572
0 0.6785714285714286 0.078125 0.03125 0.024553571428571428
0 0.7745535714285714 0.08928571428571429 0.029017857142857144 0.026785714285714284
0 0.9330357142857143 0.10044642857142858 0.026785714285714284 0.026785714285714284
0 0.9955357142857143 0.09821428571428571 0.006696428571428571 0.029017857142857144
0 0.9888392857142857 0.03571428571428571 0.013392857142857142 0.026785714285714284