0 0.7745535714285714 0.265625 0.024553571428571428 0.03125
0 0.7455357142857143 0.15178571428571427 0.03571428571428571 0.026785714285714284
0 0.6049107142857143 0.22767857142857142 0.026785714285714284 0.020089285714285716
0 0.5825892857142857 0.18303571428571427 0.03571428571428571 0.022321428571428572
0 0.5089285714285714 0.22991071428571427 0.029017857142857144 0.024553571428571428
0 0.5066964285714286 0.18080357142857142 0.026785714285714284 0.024553571428571428
0 0.4107142857142857 0.20982142857142858 0.029017857142857144 0.020089285714285716
0 0.37276785714285715 0.20758928571428573 0.022321428571428572 0.024553571428571428
0 0.421875 0.24330357142857142 0.044642857142857144 0.022321428571428572
0 0.27232142857142855 0.12723214285714285 0.029017857142857144 0.024553571428571428
0 0.14955357142857142 0.17633928571428573 0.026785714285714284 0.022321428571428572
0 0.26339285714285715 0.296875 0.026785714285714284 0.029017857142857144