0 0.9933035714285714 0.2700892857142857 0.006696428571428571 0.026785714285714284
0 0.8727678571428571 0.060267857142857144 0.020089285714285716 0.017857142857142856
0 0.8102678571428571 0.22767857142857142 0.03571428571428571 0.022321428571428572
0 0.75 0.09151785714285714 0.020089285714285716 0.017857142857142856
0 0.5535714285714286 0.171875 0.05133928571428571 0.022321428571428572
0 0.3705357142857143 0.20089285714285715 0.029017857142857144 0.017857142857142856
0 0.3013392857142857 0.21428571428571427 0.03125 0.022321428571428572
0 0.18080357142857142 0.18080357142857142 0.03571428571428571 0.020089285714285716
0 0.16964285714285715 0.12946428571428573 0.022321428571428572 0.022321428571428572
0 0.22991071428571427 0.11160714285714286 0.024553571428571428 0.017857142857142856
0 0.03794642857142857 0.08705357142857142 0.026785714285714284 0.024553571428571428
0 0.09151785714285714 0.17633928571428573 0.024553571428571428 0.017857142857142856
0 0.14732142857142858 0.21428571428571427 0.033482142857142856 0.020089285714285716