0 0.8080357142857143 0.296875 0.03125 0.024553571428571428
0 0.7790178571428571 0.24553571428571427 0.033482142857142856 0.024553571428571428
0 0.6428571428571429 0.203125 0.0625 0.020089285714285716
0 0.49107142857142855 0.15848214285714285 0.029017857142857144 0.020089285714285716
0 0.42857142857142855 0.18973214285714285 0.044642857142857144 0.015625
0 0.39732142857142855 0.23660714285714285 0.026785714285714284 0.024553571428571428
0 0.35267857142857145 0.24776785714285715 0.03125 0.022321428571428572
0 0.33482142857142855 0.1875 0.026785714285714284 0.020089285714285716
0 0.36830357142857145 0.13392857142857142 0.026785714285714284 0.022321428571428572
0 0.29017857142857145 0.20982142857142858 0.03125 0.024553571428571428
0 0.171875 0.19642857142857142 0.024553571428571428 0.022321428571428572
0 0.14508928571428573 0.16964285714285715 0.022321428571428572 0.020089285714285716
0 0.16071428571428573 0.13616071428571427 0.024553571428571428 0.020089285714285716
0 0.09821428571428571 0.13839285714285715 0.033482142857142856 0.026785714285714284
0 0.006696428571428571 0.234375 0.013392857142857142 0.03125