0 0.40848214285714285 0.28794642857142855 0.03125 0.029017857142857144
0 0.3861607142857143 0.23214285714285715 0.026785714285714284 0.03125
0 0.5200892857142857 0.16517857142857142 0.03125 0.022321428571428572
0 0.3549107142857143 0.10044642857142858 0.03571428571428571 0.029017857142857144
0 0.36830357142857145 0.12723214285714285 0.029017857142857144 0.022321428571428572
0 0.47098214285714285 0.13839285714285715 0.046875 0.029017857142857144
0 0.31919642857142855 0.14285714285714285 0.026785714285714284 0.020089285714285716
0 0.1875 0.14508928571428573 0.024553571428571428 0.020089285714285716
0 0.12723214285714285 0.140625 0.03125 0.026785714285714284
0 0.17857142857142858 0.17633928571428573 0.04241071428571429 0.024553571428571428
0 0.0625 0.20089285714285715 0.05133928571428571 0.022321428571428572
0 0.390625 0.13169642857142858 0.026785714285714284 0.026785714285714284
0 0.5379464285714286 0.13839285714285715 0.029017857142857144 0.024553571428571428