0 0.015625 0.0625 0.024553571428571428 0.024553571428571428
0 0.11383928571428571 0.07142857142857142 0.029017857142857144 0.022321428571428572
0 0.18526785714285715 0.05357142857142857 0.022321428571428572 0.020089285714285716
0 0.35044642857142855 0.10491071428571429 0.020089285714285716 0.020089285714285716
0 0.46875 0.08705357142857142 0.029017857142857144 0.026785714285714284
0 0.5758928571428571 0.11383928571428571 0.022321428571428572 0.020089285714285716
0 0.6339285714285714 0.07589285714285714 0.020089285714285716 0.022321428571428572
0 0.6986607142857143 0.10491071428571429 0.024553571428571428 0.026785714285714284
0 0.7299107142857143 0.13392857142857142 0.026785714285714284 0.024553571428571428
0 0.7589285714285714 0.17633928571428573 0.029017857142857144 0.020089285714285716
0 0.7790178571428571 0.12053571428571429 0.03571428571428571 0.017857142857142856
0 0.7723214285714286 0.09821428571428571 0.024553571428571428 0.020089285714285716
0 0.8571428571428571 0.08482142857142858 0.020089285714285716 0.020089285714285716
0 0.9441964285714286 0.13169642857142858 0.03794642857142857 0.022321428571428572
0 0.953125 0.203125 0.033482142857142856 0.022321428571428572
0 0.8526785714285714 0.203125 0.024553571428571428 0.020089285714285716
0 0.5044642857142857 0.21651785714285715 0.04017857142857143 0.020089285714285716
0 0.9910714285714286 0.20089285714285715 0.008928571428571428 0.026785714285714284
0 0.9888392857142857 0.10267857142857142 0.020089285714285716 0.024553571428571428