0 0.033482142857142856 0.12946428571428573 0.022321428571428572 0.015625
0 0.11830357142857142 0.109375 0.017857142857142856 0.020089285714285716
0 0.21875 0.23883928571428573 0.04241071428571429 0.015625
0 0.24107142857142858 0.2767857142857143 0.03794642857142857 0.020089285714285716
0 0.4330357142857143 0.13616071428571427 0.024553571428571428 0.024553571428571428
0 0.5111607142857143 0.1875 0.033482142857142856 0.017857142857142856
0 0.5580357142857143 0.12946428571428573 0.022321428571428572 0.022321428571428572
0 0.6808035714285714 0.2611607142857143 0.029017857142857144 0.029017857142857144
0 0.7790178571428571 0.2611607142857143 0.022321428571428572 0.022321428571428572
0 0.8303571428571429 0.2611607142857143 0.024553571428571428 0.020089285714285716
0 0.6941964285714286 0.14285714285714285 0.022321428571428572 0.017857142857142856
0 0.734375 0.13616071428571427 0.024553571428571428 0.022321428571428572
0 0.921875 0.18303571428571427 0.022321428571428572 0.017857142857142856
0 0.9642857142857143 0.15848214285714285 0.029017857142857144 0.017857142857142856
0 0.765625 0.15401785714285715 0.020089285714285716 0.015625
0 0.6339285714285714 0.15178571428571427 0.017857142857142856 0.015625
0 0.5401785714285714 0.14732142857142858 0.017857142857142856 0.015625