0 0.013392857142857142 0.140625 0.020089285714285716 0.029017857142857144
0 0.3236607142857143 0.13616071428571427 0.026785714285714284 0.022321428571428572
0 0.49776785714285715 0.18303571428571427 0.022321428571428572 0.022321428571428572
0 0.046875 0.19419642857142858 0.026785714285714284 0.020089285714285716
0 0.07589285714285714 0.18973214285714285 0.022321428571428572 0.020089285714285716
0 0.5870535714285714 0.17410714285714285 0.022321428571428572 0.022321428571428572
0 0.453125 0.19196428571428573 0.024553571428571428 0.017857142857142856
0 0.7455357142857143 0.13616071428571427 0.024553571428571428 0.024553571428571428
0 0.7633928571428571 0.20535714285714285 0.029017857142857144 0.024553571428571428
0 0.8303571428571429 0.20758928571428573 0.022321428571428572 0.020089285714285716
0 0.8816964285714286 0.21651785714285715 0.026785714285714284 0.020089285714285716
0 0.5424107142857143 0.171875 0.022321428571428572 0.020089285714285716
0 0.5535714285714286 0.15178571428571427 0.020089285714285716 0.022321428571428572
0 0.42857142857142855 0.19642857142857142 0.029017857142857144 0.017857142857142856