0 0.017857142857142856 0.14508928571428573 0.029017857142857144 0.022321428571428572
0 0.23660714285714285 0.25892857142857145 0.029017857142857144 0.026785714285714284
0 0.38839285714285715 0.13839285714285715 0.022321428571428572 0.022321428571428572
0 0.49776785714285715 0.20758928571428573 0.022321428571428572 0.022321428571428572
0 0.53125 0.22767857142857142 0.022321428571428572 0.026785714285714284
0 0.5491071428571429 0.22767857142857142 0.020089285714285716 0.022321428571428572
0 0.6160714285714286 0.12053571428571429 0.03125 0.017857142857142856
0 0.6986607142857143 0.13839285714285715 0.026785714285714284 0.020089285714285716
0 0.6897321428571429 0.17410714285714285 0.026785714285714284 0.022321428571428572
0 0.7209821428571429 0.18973214285714285 0.020089285714285716 0.029017857142857144
0 0.7522321428571429 0.18973214285714285 0.024553571428571428 0.020089285714285716
0 0.390625 0.12053571428571429 0.060267857142857144 0.013392857142857142
0 0.6428571428571429 0.23883928571428573 0.022321428571428572 0.017857142857142856
0 0.6071428571428571 0.13839285714285715 0.033482142857142856 0.017857142857142856
0 0.8526785714285714 0.14285714285714285 0.029017857142857144 0.022321428571428572
0 0.8973214285714286 0.17633928571428573 0.026785714285714284 0.020089285714285716
0 0.9665178571428571 0.20758928571428573 0.022321428571428572 0.024553571428571428
0 0.9933035714285714 0.17857142857142858 0.004464285714285714 0.03571428571428571
0 0.9933035714285714 0.17857142857142858 0.004464285714285714 0.03571428571428571