0 0.9174107142857143 0.2857142857142857 0.029017857142857144 0.022321428571428572
0 0.8794642857142857 0.3950892857142857 0.029017857142857144 0.022321428571428572
0 0.7611607142857143 0.2767857142857143 0.022321428571428572 0.03125
0 0.8571428571428571 0.24776785714285715 0.05580357142857143 0.024553571428571428
0 0.640625 0.109375 0.026785714285714284 0.026785714285714284
0 0.6473214285714286 0.27455357142857145 0.03571428571428571 0.03571428571428571
0 0.6941964285714286 0.13392857142857142 0.026785714285714284 0.022321428571428572
0 0.8928571428571429 0.16071428571428573 0.024553571428571428 0.017857142857142856
0 0.17410714285714285 0.125 0.026785714285714284 0.024553571428571428
0 0.12723214285714285 0.13839285714285715 0.026785714285714284 0.022321428571428572
0 0.08035714285714286 0.16071428571428573 0.033482142857142856 0.020089285714285716
0 0.11160714285714286 0.20982142857142858 0.024553571428571428 0.026785714285714284
0 0.26785714285714285 0.14732142857142858 0.029017857142857144 0.026785714285714284
0 0.21875 0.18526785714285715 0.03571428571428571 0.020089285714285716
0 0.2924107142857143 0.21205357142857142 0.044642857142857144 0.020089285714285716
0 0.3325892857142857 0.16294642857142858 0.03571428571428571 0.017857142857142856
0 0.004464285714285714 0.13169642857142858 0.006696428571428571 0.024553571428571428
0 0.020089285714285716 0.16071428571428573 0.033482142857142856 0.022321428571428572
0 0.359375 0.17410714285714285 0.04017857142857143 0.024553571428571428