0 0.008928571428571428 0.15401785714285715 0.013392857142857142 0.022321428571428572
0 0.09598214285714286 0.06919642857142858 0.024553571428571428 0.024553571428571428
0 0.125 0.078125 0.03125 0.024553571428571428
0 0.19642857142857142 0.13392857142857142 0.017857142857142856 0.020089285714285716
0 0.2924107142857143 0.13392857142857142 0.020089285714285716 0.022321428571428572
0 0.31919642857142855 0.13616071428571427 0.015625 0.020089285714285716
0 0.37723214285714285 0.13616071428571427 0.026785714285714284 0.026785714285714284
0 0.44642857142857145 0.06696428571428571 0.026785714285714284 0.024553571428571428
0 0.3794642857142857 0.23660714285714285 0.029017857142857144 0.020089285714285716
0 0.6160714285714286 0.08705357142857142 0.029017857142857144 0.022321428571428572
0 0.7477678571428571 0.10044642857142858 0.024553571428571428 0.026785714285714284
0 0.7477678571428571 0.13169642857142858 0.024553571428571428 0.022321428571428572