0 0.7075892857142857 0.060267857142857144 0.03125 0.029017857142857144
0 0.7008928571428571 0.13169642857142858 0.029017857142857144 0.026785714285714284
0 0.859375 0.109375 0.024553571428571428 0.022321428571428572
0 0.7299107142857143 0.12276785714285714 0.026785714285714284 0.017857142857142856
0 0.6495535714285714 0.16964285714285715 0.033482142857142856 0.020089285714285716
0 0.5602678571428571 0.20982142857142858 0.03571428571428571 0.029017857142857144
0 0.3125 0.22544642857142858 0.05133928571428571 0.024553571428571428
0 0.4732142857142857 0.32589285714285715 0.03125 0.03125
0 0.18973214285714285 0.078125 0.03571428571428571 0.024553571428571428
0 0.024553571428571428 0.08928571428571429 0.03125 0.024553571428571428
0 0.008928571428571428 0.25 0.017857142857142856 0.026785714285714284