0 0.9732142857142857 0.18973214285714285 0.049107142857142856 0.022321428571428572
0 0.984375 0.11830357142857142 0.022321428571428572 0.022321428571428572
0 0.7924107142857143 0.29464285714285715 0.03125 0.020089285714285716
0 0.7879464285714286 0.16964285714285715 0.026785714285714284 0.015625
0 0.7991071428571429 0.15401785714285715 0.026785714285714284 0.022321428571428572
0 0.8258928571428571 0.109375 0.026785714285714284 0.020089285714285716
0 0.6763392857142857 0.16964285714285715 0.024553571428571428 0.017857142857142856
0 0.6138392857142857 0.14732142857142858 0.029017857142857144 0.017857142857142856
0 0.6696428571428571 0.11830357142857142 0.022321428571428572 0.015625
0 0.5491071428571429 0.19642857142857142 0.044642857142857144 0.020089285714285716
0 0.5290178571428571 0.22767857142857142 0.020089285714285716 0.022321428571428572
0 0.44642857142857145 0.203125 0.026785714285714284 0.017857142857142856
0 0.4263392857142857 0.17857142857142858 0.024553571428571428 0.020089285714285716
0 0.421875 0.21651785714285715 0.026785714285714284 0.017857142857142856
0 0.38169642857142855 0.19419642857142858 0.029017857142857144 0.020089285714285716
0 0.36160714285714285 0.23214285714285715 0.029017857142857144 0.026785714285714284
0 0.2767857142857143 0.19866071428571427 0.029017857142857144 0.024553571428571428