0 0.14732142857142858 0.04241071428571429 0.029017857142857144 0.03571428571428571
0 0.2611607142857143 0.011160714285714286 0.049107142857142856 0.020089285714285716
0 0.40625 0.08035714285714286 0.033482142857142856 0.03125
0 0.5758928571428571 0.09151785714285714 0.029017857142857144 0.022321428571428572
0 0.59375 0.12053571428571429 0.04017857142857143 0.022321428571428572
0 0.5982142857142857 0.06919642857142858 0.049107142857142856 0.033482142857142856
0 0.6651785714285714 0.026785714285714284 0.044642857142857144 0.022321428571428572
0 0.6227678571428571 0.26339285714285715 0.03794642857142857 0.03794642857142857
0 0.9151785714285714 0.006696428571428571 0.06473214285714286 0.011160714285714286
0 0.9933035714285714 0.029017857142857144 0.004464285714285714 0.04017857142857143
0 0.9910714285714286 0.08928571428571429 0.015625 0.024553571428571428