0 0.22098214285714285 0.296875 0.03125 0.024553571428571428
0 0.20535714285714285 0.10044642857142858 0.026785714285714284 0.024553571428571428
0 0.3950892857142857 0.08705357142857142 0.026785714285714284 0.024553571428571428
0 0.5044642857142857 0.125 0.033482142857142856 0.024553571428571428
0 0.5758928571428571 0.171875 0.04241071428571429 0.020089285714285716
0 0.5558035714285714 0.20535714285714285 0.03125 0.017857142857142856
0 0.71875 0.24330357142857142 0.033482142857142856 0.026785714285714284
0 0.6852678571428571 0.15848214285714285 0.029017857142857144 0.024553571428571428
0 0.796875 0.15178571428571427 0.049107142857142856 0.022321428571428572
0 0.9330357142857143 0.1875 0.022321428571428572 0.026785714285714284
0 0.9732142857142857 0.14508928571428573 0.033482142857142856 0.022321428571428572
0 0.7522321428571429 0.24107142857142858 0.022321428571428572 0.029017857142857144