0 0.9933035714285714 0.07589285714285714 0.006696428571428571 0.026785714285714284
0 0.9776785714285714 0.10714285714285714 0.029017857142857144 0.024553571428571428
0 0.8638392857142857 0.14508928571428573 0.024553571428571428 0.022321428571428572
0 0.8236607142857143 0.19642857142857142 0.024553571428571428 0.022321428571428572
0 0.8482142857142857 0.08482142857142858 0.026785714285714284 0.029017857142857144
0 0.6763392857142857 0.12053571428571429 0.022321428571428572 0.022321428571428572
0 0.640625 0.07366071428571429 0.026785714285714284 0.022321428571428572
0 0.4732142857142857 0.13169642857142858 0.020089285714285716 0.020089285714285716
0 0.3169642857142857 0.12723214285714285 0.026785714285714284 0.024553571428571428
0 0.18080357142857142 0.09151785714285714 0.022321428571428572 0.017857142857142856
0 0.07366071428571429 0.09598214285714286 0.020089285714285716 0.020089285714285716