0 0.9732142857142857 0.049107142857142856 0.029017857142857144 0.022321428571428572
0 0.8794642857142857 0.07366071428571429 0.03571428571428571 0.024553571428571428
0 0.8013392857142857 0.08705357142857142 0.024553571428571428 0.022321428571428572
0 0.8370535714285714 0.16071428571428573 0.022321428571428572 0.024553571428571428
0 0.8459821428571429 0.14285714285714285 0.024553571428571428 0.022321428571428572
0 0.6629464285714286 0.10491071428571429 0.024553571428571428 0.024553571428571428
0 0.625 0.10714285714285714 0.024553571428571428 0.026785714285714284
0 0.44419642857142855 0.05580357142857143 0.026785714285714284 0.020089285714285716
0 0.4375 0.03571428571428571 0.026785714285714284 0.020089285714285716
0 0.2924107142857143 0.10491071428571429 0.029017857142857144 0.026785714285714284
0 0.25 0.05803571428571429 0.026785714285714284 0.017857142857142856
0 0.16071428571428573 0.10491071428571429 0.03125 0.024553571428571428
0 0.5133928571428571 0.08705357142857142 0.033482142857142856 0.022321428571428572
0 0.5558035714285714 0.10267857142857142 0.029017857142857144 0.017857142857142856
0 0.6339285714285714 0.0625 0.029017857142857144 0.029017857142857144
0 0.6651785714285714 0.04017857142857143 0.026785714285714284 0.020089285714285716