0 0.9933035714285714 0.31919642857142855 0.006696428571428571 0.03125
0 0.65625 0.16517857142857142 0.029017857142857144 0.020089285714285716
0 0.5714285714285714 0.23883928571428573 0.033482142857142856 0.020089285714285716
0 0.5044642857142857 0.15178571428571427 0.022321428571428572 0.022321428571428572
0 0.5736607142857143 0.10267857142857142 0.04017857142857143 0.024553571428571428
0 0.27901785714285715 0.060267857142857144 0.033482142857142856 0.017857142857142856
0 0.296875 0.16964285714285715 0.022321428571428572 0.024553571428571428
0 0.21875 0.15401785714285715 0.022321428571428572 0.020089285714285716
0 0.23214285714285715 0.12276785714285714 0.022321428571428572 0.020089285714285716
0 0.10267857142857142 0.15178571428571427 0.029017857142857144 0.022321428571428572
0 0.08258928571428571 0.19866071428571427 0.026785714285714284 0.026785714285714284
0 0.05133928571428571 0.18080357142857142 0.03125 0.024553571428571428
0 0.515625 0.203125 0.033482142857142856 0.020089285714285716
0 0.49776785714285715 0.18973214285714285 0.03125 0.020089285714285716