0 0.953125 0.19866071428571427 0.04017857142857143 0.024553571428571428
0 0.921875 0.19642857142857142 0.024553571428571428 0.026785714285714284
0 0.8058035714285714 0.08705357142857142 0.033482142857142856 0.024553571428571428
0 0.5379464285714286 0.15178571428571427 0.033482142857142856 0.024553571428571428
0 0.46205357142857145 0.15178571428571427 0.024553571428571428 0.022321428571428572
0 0.44642857142857145 0.10267857142857142 0.03125 0.017857142857142856
0 0.3950892857142857 0.13839285714285715 0.024553571428571428 0.024553571428571428
0 0.2924107142857143 0.09375 0.024553571428571428 0.022321428571428572
0 0.18303571428571427 0.15401785714285715 0.024553571428571428 0.024553571428571428
0 0.14508928571428573 0.15401785714285715 0.022321428571428572 0.022321428571428572
0 0.13839285714285715 0.18973214285714285 0.03125 0.017857142857142856