0 0.9888392857142857 0.2767857142857143 0.017857142857142856 0.020089285714285716
0 0.984375 0.3705357142857143 0.024553571428571428 0.026785714285714284
0 0.9486607142857143 0.10044642857142858 0.029017857142857144 0.022321428571428572
0 0.8526785714285714 0.09598214285714286 0.024553571428571428 0.020089285714285716
0 0.8102678571428571 0.125 0.022321428571428572 0.022321428571428572
0 0.8191964285714286 0.16071428571428573 0.029017857142857144 0.020089285714285716
0 0.6361607142857143 0.12053571428571429 0.026785714285714284 0.020089285714285716
0 0.21651785714285715 0.12053571428571429 0.026785714285714284 0.022321428571428572
0 0.21205357142857142 0.16294642857142858 0.026785714285714284 0.024553571428571428
0 0.25 0.21651785714285715 0.029017857142857144 0.020089285714285716
0 0.11383928571428571 0.14732142857142858 0.03794642857142857 0.020089285714285716
0 0.013392857142857142 0.12723214285714285 0.026785714285714284 0.022321428571428572
0 0.026785714285714284 0.19642857142857142 0.033482142857142856 0.022321428571428572
0 0.125 0.19642857142857142 0.03794642857142857 0.03125