0 0.21205357142857142 0.30357142857142855 0.04017857142857143 0.029017857142857144
0 0.29464285714285715 0.24776785714285715 0.04241071428571429 0.020089285714285716
0 0.2700892857142857 0.19419642857142858 0.03125 0.03125
0 0.2611607142857143 0.09821428571428571 0.033482142857142856 0.024553571428571428
0 0.4107142857142857 0.09821428571428571 0.017857142857142856 0.015625
0 0.47767857142857145 0.11607142857142858 0.017857142857142856 0.022321428571428572
0 0.5513392857142857 0.06696428571428571 0.033482142857142856 0.020089285714285716
0 0.7611607142857143 0.13169642857142858 0.022321428571428572 0.022321428571428572
0 0.9397321428571429 0.20535714285714285 0.029017857142857144 0.020089285714285716
0 0.9441964285714286 0.12053571428571429 0.024553571428571428 0.020089285714285716
0 0.9955357142857143 0.08482142857142858 0.006696428571428571 0.020089285714285716
0 0.9129464285714286 0.125 0.026785714285714284 0.033482142857142856