0 0.19866071428571427 0.33035714285714285 0.03794642857142857 0.026785714285714284
0 0.2767857142857143 0.28125 0.03794642857142857 0.020089285714285716
0 0.25223214285714285 0.22767857142857142 0.029017857142857144 0.029017857142857144
0 0.24553571428571427 0.140625 0.033482142857142856 0.022321428571428572
0 0.38392857142857145 0.140625 0.017857142857142856 0.015625
0 0.44642857142857145 0.15625 0.017857142857142856 0.020089285714285716
0 0.515625 0.109375 0.03125 0.017857142857142856
0 0.7120535714285714 0.16964285714285715 0.022321428571428572 0.020089285714285716
0 0.8794642857142857 0.23883928571428573 0.026785714285714284 0.017857142857142856
0 0.8839285714285714 0.16071428571428573 0.022321428571428572 0.020089285714285716
0 0.9464285714285714 0.125 0.024553571428571428 0.017857142857142856
0 0.8549107142857143 0.16294642857142858 0.024553571428571428 0.03125