0 0.9441964285714286 0.29464285714285715 0.049107142857142856 0.033482142857142856
0 0.8459821428571429 0.22991071428571427 0.049107142857142856 0.024553571428571428
0 0.875 0.16517857142857142 0.03571428571428571 0.03571428571428571
0 0.8861607142857143 0.05357142857142857 0.04017857142857143 0.026785714285714284
0 0.7098214285714286 0.05357142857142857 0.022321428571428572 0.020089285714285716
0 0.6294642857142857 0.07366071428571429 0.022321428571428572 0.026785714285714284
0 0.5424107142857143 0.015625 0.03794642857142857 0.022321428571428572
0 0.29464285714285715 0.09151785714285714 0.026785714285714284 0.026785714285714284
0 0.08482142857142858 0.17857142857142858 0.033482142857142856 0.024553571428571428
0 0.078125 0.08035714285714286 0.029017857142857144 0.024553571428571428
0 0.011160714285714286 0.03571428571428571 0.022321428571428572 0.026785714285714284
0 0.11383928571428571 0.08258928571428571 0.03125 0.04017857142857143