0 0.17857142857142858 0.19196428571428573 0.03125 0.03125
0 0.3482142857142857 0.05580357142857143 0.024553571428571428 0.024553571428571428
0 0.4732142857142857 0.13392857142857142 0.024553571428571428 0.026785714285714284
0 0.5089285714285714 0.15848214285714285 0.024553571428571428 0.029017857142857144
0 0.5290178571428571 0.15625 0.022321428571428572 0.024553571428571428
0 0.6026785714285714 0.03571428571428571 0.03571428571428571 0.020089285714285716
0 0.6986607142857143 0.05580357142857143 0.03125 0.022321428571428572
0 0.6875 0.09598214285714286 0.03125 0.024553571428571428
0 0.7232142857142857 0.11607142857142858 0.022321428571428572 0.03125
0 0.7589285714285714 0.11383928571428571 0.029017857142857144 0.024553571428571428
0 0.35267857142857145 0.03571428571428571 0.06919642857142858 0.015625
0 0.6339285714285714 0.16741071428571427 0.026785714285714284 0.020089285714285716
0 0.5959821428571429 0.05803571428571429 0.03794642857142857 0.020089285714285716
0 0.8705357142857143 0.060267857142857144 0.03125 0.024553571428571428
0 0.921875 0.10044642857142858 0.03125 0.024553571428571428
0 0.9888392857142857 0.13616071428571427 0.013392857142857142 0.03125