0 0.04017857142857143 0.17633928571428573 0.04241071428571429 0.022321428571428572
0 0.08928571428571429 0.16517857142857142 0.03571428571428571 0.024553571428571428
0 0.05803571428571429 0.14508928571428573 0.03571428571428571 0.020089285714285716
0 0.21428571428571427 0.078125 0.022321428571428572 0.024553571428571428
0 0.30357142857142855 0.09598214285714286 0.026785714285714284 0.024553571428571428
0 0.34151785714285715 0.05133928571428571 0.033482142857142856 0.022321428571428572
0 0.42410714285714285 0.05133928571428571 0.029017857142857144 0.029017857142857144
0 0.3549107142857143 0.125 0.03571428571428571 0.022321428571428572
0 0.39955357142857145 0.12946428571428573 0.03571428571428571 0.024553571428571428
0 0.5424107142857143 0.049107142857142856 0.029017857142857144 0.024553571428571428
0 0.5424107142857143 0.10491071428571429 0.03794642857142857 0.020089285714285716
0 0.59375 0.060267857142857144 0.022321428571428572 0.020089285714285716
0 0.7700892857142857 0.12723214285714285 0.03794642857142857 0.033482142857142856