0 0.13616071428571427 0.20089285714285715 0.044642857142857144 0.017857142857142856
0 0.17857142857142858 0.19419642857142858 0.024553571428571428 0.024553571428571428
0 0.17857142857142858 0.14955357142857142 0.03794642857142857 0.017857142857142856
0 0.25 0.27455357142857145 0.029017857142857144 0.020089285714285716
0 0.3794642857142857 0.23660714285714285 0.03794642857142857 0.022321428571428572
0 0.37723214285714285 0.17410714285714285 0.022321428571428572 0.026785714285714284
0 0.5334821428571429 0.16294642857142858 0.026785714285714284 0.022321428571428572
0 0.5714285714285714 0.171875 0.029017857142857144 0.022321428571428572
0 0.6763392857142857 0.18973214285714285 0.026785714285714284 0.022321428571428572
0 0.6741071428571429 0.22321428571428573 0.026785714285714284 0.017857142857142856
0 0.8013392857142857 0.171875 0.029017857142857144 0.022321428571428572
0 0.9821428571428571 0.17857142857142858 0.026785714285714284 0.03571428571428571