0 0.16071428571428573 0.27455357142857145 0.03794642857142857 0.03794642857142857
0 0.515625 0.17857142857142858 0.033482142857142856 0.03125
0 0.07142857142857142 0.11607142857142858 0.04241071428571429 0.04017857142857143
0 0.8102678571428571 0.19419642857142858 0.044642857142857144 0.026785714285714284
0 0.6852678571428571 0.13839285714285715 0.029017857142857144 0.026785714285714284
0 0.6495535714285714 0.09598214285714286 0.03571428571428571 0.026785714285714284
0 0.5424107142857143 0.10714285714285714 0.033482142857142856 0.022321428571428572
0 0.4732142857142857 0.12723214285714285 0.03571428571428571 0.024553571428571428
0 0.45089285714285715 0.10044642857142858 0.05133928571428571 0.024553571428571428
0 0.3950892857142857 0.109375 0.033482142857142856 0.020089285714285716
0 0.3392857142857143 0.125 0.033482142857142856 0.024553571428571428
0 0.28125 0.07366071428571429 0.03571428571428571 0.026785714285714284
0 0.4174107142857143 0.08258928571428571 0.026785714285714284 0.022321428571428572
0 0.9776785714285714 0.13169642857142858 0.03571428571428571 0.03125
0 0.671875 0.08035714285714286 0.03125 0.024553571428571428