0 0.15848214285714285 0.28348214285714285 0.03571428571428571 0.03571428571428571
0 0.49107142857142855 0.19419642857142858 0.03125 0.029017857142857144
0 0.07366071428571429 0.13616071428571427 0.04017857142857143 0.03794642857142857
0 0.7678571428571429 0.20758928571428573 0.04241071428571429 0.024553571428571428
0 0.6517857142857143 0.15625 0.026785714285714284 0.024553571428571428
0 0.6183035714285714 0.11830357142857142 0.033482142857142856 0.024553571428571428
0 0.5178571428571429 0.12723214285714285 0.03125 0.020089285714285716
0 0.453125 0.14732142857142858 0.033482142857142856 0.022321428571428572
0 0.43080357142857145 0.12053571428571429 0.046875 0.022321428571428572
0 0.3794642857142857 0.12946428571428573 0.03125 0.017857142857142856
0 0.32589285714285715 0.14285714285714285 0.03125 0.022321428571428572
0 0.27232142857142855 0.09598214285714286 0.033482142857142856 0.024553571428571428
0 0.39955357142857145 0.10491071428571429 0.026785714285714284 0.020089285714285716
0 0.9665178571428571 0.140625 0.029017857142857144 0.020089285714285716
0 0.9308035714285714 0.14955357142857142 0.04017857142857143 0.020089285714285716
0 0.640625 0.10044642857142858 0.029017857142857144 0.022321428571428572