0 0.05357142857142857 0.2924107142857143 0.022321428571428572 0.022321428571428572
0 0.17410714285714285 0.28794642857142855 0.024553571428571428 0.024553571428571428
0 0.171875 0.20982142857142858 0.03125 0.017857142857142856
0 0.3013392857142857 0.265625 0.026785714285714284 0.022321428571428572
0 0.3169642857142857 0.29464285714285715 0.029017857142857144 0.026785714285714284
0 0.31026785714285715 0.37276785714285715 0.03125 0.020089285714285716
0 0.31919642857142855 0.16294642857142858 0.024553571428571428 0.020089285714285716
0 0.28794642857142855 0.14285714285714285 0.020089285714285716 0.017857142857142856
0 0.35714285714285715 0.13839285714285715 0.024553571428571428 0.017857142857142856
0 0.5714285714285714 0.1875 0.024553571428571428 0.020089285714285716
0 0.6897321428571429 0.15848214285714285 0.022321428571428572 0.020089285714285716
0 0.7633928571428571 0.15178571428571427 0.017857142857142856 0.017857142857142856
0 0.8102678571428571 0.16294642857142858 0.022321428571428572 0.020089285714285716
0 0.8392857142857143 0.16964285714285715 0.026785714285714284 0.022321428571428572
0 0.9598214285714286 0.15625 0.029017857142857144 0.020089285714285716
0 0.984375 0.18080357142857142 0.026785714285714284 0.020089285714285716
0 0.9196428571428571 0.21205357142857142 0.03571428571428571 0.020089285714285716
0 0.8861607142857143 0.20089285714285715 0.029017857142857144 0.026785714285714284
0 0.7611607142857143 0.21651785714285715 0.026785714285714284 0.020089285714285716
0 0.7611607142857143 0.19419642857142858 0.026785714285714284 0.017857142857142856
0 0.6517857142857143 0.19642857142857142 0.033482142857142856 0.017857142857142856
0 0.6272321428571429 0.21205357142857142 0.044642857142857144 0.017857142857142856