0 0.03125 0.13392857142857142 0.03571428571428571 0.020089285714285716
0 0.18080357142857142 0.12946428571428573 0.026785714285714284 0.017857142857142856
0 0.16071428571428573 0.20089285714285715 0.024553571428571428 0.022321428571428572
0 0.14955357142857142 0.27232142857142855 0.03125 0.022321428571428572
0 0.42857142857142855 0.109375 0.033482142857142856 0.026785714285714284
0 0.38839285714285715 0.13616071428571427 0.029017857142857144 0.020089285714285716
0 0.4017857142857143 0.16517857142857142 0.029017857142857144 0.026785714285714284
0 0.40625 0.20535714285714285 0.024553571428571428 0.022321428571428572
0 0.5044642857142857 0.1875 0.020089285714285716 0.024553571428571428
0 0.546875 0.1875 0.022321428571428572 0.024553571428571428
0 0.5491071428571429 0.13839285714285715 0.026785714285714284 0.022321428571428572
0 0.5647321428571429 0.22767857142857142 0.029017857142857144 0.022321428571428572
0 0.6450892857142857 0.21205357142857142 0.029017857142857144 0.024553571428571428
0 0.6808035714285714 0.140625 0.026785714285714284 0.020089285714285716
0 0.8638392857142857 0.140625 0.04241071428571429 0.020089285714285716
0 0.84375 0.21428571428571427 0.029017857142857144 0.020089285714285716