0 0.35044642857142855 0.23660714285714285 0.03125 0.029017857142857144
0 0.33035714285714285 0.18303571428571427 0.026785714285714284 0.029017857142857144
0 0.4575892857142857 0.11830357142857142 0.029017857142857144 0.022321428571428572
0 0.29910714285714285 0.05580357142857143 0.033482142857142856 0.026785714285714284
0 0.31473214285714285 0.08258928571428571 0.026785714285714284 0.022321428571428572
0 0.4107142857142857 0.09375 0.044642857142857144 0.029017857142857144
0 0.265625 0.09821428571428571 0.026785714285714284 0.017857142857142856
0 0.140625 0.09821428571428571 0.022321428571428572 0.020089285714285716
0 0.08258928571428571 0.09598214285714286 0.029017857142857144 0.026785714285714284
0 0.13169642857142858 0.12946428571428573 0.04017857142857143 0.022321428571428572
0 0.024553571428571428 0.15625 0.049107142857142856 0.026785714285714284
0 0.33482142857142855 0.08705357142857142 0.026785714285714284 0.024553571428571428
0 0.47544642857142855 0.09375 0.029017857142857144 0.022321428571428572