0 0.9263392857142857 0.19196428571428573 0.03125 0.029017857142857144
0 0.71875 0.22321428571428573 0.033482142857142856 0.033482142857142856
0 0.39955357142857145 0.13616071428571427 0.029017857142857144 0.026785714285714284
0 0.8013392857142857 0.08035714285714286 0.04017857142857143 0.03571428571428571
0 0.13169642857142858 0.14955357142857142 0.04017857142857143 0.024553571428571428
0 0.24553571428571427 0.09821428571428571 0.024553571428571428 0.024553571428571428
0 0.2767857142857143 0.0625 0.033482142857142856 0.022321428571428572
0 0.375 0.07142857142857142 0.03125 0.020089285714285716
0 0.4375 0.09151785714285714 0.033482142857142856 0.022321428571428572
0 0.4575892857142857 0.06473214285714286 0.046875 0.022321428571428572
0 0.5089285714285714 0.07366071428571429 0.03125 0.017857142857142856
0 0.5580357142857143 0.08705357142857142 0.03125 0.022321428571428572
0 0.609375 0.04017857142857143 0.033482142857142856 0.024553571428571428
0 0.48660714285714285 0.049107142857142856 0.024553571428571428 0.020089285714285716
0 0.25669642857142855 0.046875 0.029017857142857144 0.022321428571428572