0 0.5580357142857143 0.203125 0.03794642857142857 0.022321428571428572
0 0.44419642857142855 0.12946428571428573 0.026785714285714284 0.026785714285714284
0 0.4888392857142857 0.15178571428571427 0.022321428571428572 0.026785714285714284
0 0.43080357142857145 0.16741071428571427 0.03125 0.024553571428571428
0 0.453125 0.17410714285714285 0.03571428571428571 0.024553571428571428
0 0.3236607142857143 0.140625 0.03125 0.026785714285714284
0 0.3549107142857143 0.15625 0.022321428571428572 0.024553571428571428
0 0.011160714285714286 0.17857142857142858 0.022321428571428572 0.024553571428571428
0 0.060267857142857144 0.18303571428571427 0.024553571428571428 0.026785714285714284
0 0.2544642857142857 0.22767857142857142 0.03125 0.022321428571428572
0 0.18973214285714285 0.10044642857142858 0.03125 0.022321428571428572