0 0.9598214285714286 0.22767857142857142 0.024553571428571428 0.029017857142857144
0 0.9040178571428571 0.22991071428571427 0.033482142857142856 0.029017857142857144
0 0.859375 0.22991071428571427 0.04241071428571429 0.024553571428571428
0 0.828125 0.24107142857142858 0.024553571428571428 0.022321428571428572
0 0.7566964285714286 0.21428571428571427 0.022321428571428572 0.022321428571428572
0 0.6138392857142857 0.21428571428571427 0.04241071428571429 0.024553571428571428
0 0.5558035714285714 0.25 0.029017857142857144 0.03125
0 0.5290178571428571 0.17633928571428573 0.026785714285714284 0.029017857142857144
0 0.35267857142857145 0.22991071428571427 0.022321428571428572 0.029017857142857144
0 0.47098214285714285 0.17410714285714285 0.03125 0.022321428571428572
0 0.484375 0.21428571428571427 0.03571428571428571 0.020089285714285716
0 0.38392857142857145 0.22098214285714285 0.03794642857142857 0.020089285714285716