0 0.9575892857142857 0.08258928571428571 0.020089285714285716 0.024553571428571428
0 0.78125 0.19866071428571427 0.029017857142857144 0.020089285714285716
0 0.671875 0.21875 0.04017857142857143 0.024553571428571428
0 0.5892857142857143 0.19642857142857142 0.029017857142857144 0.022321428571428572
0 0.6026785714285714 0.14732142857142858 0.029017857142857144 0.044642857142857144
0 0.3169642857142857 0.14732142857142858 0.024553571428571428 0.033482142857142856
0 0.3794642857142857 0.20535714285714285 0.029017857142857144 0.026785714285714284
0 0.4642857142857143 0.22544642857142858 0.026785714285714284 0.017857142857142856
0 0.18080357142857142 0.10491071428571429 0.029017857142857144 0.022321428571428572
0 0.05803571428571429 0.16741071428571427 0.029017857142857144 0.024553571428571428
0 0.05133928571428571 0.13169642857142858 0.03125 0.022321428571428572