0 0.07142857142857142 0.17633928571428573 0.046875 0.024553571428571428
0 0.14732142857142858 0.19419642857142858 0.044642857142857144 0.022321428571428572
0 0.29017857142857145 0.21205357142857142 0.024553571428571428 0.020089285714285716
0 0.31919642857142855 0.14732142857142858 0.029017857142857144 0.017857142857142856
0 0.359375 0.18303571428571427 0.026785714285714284 0.020089285714285716
0 0.27455357142857145 0.16741071428571427 0.04017857142857143 0.022321428571428572
0 0.5892857142857143 0.08705357142857142 0.024553571428571428 0.024553571428571428
0 0.6607142857142857 0.10491071428571429 0.026785714285714284 0.022321428571428572
0 0.6607142857142857 0.14285714285714285 0.026785714285714284 0.017857142857142856
0 0.6361607142857143 0.18526785714285715 0.03125 0.026785714285714284
0 0.5357142857142857 0.20535714285714285 0.03794642857142857 0.029017857142857144
0 0.546875 0.12723214285714285 0.03125 0.020089285714285716