0 0.020089285714285716 0.10044642857142858 0.026785714285714284 0.022321428571428572
0 0.11607142857142858 0.11160714285714286 0.029017857142857144 0.022321428571428572
0 0.18303571428571427 0.09375 0.022321428571428572 0.020089285714285716
0 0.34151785714285715 0.140625 0.020089285714285716 0.017857142857142856
0 0.453125 0.125 0.026785714285714284 0.024553571428571428
0 0.5558035714285714 0.15178571428571427 0.022321428571428572 0.017857142857142856
0 0.6116071428571429 0.11383928571428571 0.020089285714285716 0.022321428571428572
0 0.671875 0.140625 0.022321428571428572 0.024553571428571428
0 0.703125 0.16964285714285715 0.024553571428571428 0.024553571428571428
0 0.7321428571428571 0.20982142857142858 0.026785714285714284 0.017857142857142856
0 0.75 0.15625 0.03571428571428571 0.015625
0 0.7433035714285714 0.13616071428571427 0.024553571428571428 0.020089285714285716
0 0.8258928571428571 0.12276785714285714 0.020089285714285716 0.020089285714285716
0 0.9084821428571429 0.16741071428571427 0.03571428571428571 0.020089285714285716
0 0.9151785714285714 0.23660714285714285 0.033482142857142856 0.020089285714285716
0 0.8214285714285714 0.23660714285714285 0.022321428571428572 0.020089285714285716
0 0.48660714285714285 0.24776785714285715 0.03794642857142857 0.020089285714285716
0 0.9642857142857143 0.23214285714285715 0.024553571428571428 0.017857142857142856
0 0.9709821428571429 0.19866071428571427 0.024553571428571428 0.017857142857142856
0 0.9642857142857143 0.13839285714285715 0.03794642857142857 0.020089285714285716