0 0.17633928571428573 0.060267857142857144 0.022321428571428572 0.020089285714285716
0 0.19866071428571427 0.14955357142857142 0.03571428571428571 0.022321428571428572
0 0.27901785714285715 0.13169642857142858 0.03571428571428571 0.022321428571428572
0 0.4174107142857143 0.12053571428571429 0.04241071428571429 0.024553571428571428
0 0.47767857142857145 0.022321428571428572 0.022321428571428572 0.022321428571428572
0 0.5424107142857143 0.026785714285714284 0.024553571428571428 0.022321428571428572
0 0.5401785714285714 0.15178571428571427 0.033482142857142856 0.022321428571428572
0 0.5848214285714286 0.049107142857142856 0.024553571428571428 0.017857142857142856
0 0.9397321428571429 0.017857142857142856 0.020089285714285716 0.022321428571428572
0 0.875 0.07589285714285714 0.026785714285714284 0.020089285714285716
0 0.9866071428571429 0.11160714285714286 0.024553571428571428 0.024553571428571428
0 0.9754464285714286 0.06696428571428571 0.026785714285714284 0.026785714285714284