0 0.171875 0.0625 0.029017857142857144 0.020089285714285716
0 0.4419642857142857 0.10491071428571429 0.029017857142857144 0.022321428571428572
0 0.4799107142857143 0.11830357142857142 0.03125 0.022321428571428572
0 0.5133928571428571 0.10044642857142858 0.03125 0.022321428571428572
0 0.5022321428571429 0.044642857142857144 0.026785714285714284 0.022321428571428572
0 0.4330357142857143 0.03125 0.022321428571428572 0.026785714285714284
0 0.7254464285714286 0.08928571428571429 0.03571428571428571 0.026785714285714284
0 0.796875 0.08035714285714286 0.024553571428571428 0.026785714285714284
0 0.9107142857142857 0.05580357142857143 0.026785714285714284 0.022321428571428572
0 0.9575892857142857 0.05803571428571429 0.03125 0.026785714285714284
0 0.9330357142857143 0.029017857142857144 0.026785714285714284 0.022321428571428572
0 0.9955357142857143 0.08035714285714286 0.006696428571428571 0.049107142857142856
0 0.7857142857142857 0.12053571428571429 0.033482142857142856 0.03125
0 0.7455357142857143 0.12723214285714285 0.033482142857142856 0.020089285714285716
0 0.6183035714285714 0.07142857142857142 0.024553571428571428 0.022321428571428572