0 0.984375 0.109375 0.024553571428571428 0.026785714285714284
0 0.7522321428571429 0.27901785714285715 0.060267857142857144 0.026785714285714284
0 0.6941964285714286 0.16741071428571427 0.03794642857142857 0.03125
0 0.5133928571428571 0.1875 0.029017857142857144 0.024553571428571428
0 0.5044642857142857 0.22767857142857142 0.026785714285714284 0.026785714285714284
0 0.44419642857142855 0.2544642857142857 0.03794642857142857 0.026785714285714284
0 0.4263392857142857 0.19196428571428573 0.029017857142857144 0.026785714285714284
0 0.30580357142857145 0.22321428571428573 0.022321428571428572 0.024553571428571428
0 0.24553571428571427 0.21651785714285715 0.024553571428571428 0.026785714285714284
0 0.1875 0.17857142857142858 0.033482142857142856 0.022321428571428572
0 0.25669642857142855 0.12946428571428573 0.026785714285714284 0.029017857142857144
0 0.15848214285714285 0.25 0.03125 0.024553571428571428
0 0.125 0.30357142857142855 0.033482142857142856 0.026785714285714284