0 0.9910714285714286 0.10714285714285714 0.013392857142857142 0.022321428571428572
0 0.9486607142857143 0.12053571428571429 0.024553571428571428 0.020089285714285716
0 0.875 0.22991071428571427 0.046875 0.020089285714285716
0 0.7120535714285714 0.2544642857142857 0.03125 0.024553571428571428
0 0.6696428571428571 0.24330357142857142 0.033482142857142856 0.020089285714285716
0 0.4263392857142857 0.125 0.026785714285714284 0.020089285714285716
0 0.390625 0.22991071428571427 0.029017857142857144 0.022321428571428572
0 0.35714285714285715 0.18526785714285715 0.022321428571428572 0.020089285714285716
0 0.30357142857142855 0.140625 0.022321428571428572 0.020089285714285716
0 0.2857142857142857 0.13169642857142858 0.020089285714285716 0.020089285714285716
0 0.28348214285714285 0.18303571428571427 0.024553571428571428 0.017857142857142856
0 0.25892857142857145 0.16741071428571427 0.026785714285714284 0.022321428571428572
0 0.12946428571428573 0.14732142857142858 0.017857142857142856 0.015625
0 0.026785714285714284 0.13392857142857142 0.026785714285714284 0.020089285714285716
0 0.28125 0.16294642857142858 0.026785714285714284 0.020089285714285716
0 0.31473214285714285 0.18080357142857142 0.015625 0.017857142857142856