0 0.8102678571428571 0.3169642857142857 0.03125 0.024553571428571428
0 0.8258928571428571 0.11607142857142858 0.026785714285714284 0.024553571428571428
0 0.6316964285714286 0.10267857142857142 0.026785714285714284 0.024553571428571428
0 0.5200892857142857 0.140625 0.03571428571428571 0.024553571428571428
0 0.4486607142857143 0.18973214285714285 0.04241071428571429 0.020089285714285716
0 0.46651785714285715 0.22321428571428573 0.03125 0.020089285714285716
0 0.3013392857142857 0.2611607142857143 0.033482142857142856 0.026785714285714284
0 0.33705357142857145 0.17633928571428573 0.029017857142857144 0.024553571428571428
0 0.22098214285714285 0.16741071428571427 0.05133928571428571 0.022321428571428572
0 0.08258928571428571 0.20535714285714285 0.024553571428571428 0.026785714285714284
0 0.006696428571428571 0.19419642857142858 0.013392857142857142 0.03125
0 0.04241071428571429 0.16071428571428573 0.033482142857142856 0.022321428571428572
0 0.26785714285714285 0.25892857142857145 0.022321428571428572 0.03125