0 0.22098214285714285 0.06473214285714286 0.026785714285714284 0.020089285714285716
0 0.171875 0.17633928571428573 0.06473214285714286 0.022321428571428572
0 0.24776785714285715 0.17410714285714285 0.05357142857142857 0.020089285714285716
0 0.29017857142857145 0.19866071428571427 0.026785714285714284 0.024553571428571428
0 0.35044642857142855 0.24553571428571427 0.04017857142857143 0.024553571428571428
0 0.41294642857142855 0.10714285714285714 0.024553571428571428 0.026785714285714284
0 0.65625 0.22321428571428573 0.033482142857142856 0.022321428571428572
0 0.8125 0.25669642857142855 0.033482142857142856 0.022321428571428572
0 0.6919642857142857 0.12276785714285714 0.03125 0.026785714285714284
0 0.7633928571428571 0.10267857142857142 0.026785714285714284 0.024553571428571428
0 0.8571428571428571 0.12723214285714285 0.017857142857142856 0.022321428571428572
0 0.8772321428571429 0.10491071428571429 0.026785714285714284 0.029017857142857144
0 0.8995535714285714 0.08258928571428571 0.029017857142857144 0.024553571428571428
0 0.9419642857142857 0.11607142857142858 0.03125 0.022321428571428572