0 0.05580357142857143 0.23660714285714285 0.03794642857142857 0.020089285714285716
0 0.09598214285714286 0.22767857142857142 0.03125 0.022321428571428572
0 0.07142857142857142 0.20982142857142858 0.03125 0.017857142857142856
0 0.20758928571428573 0.15178571428571427 0.020089285714285716 0.022321428571428572
0 0.2857142857142857 0.16741071428571427 0.022321428571428572 0.022321428571428572
0 0.3169642857142857 0.12723214285714285 0.029017857142857144 0.020089285714285716
0 0.38839285714285715 0.12723214285714285 0.024553571428571428 0.026785714285714284
0 0.328125 0.19196428571428573 0.03125 0.020089285714285716
0 0.36607142857142855 0.19419642857142858 0.03125 0.020089285714285716
0 0.49330357142857145 0.125 0.026785714285714284 0.020089285714285716
0 0.49330357142857145 0.17410714285714285 0.033482142857142856 0.017857142857142856
0 0.5379464285714286 0.13616071428571427 0.020089285714285716 0.017857142857142856
0 0.6897321428571429 0.19196428571428573 0.033482142857142856 0.029017857142857144