0 0.20982142857142858 0.265625 0.05357142857142857 0.022321428571428572
0 0.22321428571428573 0.14285714285714285 0.026785714285714284 0.04017857142857143
0 0.43080357142857145 0.234375 0.044642857142857144 0.020089285714285716
0 0.33705357142857145 0.11383928571428571 0.026785714285714284 0.022321428571428572
0 0.40848214285714285 0.09151785714285714 0.029017857142857144 0.020089285714285716
0 0.49330357142857145 0.12946428571428573 0.020089285714285716 0.020089285714285716
0 0.5825892857142857 0.109375 0.033482142857142856 0.022321428571428572
0 0.6227678571428571 0.12053571428571429 0.022321428571428572 0.017857142857142856
0 0.6941964285714286 0.14955357142857142 0.022321428571428572 0.024553571428571428
0 0.7120535714285714 0.16071428571428573 0.026785714285714284 0.020089285714285716
0 0.7433035714285714 0.14285714285714285 0.026785714285714284 0.022321428571428572
0 0.8080357142857143 0.12276785714285714 0.03125 0.022321428571428572
0 0.9754464285714286 0.12723214285714285 0.022321428571428572 0.015625
0 0.3169642857142857 0.20535714285714285 0.026785714285714284 0.020089285714285716