0 0.08928571428571429 0.09598214285714286 0.026785714285714284 0.022321428571428572
0 0.03571428571428571 0.23660714285714285 0.033482142857142856 0.020089285714285716
0 0.12276785714285714 0.23883928571428573 0.04017857142857143 0.026785714285714284
0 0.15848214285714285 0.2924107142857143 0.04017857142857143 0.029017857142857144
0 0.27232142857142855 0.25669642857142855 0.04241071428571429 0.03571428571428571
0 0.35044642857142855 0.3013392857142857 0.03794642857142857 0.024553571428571428
0 0.265625 0.10491071428571429 0.03125 0.022321428571428572
0 0.3861607142857143 0.11383928571428571 0.03794642857142857 0.026785714285714284
0 0.42857142857142855 0.16517857142857142 0.03125 0.022321428571428572
0 0.453125 0.12723214285714285 0.024553571428571428 0.022321428571428572
0 0.5178571428571429 0.23214285714285715 0.04241071428571429 0.029017857142857144
0 0.6383928571428571 0.27232142857142855 0.05580357142857143 0.026785714285714284
0 0.7433035714285714 0.26339285714285715 0.03571428571428571 0.029017857142857144
0 0.7857142857142857 0.26339285714285715 0.026785714285714284 0.029017857142857144
0 0.8683035714285714 0.15848214285714285 0.033482142857142856 0.03125
0 0.9107142857142857 0.20089285714285715 0.0625 0.03125
0 0.9397321428571429 0.2700892857142857 0.04241071428571429 0.033482142857142856