0 0.08482142857142858 0.08035714285714286 0.017857142857142856 0.015625
0 0.30580357142857145 0.13616071428571427 0.060267857142857144 0.022321428571428572
0 0.3950892857142857 0.25892857142857145 0.033482142857142856 0.022321428571428572
0 0.5178571428571429 0.09598214285714286 0.024553571428571428 0.020089285714285716
0 0.5870535714285714 0.11160714285714286 0.03125 0.017857142857142856
0 0.6227678571428571 0.12946428571428573 0.03794642857142857 0.03571428571428571
0 0.8102678571428571 0.23660714285714285 0.024553571428571428 0.024553571428571428
0 0.8638392857142857 0.24107142857142858 0.022321428571428572 0.020089285714285716
0 0.9375 0.24553571428571427 0.033482142857142856 0.022321428571428572
0 0.78125 0.19419642857142858 0.04017857142857143 0.022321428571428572
0 0.8325892857142857 0.19866071428571427 0.04017857142857143 0.022321428571428572