0 0.71875 0.17410714285714285 0.029017857142857144 0.022321428571428572
0 0.78125 0.09151785714285714 0.026785714285714284 0.024553571428571428
0 0.7589285714285714 0.08705357142857142 0.026785714285714284 0.022321428571428572
0 0.5959821428571429 0.07142857142857142 0.026785714285714284 0.020089285714285716
0 0.5245535714285714 0.07142857142857142 0.026785714285714284 0.020089285714285716
0 0.5290178571428571 0.09821428571428571 0.024553571428571428 0.024553571428571428
0 0.5714285714285714 0.17410714285714285 0.024553571428571428 0.020089285714285716
0 0.5535714285714286 0.09375 0.022321428571428572 0.020089285714285716
0 0.015625 0.11383928571428571 0.03125 0.024553571428571428
0 0.049107142857142856 0.17633928571428573 0.03125 0.022321428571428572
0 0.18973214285714285 0.17633928571428573 0.026785714285714284 0.026785714285714284
0 0.22991071428571427 0.20982142857142858 0.03125 0.03125
0 0.34375 0.15848214285714285 0.029017857142857144 0.03125
0 0.40848214285714285 0.1875 0.026785714285714284 0.026785714285714284
0 0.22767857142857142 0.13616071428571427 0.024553571428571428 0.029017857142857144
0 0.2611607142857143 0.07589285714285714 0.024553571428571428 0.017857142857142856
0 0.28794642857142855 0.08482142857142858 0.026785714285714284 0.022321428571428572
0 0.34375 0.10491071428571429 0.029017857142857144 0.022321428571428572