0 0.9330357142857143 0.109375 0.029017857142857144 0.03125
0 0.4642857142857143 0.3325892857142857 0.029017857142857144 0.026785714285714284
0 0.47767857142857145 0.23214285714285715 0.03571428571428571 0.020089285714285716
0 0.5044642857142857 0.14285714285714285 0.03125 0.015625
0 0.35044642857142855 0.15401785714285715 0.03571428571428571 0.022321428571428572
0 0.39285714285714285 0.11160714285714286 0.022321428571428572 0.020089285714285716
0 0.2767857142857143 0.11607142857142858 0.04241071428571429 0.022321428571428572
0 0.26785714285714285 0.07589285714285714 0.020089285714285716 0.017857142857142856
0 0.18526785714285715 0.08928571428571429 0.03125 0.024553571428571428
0 0.15401785714285715 0.140625 0.03571428571428571 0.020089285714285716
0 0.19866071428571427 0.16741071428571427 0.03571428571428571 0.020089285714285716
0 0.28125 0.14285714285714285 0.033482142857142856 0.017857142857142856
0 0.296875 0.07589285714285714 0.022321428571428572 0.017857142857142856
0 0.765625 0.07366071428571429 0.020089285714285716 0.020089285714285716
0 0.5334821428571429 0.13839285714285715 0.017857142857142856 0.015625