0 0.9933035714285714 0.11160714285714286 0.006696428571428571 0.022321428571428572
0 0.9553571428571429 0.12723214285714285 0.024553571428571428 0.020089285714285716
0 0.8816964285714286 0.234375 0.046875 0.020089285714285716
0 0.7209821428571429 0.25892857142857145 0.03125 0.024553571428571428
0 0.6785714285714286 0.24776785714285715 0.033482142857142856 0.020089285714285716
0 0.4375 0.12946428571428573 0.026785714285714284 0.020089285714285716
0 0.39955357142857145 0.234375 0.029017857142857144 0.022321428571428572
0 0.36830357142857145 0.18973214285714285 0.022321428571428572 0.020089285714285716
0 0.31473214285714285 0.14508928571428573 0.022321428571428572 0.020089285714285716
0 0.296875 0.13616071428571427 0.020089285714285716 0.020089285714285716
0 0.29464285714285715 0.18973214285714285 0.024553571428571428 0.017857142857142856
0 0.2700892857142857 0.171875 0.026785714285714284 0.022321428571428572
0 0.14285714285714285 0.15401785714285715 0.017857142857142856 0.015625
0 0.03794642857142857 0.140625 0.026785714285714284 0.020089285714285716
0 0.2924107142857143 0.16741071428571427 0.026785714285714284 0.020089285714285716
0 0.3236607142857143 0.18526785714285715 0.015625 0.017857142857142856