0 0.3169642857142857 0.013392857142857142 0.033482142857142856 0.024553571428571428
0 0.515625 0.06473214285714286 0.024553571428571428 0.026785714285714284
0 0.011160714285714286 0.078125 0.013392857142857142 0.024553571428571428
0 0.033482142857142856 0.06919642857142858 0.024553571428571428 0.024553571428571428
0 0.6183035714285714 0.05133928571428571 0.024553571428571428 0.024553571428571428
0 0.4642857142857143 0.07142857142857142 0.026785714285714284 0.022321428571428572
0 0.796875 0.013392857142857142 0.029017857142857144 0.024553571428571428
0 0.8169642857142857 0.08928571428571429 0.033482142857142856 0.026785714285714284
0 0.8928571428571429 0.09151785714285714 0.024553571428571428 0.022321428571428572
0 0.953125 0.10267857142857142 0.03125 0.022321428571428572
0 0.5669642857142857 0.05133928571428571 0.024553571428571428 0.022321428571428572
0 0.578125 0.026785714285714284 0.024553571428571428 0.024553571428571428
0 0.43526785714285715 0.078125 0.033482142857142856 0.020089285714285716