0 0.35267857142857145 0.12723214285714285 0.03571428571428571 0.022321428571428572
0 0.40401785714285715 0.15178571428571427 0.029017857142857144 0.020089285714285716
0 0.45982142857142855 0.21428571428571427 0.029017857142857144 0.024553571428571428
0 0.5758928571428571 0.25669642857142855 0.03571428571428571 0.024553571428571428
0 0.9866071428571429 0.2544642857142857 0.020089285714285716 0.026785714285714284
0 0.75 0.15848214285714285 0.029017857142857144 0.022321428571428572
0 0.7455357142857143 0.09598214285714286 0.026785714285714284 0.020089285714285716
0 0.625 0.13616071428571427 0.033482142857142856 0.015625
0 0.65625 0.14285714285714285 0.024553571428571428 0.024553571428571428
0 0.6986607142857143 0.17410714285714285 0.024553571428571428 0.013392857142857142
0 0.6183035714285714 0.16517857142857142 0.03794642857142857 0.015625
0 0.5647321428571429 0.18973214285714285 0.026785714285714284 0.017857142857142856
0 0.9553571428571429 0.25892857142857145 0.04241071428571429 0.022321428571428572
0 0.5915178571428571 0.15625 0.060267857142857144 0.015625