0 0.30580357142857145 0.16964285714285715 0.029017857142857144 0.020089285714285716
0 0.38839285714285715 0.23883928571428573 0.03125 0.020089285714285716
0 0.453125 0.15625 0.022321428571428572 0.022321428571428572
0 0.3861607142857143 0.10714285714285714 0.03794642857142857 0.022321428571428572
0 0.6696428571428571 0.06919642857142858 0.033482142857142856 0.017857142857142856
0 0.6517857142857143 0.17410714285714285 0.020089285714285716 0.022321428571428572
0 0.7276785714285714 0.15848214285714285 0.022321428571428572 0.017857142857142856
0 0.7142857142857143 0.12946428571428573 0.022321428571428572 0.020089285714285716
0 0.8370535714285714 0.15625 0.026785714285714284 0.020089285714285716
0 0.8571428571428571 0.20089285714285715 0.026785714285714284 0.024553571428571428
0 0.8883928571428571 0.18303571428571427 0.03125 0.022321428571428572
0 0.9642857142857143 0.12723214285714285 0.022321428571428572 0.024553571428571428
0 0.984375 0.15625 0.029017857142857144 0.026785714285714284
0 0.4419642857142857 0.20535714285714285 0.03125 0.020089285714285716
0 0.4575892857142857 0.19196428571428573 0.029017857142857144 0.020089285714285716