0 0.625 0.08928571428571429 0.03571428571428571 0.022321428571428572
0 0.5714285714285714 0.11160714285714286 0.029017857142857144 0.020089285714285716
0 0.5178571428571429 0.17410714285714285 0.029017857142857144 0.024553571428571428
0 0.39955357142857145 0.21875 0.03571428571428571 0.024553571428571428
0 0.22321428571428573 0.11830357142857142 0.029017857142857144 0.022321428571428572
0 0.22991071428571427 0.05803571428571429 0.026785714285714284 0.020089285714285716
0 0.35044642857142855 0.09598214285714286 0.033482142857142856 0.015625
0 0.31919642857142855 0.10267857142857142 0.024553571428571428 0.024553571428571428
0 0.2767857142857143 0.13616071428571427 0.024553571428571428 0.013392857142857142
0 0.35714285714285715 0.12723214285714285 0.03794642857142857 0.015625
0 0.41294642857142855 0.15178571428571427 0.026785714285714284 0.020089285714285716
0 0.020089285714285716 0.22098214285714285 0.04017857142857143 0.024553571428571428
0 0.38392857142857145 0.11607142857142858 0.060267857142857144 0.015625