0 0.7120535714285714 0.10044642857142858 0.033482142857142856 0.022321428571428572
0 0.6138392857142857 0.08482142857142858 0.022321428571428572 0.026785714285714284
0 0.5558035714285714 0.09151785714285714 0.026785714285714284 0.029017857142857144
0 0.5691964285714286 0.12946428571428573 0.033482142857142856 0.022321428571428572
0 0.5424107142857143 0.05357142857142857 0.020089285714285716 0.022321428571428572
0 0.48660714285714285 0.08705357142857142 0.024553571428571428 0.024553571428571428
0 0.4642857142857143 0.06919642857142858 0.03571428571428571 0.03125
0 0.4263392857142857 0.06473214285714286 0.024553571428571428 0.022321428571428572
0 0.27455357142857145 0.10267857142857142 0.026785714285714284 0.022321428571428572
0 0.25892857142857145 0.11160714285714286 0.026785714285714284 0.024553571428571428
0 0.31026785714285715 0.11830357142857142 0.03794642857142857 0.022321428571428572