0 0.9799107142857143 0.12723214285714285 0.026785714285714284 0.026785714285714284
0 0.9575892857142857 0.14732142857142858 0.026785714285714284 0.020089285714285716
0 0.7767857142857143 0.13616071428571427 0.024553571428571428 0.020089285714285716
0 0.7232142857142857 0.12946428571428573 0.033482142857142856 0.020089285714285716
0 0.7098214285714286 0.2611607142857143 0.033482142857142856 0.022321428571428572
0 0.5044642857142857 0.10714285714285714 0.03125 0.026785714285714284
0 0.46875 0.13169642857142858 0.022321428571428572 0.017857142857142856
0 0.45982142857142855 0.15178571428571427 0.029017857142857144 0.022321428571428572
0 0.41294642857142855 0.22098214285714285 0.03794642857142857 0.020089285714285716
0 0.42410714285714285 0.17633928571428573 0.029017857142857144 0.020089285714285716
0 0.3125 0.18526785714285715 0.024553571428571428 0.03125
0 0.31026785714285715 0.14732142857142858 0.022321428571428572 0.020089285714285716
0 0.23214285714285715 0.18303571428571427 0.03794642857142857 0.03125
0 0.12946428571428573 0.13169642857142858 0.026785714285714284 0.022321428571428572