0 0.044642857142857144 0.08928571428571429 0.026785714285714284 0.022321428571428572
0 0.24330357142857142 0.24330357142857142 0.026785714285714284 0.020089285714285716
0 0.2700892857142857 0.19642857142857142 0.029017857142857144 0.022321428571428572
0 0.390625 0.15848214285714285 0.05580357142857143 0.017857142857142856
0 0.5223214285714286 0.12053571428571429 0.024553571428571428 0.017857142857142856
0 0.578125 0.14732142857142858 0.03794642857142857 0.015625
0 0.6071428571428571 0.18973214285714285 0.022321428571428572 0.020089285714285716
0 0.6450892857142857 0.19866071428571427 0.029017857142857144 0.020089285714285716
0 0.6607142857142857 0.14732142857142858 0.024553571428571428 0.017857142857142856
0 0.6316964285714286 0.09821428571428571 0.022321428571428572 0.020089285714285716
0 0.7008928571428571 0.16517857142857142 0.029017857142857144 0.022321428571428572
0 0.8058035714285714 0.15401785714285715 0.022321428571428572 0.020089285714285716
0 0.8303571428571429 0.12946428571428573 0.020089285714285716 0.017857142857142856
0 0.8169642857142857 0.10044642857142858 0.022321428571428572 0.017857142857142856
0 0.8705357142857143 0.10267857142857142 0.029017857142857144 0.022321428571428572
0 0.9642857142857143 0.18303571428571427 0.026785714285714284 0.020089285714285716