0 0.20089285714285715 0.265625 0.03125 0.024553571428571428
0 0.18526785714285715 0.07366071428571429 0.026785714285714284 0.024553571428571428
0 0.37276785714285715 0.060267857142857144 0.026785714285714284 0.024553571428571428
0 0.4799107142857143 0.09598214285714286 0.033482142857142856 0.024553571428571428
0 0.5513392857142857 0.14285714285714285 0.04017857142857143 0.020089285714285716
0 0.53125 0.17410714285714285 0.03125 0.017857142857142856
0 0.6919642857142857 0.21205357142857142 0.033482142857142856 0.026785714285714284
0 0.6584821428571429 0.12946428571428573 0.026785714285714284 0.024553571428571428
0 0.7700892857142857 0.12276785714285714 0.049107142857142856 0.022321428571428572
0 0.9040178571428571 0.15848214285714285 0.022321428571428572 0.026785714285714284
0 0.9821428571428571 0.14508928571428573 0.026785714285714284 0.026785714285714284
0 0.9419642857142857 0.11607142857142858 0.033482142857142856 0.022321428571428572
0 0.7254464285714286 0.20982142857142858 0.022321428571428572 0.029017857142857144