0 0.060267857142857144 0.08482142857142858 0.020089285714285716 0.024553571428571428
0 0.23214285714285715 0.19866071428571427 0.029017857142857144 0.020089285714285716
0 0.33705357142857145 0.21651785714285715 0.04017857142857143 0.024553571428571428
0 0.41964285714285715 0.19419642857142858 0.029017857142857144 0.022321428571428572
0 0.40625 0.14732142857142858 0.029017857142857144 0.044642857142857144
0 0.6852678571428571 0.14732142857142858 0.024553571428571428 0.03125
0 0.625 0.203125 0.026785714285714284 0.024553571428571428
0 0.5424107142857143 0.22544642857142858 0.026785714285714284 0.017857142857142856
0 0.8191964285714286 0.10491071428571429 0.029017857142857144 0.022321428571428572
0 0.9397321428571429 0.16741071428571427 0.029017857142857144 0.024553571428571428
0 0.9464285714285714 0.13169642857142858 0.029017857142857144 0.022321428571428572