0 0.8080357142857143 0.10714285714285714 0.017857142857142856 0.022321428571428572
0 0.8147321428571429 0.20089285714285715 0.03125 0.020089285714285716
0 0.6941964285714286 0.22098214285714285 0.03125 0.024553571428571428
0 0.5290178571428571 0.2544642857142857 0.029017857142857144 0.020089285714285716
0 0.49107142857142855 0.22544642857142858 0.026785714285714284 0.020089285714285716
0 0.5647321428571429 0.16741071428571427 0.020089285714285716 0.024553571428571428
0 0.45982142857142855 0.14508928571428573 0.026785714285714284 0.020089285714285716
0 0.41294642857142855 0.16964285714285715 0.033482142857142856 0.022321428571428572
0 0.3549107142857143 0.19866071428571427 0.03125 0.022321428571428572
0 0.31919642857142855 0.16964285714285715 0.022321428571428572 0.022321428571428572
0 0.22991071428571427 0.171875 0.024553571428571428 0.020089285714285716
0 0.140625 0.22098214285714285 0.024553571428571428 0.026785714285714284
0 0.14285714285714285 0.19866071428571427 0.033482142857142856 0.022321428571428572
0 0.12053571428571429 0.15848214285714285 0.024553571428571428 0.022321428571428572
0 0.08035714285714286 0.16517857142857142 0.020089285714285716 0.024553571428571428
0 0.03571428571428571 0.171875 0.026785714285714284 0.022321428571428572