0 0.006696428571428571 0.10491071428571429 0.006696428571428571 0.022321428571428572
0 0.16071428571428573 0.14955357142857142 0.022321428571428572 0.024553571428571428
0 0.18080357142857142 0.09821428571428571 0.024553571428571428 0.024553571428571428
0 0.049107142857142856 0.20535714285714285 0.03794642857142857 0.024553571428571428
0 0.3236607142857143 0.140625 0.022321428571428572 0.022321428571428572
0 0.44419642857142855 0.20758928571428573 0.024553571428571428 0.029017857142857144
0 0.5290178571428571 0.125 0.03571428571428571 0.026785714285714284
0 0.6004464285714286 0.20535714285714285 0.03125 0.020089285714285716
0 0.7142857142857143 0.17410714285714285 0.024553571428571428 0.022321428571428572
0 0.6584821428571429 0.11383928571428571 0.029017857142857144 0.026785714285714284
0 0.9888392857142857 0.22544642857142858 0.013392857142857142 0.04017857142857143