0 0.9107142857142857 0.109375 0.03125 0.022321428571428572
0 0.7924107142857143 0.13169642857142858 0.044642857142857144 0.026785714285714284
0 0.7008928571428571 0.10491071428571429 0.033482142857142856 0.024553571428571428
0 0.7165178571428571 0.05357142857142857 0.033482142857142856 0.05133928571428571
0 0.4017857142857143 0.05357142857142857 0.029017857142857144 0.03571428571428571
0 0.46875 0.11607142857142858 0.03125 0.029017857142857144
0 0.5602678571428571 0.13839285714285715 0.029017857142857144 0.020089285714285716
0 0.25223214285714285 0.011160714285714286 0.04017857142857143 0.022321428571428572
0 0.11383928571428571 0.07589285714285714 0.033482142857142856 0.026785714285714284
0 0.10714285714285714 0.03571428571428571 0.033482142857142856 0.024553571428571428
0 0.026785714285714284 0.017857142857142856 0.03125 0.029017857142857144