0 0.13392857142857142 0.11383928571428571 0.020089285714285716 0.017857142857142856
0 0.15625 0.19642857142857142 0.033482142857142856 0.020089285714285716
0 0.22991071428571427 0.18080357142857142 0.033482142857142856 0.022321428571428572
0 0.359375 0.16964285714285715 0.03794642857142857 0.022321428571428572
0 0.41517857142857145 0.078125 0.020089285714285716 0.020089285714285716
0 0.47544642857142855 0.08258928571428571 0.022321428571428572 0.020089285714285716
0 0.4732142857142857 0.19866071428571427 0.03125 0.020089285714285716
0 0.515625 0.10267857142857142 0.022321428571428572 0.017857142857142856
0 0.8459821428571429 0.07366071428571429 0.017857142857142856 0.020089285714285716
0 0.7857142857142857 0.12723214285714285 0.024553571428571428 0.017857142857142856
0 0.8928571428571429 0.16071428571428573 0.024553571428571428 0.022321428571428572
0 0.8794642857142857 0.12053571428571429 0.024553571428571428 0.024553571428571428
0 0.9129464285714286 0.09375 0.022321428571428572 0.017857142857142856
0 0.9419642857142857 0.14732142857142858 0.022321428571428572 0.024553571428571428
0 0.9352678571428571 0.10714285714285714 0.03571428571428571 0.026785714285714284