0 0.984375 0.14955357142857142 0.026785714285714284 0.020089285714285716
0 0.8035714285714286 0.13839285714285715 0.024553571428571428 0.020089285714285716
0 0.7522321428571429 0.13169642857142858 0.033482142857142856 0.020089285714285716
0 0.7388392857142857 0.26339285714285715 0.033482142857142856 0.022321428571428572
0 0.5357142857142857 0.109375 0.029017857142857144 0.026785714285714284
0 0.49776785714285715 0.13392857142857142 0.022321428571428572 0.017857142857142856
0 0.49107142857142855 0.15401785714285715 0.029017857142857144 0.022321428571428572
0 0.4419642857142857 0.22098214285714285 0.03794642857142857 0.020089285714285716
0 0.45535714285714285 0.17857142857142858 0.029017857142857144 0.020089285714285716
0 0.34375 0.1875 0.024553571428571428 0.029017857142857144
0 0.34151785714285715 0.14955357142857142 0.022321428571428572 0.020089285714285716
0 0.26339285714285715 0.18303571428571427 0.03794642857142857 0.03125
0 0.16294642857142858 0.13392857142857142 0.026785714285714284 0.022321428571428572