0 0.9821428571428571 0.26339285714285715 0.029017857142857144 0.020089285714285716
0 0.9776785714285714 0.35267857142857145 0.03571428571428571 0.026785714285714284
0 0.9375 0.09151785714285714 0.029017857142857144 0.022321428571428572
0 0.8415178571428571 0.08705357142857142 0.024553571428571428 0.020089285714285716
0 0.8013392857142857 0.11383928571428571 0.022321428571428572 0.022321428571428572
0 0.8102678571428571 0.14955357142857142 0.029017857142857144 0.020089285714285716
0 0.6316964285714286 0.109375 0.024553571428571428 0.020089285714285716
0 0.22321428571428573 0.11160714285714286 0.026785714285714284 0.022321428571428572
0 0.21875 0.15178571428571427 0.026785714285714284 0.024553571428571428
0 0.25669642857142855 0.203125 0.026785714285714284 0.020089285714285716
0 0.125 0.13616071428571427 0.03571428571428571 0.020089285714285716
0 0.020089285714285716 0.11607142857142858 0.029017857142857144 0.017857142857142856
0 0.04017857142857143 0.18526785714285715 0.033482142857142856 0.022321428571428572
0 0.13616071428571427 0.18526785714285715 0.03794642857142857 0.029017857142857144