0 0.14285714285714285 0.1875 0.03571428571428571 0.024553571428571428
0 0.015625 0.22544642857142858 0.024553571428571428 0.024553571428571428
0 0.05803571428571429 0.29464285714285715 0.03794642857142857 0.020089285714285716
0 0.024553571428571428 0.060267857142857144 0.033482142857142856 0.020089285714285716
0 0.19642857142857142 0.06473214285714286 0.022321428571428572 0.017857142857142856
0 0.38169642857142855 0.06696428571428571 0.03125 0.026785714285714284
0 0.47544642857142855 0.16741071428571427 0.03571428571428571 0.020089285714285716
0 0.47098214285714285 0.08035714285714286 0.026785714285714284 0.020089285714285716
0 0.5513392857142857 0.10491071428571429 0.026785714285714284 0.020089285714285716
0 0.5758928571428571 0.078125 0.026785714285714284 0.020089285714285716
0 0.7790178571428571 0.11830357142857142 0.024553571428571428 0.022321428571428572
0 0.7388392857142857 0.12723214285714285 0.020089285714285716 0.017857142857142856
0 0.7678571428571429 0.14955357142857142 0.03571428571428571 0.017857142857142856
0 0.765625 0.18080357142857142 0.05133928571428571 0.020089285714285716
0 0.8415178571428571 0.19196428571428573 0.026785714285714284 0.026785714285714284
0 0.9553571428571429 0.10044642857142858 0.024553571428571428 0.020089285714285716