0 0.9933035714285714 0.125 0.006696428571428571 0.022321428571428572
0 0.7254464285714286 0.22544642857142858 0.026785714285714284 0.020089285714285716
0 0.78125 0.14955357142857142 0.024553571428571428 0.022321428571428572
0 0.7611607142857143 0.14732142857142858 0.024553571428571428 0.020089285714285716
0 0.6138392857142857 0.13169642857142858 0.024553571428571428 0.017857142857142856
0 0.546875 0.13169642857142858 0.024553571428571428 0.017857142857142856
0 0.5513392857142857 0.15625 0.022321428571428572 0.022321428571428572
0 0.5892857142857143 0.22544642857142858 0.022321428571428572 0.017857142857142856
0 0.5736607142857143 0.15178571428571427 0.020089285714285716 0.020089285714285716
0 0.08258928571428571 0.16964285714285715 0.026785714285714284 0.022321428571428572
0 0.11607142857142858 0.22767857142857142 0.026785714285714284 0.020089285714285716
0 0.24330357142857142 0.22767857142857142 0.024553571428571428 0.024553571428571428
0 0.28125 0.25892857142857145 0.029017857142857144 0.029017857142857144
0 0.38392857142857145 0.20982142857142858 0.026785714285714284 0.029017857142857144
0 0.4419642857142857 0.23660714285714285 0.024553571428571428 0.024553571428571428
0 0.2767857142857143 0.18973214285714285 0.022321428571428572 0.026785714285714284
0 0.3080357142857143 0.13616071428571427 0.022321428571428572 0.017857142857142856
0 0.3325892857142857 0.14285714285714285 0.024553571428571428 0.020089285714285716
0 0.38392857142857145 0.16294642857142858 0.026785714285714284 0.020089285714285716