0 0.11607142857142858 0.140625 0.020089285714285716 0.015625
0 0.14955357142857142 0.13392857142857142 0.03125 0.024553571428571428
0 0.21428571428571427 0.13839285714285715 0.024553571428571428 0.022321428571428572
0 0.25223214285714285 0.19866071428571427 0.022321428571428572 0.022321428571428572
0 0.24776785714285715 0.13839285714285715 0.017857142857142856 0.017857142857142856
0 0.33482142857142855 0.140625 0.020089285714285716 0.015625
0 0.5647321428571429 0.14508928571428573 0.022321428571428572 0.022321428571428572
0 0.6919642857142857 0.15625 0.022321428571428572 0.024553571428571428
0 0.7165178571428571 0.14508928571428573 0.024553571428571428 0.022321428571428572
0 0.8995535714285714 0.19642857142857142 0.024553571428571428 0.022321428571428572
0 0.9709821428571429 0.15625 0.020089285714285716 0.017857142857142856